coverage		internal		external		size		score		f1
0.5890804597701149	2.4312744466285148	1.2927007287644467	9	4.313055635163076	0.3193750541478936
0.3649425287356322	2.394605577398035	1.3127405148916031	8	4.072288621025271	0.3094992989128609
0.5890804597701149	2.4867071674067867	1.3127897620288704	8	4.388577389205772	0.29407954461203234
0.3649425287356322	2.4527188483974203	1.3515836393300247	7	4.169245016463077	0.27917932298115766
0.5459770114942529	2.505087046472232	1.2704539558240597	8	4.321518013790545	0.31581867504681504
0.3218390804597701	2.473724424472215	1.2932389137635492	7	4.0888024186955345	0.30402404347805223
0.5459770114942529	2.5789833844822168	1.2911330148768196	7	4.416093410853289	0.2864014671342482
0.3218390804597701	2.5547097151505276	1.3403156430700929	6	4.216864438680391	0.26773819565193036
0.5172413793103449	2.4109806699384664	1.2879496878509191	8	4.21617173709973	0.3367686459934458
0.29022988505747127	2.3661742798621965	1.308911418730569	7	3.965315583650237	0.3279668674170588
0.5172413793103449	2.4714332398721983	1.3188395658123497	7	4.307514184994893	0.3103442910732548
0.29022988505747127	2.4292345464388396	1.3683876215501922	6	4.087852053046503	0.2956714902474381
0.47413793103448276	2.4924388159469935	1.2612818511346529	7	4.2278585981161285	0.33518901157014924
0.2471264367816092	2.4537410518594336	1.2851510434573306	6	3.9860185320983734	0.32465699749381505
0.47413793103448276	2.5765431718711027	1.2960102629408374	6	4.346691365846423	0.30409732509271026
0.2471264367816092	2.546926726150853	1.3636135629822135	5	4.157666725914676	0.2852405709056215
0.5574712643678161	2.3957347150126993	1.2807618664762466	8	4.233967845856762	0.3523524914719356
0.32471264367816094	2.348750331375606	1.3012879200482899	7	3.9747508951020567	0.3457769765353331
0.5574712643678161	2.4540092913856077	1.30916179410028	7	4.320642349853704	0.32815440019152897
0.32471264367816094	2.4089066065378173	1.3575831095641595	6	4.091202359780137	0.3164499508854247
0.514367816091954	2.4750148674604024	1.252392697118356	7	4.241775380670712	0.3529991206884233
0.28160919540229884	2.433413111958411	1.27545059624538	6	3.9904729036060895	0.34543545813180154
0.514367816091954	2.55621523197008	1.28343383348718	6	4.354016881549214	0.32487578573069686
0.28160919540229884	2.5225331982696253	1.3488654714180242	5	4.153007865089949	0.31017472367120535
0.47413793103448276	2.3674647228503845	1.2641141472902817	7	4.105716801175149	0.3344582844967111
0.23850574712643677	2.307937943246723	1.281143433656433	6	3.8275871240295922	0.32380448257480376
0.47413793103448276	2.430740063258392	1.3059743352541473	6	4.210852329547022	0.3032448101736991
0.23850574712643677	2.3719629958155997	1.3666004348240104	5	3.9770691777660465	0.28421755300280815
0.43103448275862066	2.455246568678986	1.2249436371796583	6	4.1112246886172645	0.332230317420076
0.19540229885057472	2.401370802320313	1.2410707213961483	5	3.8378438225670357	0.31900016169846035
0.43103448275862066	2.5487333463343154	1.2737567941462402	5	4.253524623239176	0.2943285548171347
0.19540229885057472	2.504760332799806	1.3632925842343884	4	4.063455215884769	0.26831541951437976
0.5689655172413793	2.4806209523752982	1.2763553332763387	8	4.325941802893016	0.346139041179538
0.34195402298850575	2.445763174075719	1.295428404757266	7	4.0831456018214904	0.33867589048687863
0.5689655172413793	2.551022134085721	1.303351161542503	7	4.423338812869604	0.3210533141430745
0.34195402298850575	2.522088256354616	1.3494704312156665	6	4.213512710558788	0.30816535049556126
0.5258620689655172	2.5720277101605156	1.2466286558842419	7	4.344518435010275	0.34589803463996893
0.2988505747126437	2.5465947617752103	1.2674031457500143	6	4.112848482237868	0.3371508577419381
0.5258620689655172	2.6693968817868785	1.275454818818361	6	4.470713769570757	0.3165911853408333
0.2988505747126437	2.6583511780497835	1.336930260263387	5	4.2941320130258145	0.3002332032033691
0.49712643678160917	2.464477565550498	1.2662931563770263	7	4.227897158709133	0.36984085857897575
0.2672413793103448	2.4211195930635223	1.2842162536102701	6	3.9725772259841374	0.36508415233744584
0.49712643678160917	2.543921713075191	1.3091155910345302	6	4.350163740891331	0.34452447993634117
0.2672413793103448	2.5077809755957583	1.3713456293431765	5	4.146367984249279	0.33375315671797856
0.4540229885057471	2.5684282184957845	1.228150120813169	6	4.250601327814701	0.373509987182718
0.22413793103448276	2.537188782100471	1.245913757695006	5	4.007240470829959	0.36853576541363064
0.4540229885057471	2.684551326114474	1.278702484184917	5	4.417276798805139	0.343864158532305
0.22413793103448276	2.6745328075250043	1.371590919046502	4	4.270261657605989	0.33023492415834266
0.5373563218390804	2.447053617063907	1.2572578758552022	7	4.241667814758189	0.3876509676972498
0.3017241379310345	2.4007916531624995	1.2743112292905812	6	3.976827020384115	0.38586261297543245
0.5373563218390804	2.523593773174168	1.2963345844731349	6	4.3572846794863835	0.36530294057432766
0.3017241379310345	2.4833874477145317	1.35629067211738	5	4.141402257762946	0.3586873094835623
0.4942528735632184	2.5481002785947617	1.2164731790258554	6	4.258826331183836	0.3942884478207045
0.25862068965517243	2.512795254219244	1.2325148976303328	5	4.003930841504749	0.3934699181792145
0.4942528735632184	2.6601577982332465	1.2609896507576839	5	4.415400322554149	0.36879831129788887
0.25862068965517243	2.64404089767347	1.3489304510282751	4	4.251592038356918	0.36140261511532246
0.4540229885057471	2.4226251098830747	1.227754810172979	6	4.1044029085618	0.37265747226370693
0.21264367816091953	2.3622250517652184	1.233361555106553	5	3.808230285032691	0.3675127475108174
0.4540229885057471	2.509587595779221	1.2871078047677749	5	4.250718389052743	0.3428411406294918
0.21264367816091953	2.4558281446059382	1.3656677256376535	4	4.034139548404511	0.32895615177982607
0.4109195402298851	2.538995402283934	1.1649847531471633	5	4.1148996956609825	0.37762374932514386
0.16954022988505746	2.4925879027368296	1.155489862409752	4	3.8176179950316387	0.37243441264939126
0.4109195402298851	2.676791082754333	1.2374664791009897	4	4.325177102085208	0.3415949040477342
0.16954022988505746	2.6608463101816593	1.3711751417567146	3	4.201561681823431	0.32266617338759407
0.5890804597701149	2.4867071674067867	1.3127897620288707	8	4.388577389205772	0.29407954461203234
0.3649425287356322	2.4527188483974203	1.3515836393300245	7	4.169245016463077	0.27917932298115766
0.5	2.557977808407422	1.2847143065760323	7	4.342692114983454	0.25522837443531443
0.27586206896551724	2.5302032097299336	1.3339852289930765	6	4.140050507688527	0.2313695875031746
0.5459770114942529	2.5789833844822168	1.2911330148768199	7	4.416093410853289	0.2864014671342482
0.3218390804597701	2.5547097151505276	1.3403156430700929	6	4.216864438680391	0.26773819565193036
0.4511494252873563	2.6775118351621963	1.243658390783517	6	4.37231965123307	0.23979542234844675
0.22701149425287356	2.6680891221001652	1.3051452103068264	5	4.200245826659865	0.20807828761250513
0.5172413793103449	2.4714332398721988	1.3188395658123497	7	4.3075141849948935	0.3103442910732548
0.29022988505747127	2.4292345464388396	1.3683876215501922	6	4.087852053046503	0.2956714902474381
0.4281609195402299	2.5520366664505083	1.2885780336195303	6	4.268775619610269	0.2677287169439545
0.20114942528735633	2.5175189196461396	1.3564488853163812	5	4.0751172302498775	0.2415982411271146
0.47413793103448276	2.5765431718711027	1.2960102629408372	6	4.346691365846422	0.30409732509271026
0.2471264367816092	2.546926726150853	1.3636135629822135	5	4.157666725914676	0.2852405709056215
0.3793103448275862	2.6942892701648553	1.2393389014397413	5	4.312938516432183	0.25170924294144104
0.15229885057471265	2.6867052375879803	1.3325009346307177	4	4.1715050227934105	0.21504127966976272
0.5574712643678161	2.4540092913856077	1.3091617941002798	7	4.320642349853704	0.32815440019152897
0.32471264367816094	2.4089066065378173	1.3575831095641595	6	4.091202359780137	0.3164499508854247
0.46839080459770116	2.531708726549486	1.2748975393917907	6	4.274997070538978	0.2885071775819411
0.23563218390804597	2.493125391764913	1.3400446965910688	5	4.068802272264028	0.26653239389269845
0.514367816091954	2.55621523197008	1.28343383348718	6	4.354016881549214	0.32487578573069686
0.28160919540229884	2.5225331982696253	1.3488654714180242	5	4.153007865089949	0.31017472367120535
0.41954022988505746	2.669895742283628	1.2202768365129923	5	4.309712808681677	0.2766433957070249
0.1867816091954023	2.656213327736447	1.307591747446631	4	4.150586684378481	0.24620897062674252
0.47413793103448276	2.430740063258392	1.3059743352541469	6	4.210852329547022	0.3032448101736991
0.23850574712643677	2.3719629958155997	1.3666004348240104	5	3.9770691777660465	0.28421755300280815
0.3850574712643678	2.5193255398296026	1.2632832964528489	5	4.167666307546819	0.2506862250386278
0.14942528735632185	2.468000574668915	1.352476198605619	4	3.969902060630856	0.21376250729124613
0.43103448275862066	2.5487333463343154	1.2737567941462402	5	4.253524623239176	0.2943285548171347
0.19540229885057472	2.504760332799806	1.3632925842343884	4	4.063455215884769	0.26831541951437976
0.33620689655172414	2.688963512817309	1.1834968875383205	4	4.208667296907354	0.22640125955915424
0.10057471264367816	2.6770762169322944	1.3162679322837258	3	4.093918861859699	0.16907464740282085
0.5689655172413793	2.551022134085721	1.3033511615425033	7	4.423338812869604	0.3210533141430745
0.34195402298850575	2.522088256354616	1.3494704312156662	6	4.2135127105587875	0.30816535049556126
0.47988505747126436	2.6448903763662845	1.266853296869844	6	4.391628730707393	0.28022257719207744
0.25287356321839083	2.628943371545071	1.32801164365674	5	4.209828578420202	0.2565908734248621
0.5258620689655172	2.6693968817868785	1.2754548188183608	6	4.470713769570756	0.3165911853408333
0.2988505747126437	2.6583511780497835	1.336930260263387	5	4.2941320130258145	0.3002332032033691
0.43103448275862066	2.8057137220637864	1.2084442790981744	5	4.445192483920581	0.26670187523918865
0.20402298850574713	2.825985802461645	1.2879263365029197	4	4.317935127470312	0.23378207004194718
0.49712643678160917	2.543921713075191	1.3091155910345302	6	4.350163740891331	0.34452447993634117
0.2672413793103448	2.5077809755957583	1.3713456293431765	5	4.146367984249279	0.33375315671797856
0.40804597701149425	2.655143519609761	1.2681311447118346	5	4.33132064133309	0.300221828753798
0.1781609195402299	2.637773049394113	1.3606114637849132	4	4.176545432719256	0.2756820119352089
0.4540229885057471	2.684551326114474	1.278702484184917	5	4.417276798805139	0.343864158532305
0.22413793103448276	2.6745328075250043	1.3715909190465023	4	4.270261657605989	0.33023492415834266
0.35919540229885055	2.8587359875425076	1.1919663119168002	4	4.409897701758158	0.28832076420311714
0.12931034482758622	2.9034395165658924	1.333317817202656	3	4.366067678596135	0.25163398692810457
0.5373563218390804	2.523593773174168	1.2963345844731342	6	4.3572846794863835	0.36530294057432766
0.3017241379310345	2.4833874477145317	1.35629067211738	5	4.141402257762946	0.3586873094835623
0.4482758620689655	2.630749991728534	1.248762214123478	5	4.327788067920978	0.32515598151938185
0.21264367816091953	2.6072811395425797	1.3351908338314808	4	4.15511565153498	0.3068497028921887
0.4942528735632184	2.6601577982332465	1.2609896507576839	5	4.415400322554149	0.36879831129788887
0.25862068965517243	2.64404089767347	1.3489304510282751	4	4.251592038356918	0.36140261511532246
0.3994252873563218	2.8282440776909734	1.1621158882943063	4	4.389785253341602	0.31948845516009694
0.16379310344827586	2.8627836367638473	1.287338812011992	3	4.313915552224115	0.29319090820407767
0.4540229885057471	2.509587595779221	1.2871078047677749	5	4.250718389052743	0.3428411406294918
0.21264367816091953	2.4558281446059382	1.3656677256376533	4	4.034139548404511	0.32895615177982607
0.3649425287356322	2.6400313246234415	1.2209723237934693	4	4.225946177152543	0.28704199182460044
0.1235632183908046	2.6118332993404714	1.3514657188621035	3	4.0868622365933795	0.24992895709008245
0.4109195402298851	2.676791082754333	1.2374664791009897	4	4.325177102085208	0.3415949040477342
0.16954022988505746	2.6608463101816593	1.3711751417567146	3	4.201561681823431	0.32266617338759407
0.3160919540229885	2.906450550204997	1.0665834059134156	3	4.289125910141401	0.26678062678062675
0.07471264367816093	2.997363125071319	1.2941116760817746	2	4.3661874448312545	0.2009803921568628
0.5890804597701149	2.284967523065752	1.2854958167666681	8	4.159543799602535	0.3426302692497136
0.34770114942528735	2.2221592548648093	1.2929109914070689	7	3.8627713956971657	0.3299039606623173
0.5890804597701149	2.327418214874811	1.3156044938146938	7	4.23210316845962	0.317043289080418
0.34770114942528735	2.261217017275221	1.3460384818578432	6	3.954956648558352	0.29793143236690633
0.5459770114942529	2.3484237909496057	1.2586177008201822	7	4.1530185032640405	0.34188800957731225
0.3045977011494253	2.2857235226958146	1.263601194121441	6	3.8539224179666807	0.32691693961328294
0.5459770114942529	2.4085256427074833	1.2923319110611293	6	4.246834565262866	0.3119128227677339
0.3045977011494253	2.34530569115451	1.331365976819205	5	3.9812693691231402	0.2879525014489831
0.5172413793103449	2.2408736463395877	1.2801717275061395	7	4.038286753156072	0.36583083351631895
0.27298850574712646	2.1602483539841266	1.2830596386521382	6	3.7162964983833913	0.3548502342087908
0.5172413793103449	2.2830504739957953	1.3286380199477408	6	4.128929873253881	0.33984611736324166
0.27298850574712646	2.194735488700484	1.3697493509046574	5	3.8374733453522683	0.32147245496359245
0.47413793103448276	2.3075569794163897	1.2473025474556287	6	4.028997457906501	0.3688316246096185
0.22988505747126436	2.2241432952051974	1.2437624758503607	5	3.6977908285268226	0.35625506365924464
0.47413793103448276	2.3715058392192	1.307569768147285	5	4.153213538400967	0.3382501234445857
0.22988505747126436	2.283225948905912	1.3682365226365576	4	3.881347529013734	0.3148840469653601
0.5574712643678161	2.2234496978529967	1.2704258082884212	7	4.051346770509234	0.38364094263459314
0.3074712643678161	2.1399204140831043	1.2721597201581973	6	3.7195513986091178	0.3756286948467774
0.5574712643678161	2.2627225340947734	1.3148621192120933	6	4.135055917674682	0.36062457800122816
0.3074712643678161	2.1703419608192576	1.3532020524174833	5	3.831015277604557	0.3464066077291763
0.514367816091954	2.287229039515367	1.2346307114940633	6	4.036227567101385	0.3896100852476051
0.26436781609195403	2.19974976732397	1.22887127452431	5	3.692988857940234	0.3811892164248285
0.514367816091954	2.3471123113379724	1.2883645934586743	5	4.1498447208886	0.3631842762101696
0.26436781609195403	2.2527340390543777	1.3430888191827013	4	3.860190674329033	0.3460517379223399
0.47413793103448276	2.161753870803679	1.2485576793116286	6	3.8844494811497903	0.36797910969060743
0.22126436781609196	2.0491795648699447	1.2336859370061932	5	3.50412986969223	0.3552320457564313
0.47413793103448276	2.196542108883947	1.3184507524744284	5	3.9891307923928583	0.3372271055417724
0.22126436781609196	2.064521285986846	1.3664394354681846	4	3.6522250892711225	0.3136052745868435
0.43103448275862066	2.22594991538866	1.1957726974476905	5	3.852757095594971	0.37200971423742457
0.1781609195402299	2.101281044117737	1.1553365665634059	4	3.434778530221373	0.3570835354564087
0.43103448275862066	2.2854842241352404	1.2890107929329992	4	4.00552949982686	0.33457736018808504
0.1781609195402299	2.1391038320228692	1.3713306967262835	3	3.688595448289383	0.302198337130284
0.5689655172413793	2.32046254055311	1.2644444431179167	7	4.1538725009124065	0.37653985658613875
0.32471264367816094	2.253102063899903	1.2638080161518854	6	3.841622723729949	0.36734409445691385
0.5689655172413793	2.375904183911572	1.3065788510323277	6	4.251448552185279	0.3523399776113647
0.32471264367816094	2.3061599405994158	1.3408104609964262	5	3.971683045274003	0.33646508726134006
0.5258620689655172	2.4004106893321655	1.2264126711674257	6	4.152685429465109	0.38132548485774154
0.28160919540229884	2.335567747104129	1.2165775248829442	5	3.833754467389372	0.37124769595699225
0.5258620689655172	2.482930291118131	1.2761734975571282	5	4.284965857640777	0.3532427557423333
0.28160919540229884	2.422506513779576	1.322825844094443	4	4.026941553276318	0.33362483733754467
0.49712643678160917	2.274935520620478	1.251459909434193	6	4.02352186683628	0.4092587794532494
0.25	2.1849975446501033	1.238072593038631	5	3.6730701376887342	0.4047676494716017
0.49712643678160917	2.332360088664106	1.3229400622466856	5	4.152426587692401	0.3867627092569428
0.25	2.234293760712044	1.3739771365029319	4	3.858270897214976	0.3755247792308064
0.4540229885057471	2.3617678951688186	1.2003598489996394	5	4.016150732674205	0.42154531795259487
0.20689655172413793	2.271053518842935	1.1630373372309728	4	3.640987407798046	0.4190030401003716
0.4540229885057471	2.4552566988604383	1.296882653166932	4	4.206162340533117	0.39649686483204793
0.20689655172413793	2.365467131656467	1.3871854533561203	3	3.959549136736725	0.3847576766555679
0.5373563218390804	2.254607580719455	1.2385834963648894	6	4.030547398923424	0.4300372400912359
0.28448275862068967	2.1606040167688763	1.2228745260509728	5	3.6679613014405383	0.42970180223718546
0.5373563218390804	2.3079665607828788	1.3034280218964676	5	4.148750904518426	0.41169686202252653
0.28448275862068967	2.2038018508605104	1.34831799027973	4	3.83660259976093	0.4066924701877862
0.4942528735632184	2.337374367287591	1.1825039058105444	5	4.014131146661354	0.44647947071817873
0.2413793103448276	2.2405616089914013	1.1401383529429763	4	3.622079272279205	0.4501707310573514
0.4942528735632184	2.4247647890089046	1.2667937132746685	4	4.185811375846791	0.42766455578902773
0.2413793103448276	2.3248112518544217	1.3407294156259166	3	3.906919977825166	0.4263145979315409
0.4540229885057471	2.1868041648335663	1.195701758896533	5	3.8365289122358464	0.42052230004978164
0.19540229885057472	2.0523488559238694	1.13534179267885	4	3.383092947453294	0.417724267721855
0.4540229885057471	2.2365520359413726	1.304116313900327	4	3.9946913383474465	0.39521809245353134
0.19540229885057472	2.073860914431046	1.3617886527290193	3	3.6310518660106395	0.3830526468175458
0.4109195402298851	2.2733117940722636	1.0986912146742995	4	3.7829225489764484	0.43869635332309653
0.15229885057471265	2.1228739252722337	0.9376595665565346	3	3.212832342403481	0.44102366131029935
0.4109195402298851	2.3684781652955715	1.2600076768445574	3	4.039405382370014	0.4110154276192012
0.15229885057471265	2.190404547707181	1.406489349834802	2	3.7491927481166956	0.4006659267480577
0.5890804597701149	2.327418214874811	1.315604493814694	7	4.23210316845962	0.317043289080418
0.34770114942528735	2.261217017275221	1.3460384818578432	6	3.954956648558352	0.29793143236690633
0.5	2.3840191372868897	1.2841003913833633	6	4.168119528670253	0.27554421461897805
0.25862068965517243	2.3158978846497975	1.3230023636186843	5	3.8975209379236544	0.24431017167047608
0.5459770114942529	2.4085256427074833	1.2923319110611293	6	4.246834565262866	0.3119128227677339
0.3045977011494253	2.34530569115451	1.3313659768192048	5	3.9812693691231402	0.2879525014489831
0.4511494252873563	2.4926682351685123	1.2338985614610054	5	4.177716221916874	0.26108784015146935
0.20977011494252873	2.4346789438425525	1.278883604093747	4	3.923332662878828	0.21843119284896473
0.5172413793103449	2.283050473995796	1.3286380199477406	6	4.128929873253881	0.33984611736324166
0.27298850574712646	2.194735488700484	1.3697493509046574	5	3.8374733453522683	0.32147245496359245
0.4281609195402299	2.3420980327144867	1.2975534320803288	5	4.0678123843350456	0.2946077936660788
0.1839080459770115	2.2464661907750205	1.3581820730518455	4	3.7885563098038775	0.26033113474222647
0.47413793103448276	2.3715058392192	1.3075697681472849	5	4.153213538400967	0.3382501234445857
0.22988505747126436	2.283225948905912	1.3682365226365576	4	3.881347529013734	0.3148840469653601
0.3793103448275862	2.467429128923415	1.240309525185211	4	4.087048998936212	0.281303220343468
0.13505747126436782	2.3816970384071023	1.3270711710450283	3	3.843825680716498	0.2311661506707946
0.5574712643678161	2.2627225340947734	1.3148621192120933	6	4.135055917674682	0.36062457800122816
0.3074712643678161	2.1703419608192576	1.353202052417483	5	3.831015277604557	0.3464066077291763
0.46839080459770116	2.31770450483326	1.2766921602305945	5	4.062787469661556	0.31954194643166267
0.21839080459770116	2.2159742809234872	1.3302742076627838	4	3.764639293183972	0.29149882569920627
0.514367816091954	2.3471123113379724	1.2883645934586743	5	4.1498447208886	0.3631842762101696
0.26436781609195403	2.2527340390543777	1.343088819182701	4	3.860190674329033	0.3460517379223399
0.41954022988505746	2.436937219071881	1.207971866127088	4	4.064449315084026	0.3124709113004478
0.16954022988505746	2.3410411586050572	1.2761176949831052	3	3.78669908347322	0.2727230719467677
0.47413793103448276	2.196542108883947	1.3184507524744284	5	3.9891307923928583	0.3372271055417724
0.22126436781609196	2.064521285986846	1.3664394354681841	4	3.6522250892711217	0.3136052745868435
0.3850574712643678	2.248724466004349	1.2734416433023557	4	3.907223580571072	0.2800244479649514
0.13218390804597702	2.0900908211816813	1.3534712851854263	3	3.5757460144130846	0.22946112083277248
0.43103448275862066	2.2854842241352404	1.2890107929329992	4	4.00552949982686	0.33457736018808504
0.1781609195402299	2.1391038320228692	1.3713306967262835	3	3.688595448289383	0.302198337130284
0.33620689655172414	2.384708072046207	1.1701341802396958	3	3.8910491488376273	0.25742390163442785
0.08333333333333333	2.2147494078331342	1.2959647809772656	2	3.5940475221437334	0.1702786377708978
0.5689655172413793	2.375904183911572	1.3065788510323273	6	4.251448552185279	0.3523399776113647
0.32471264367816094	2.3061599405994158	1.3408104609964262	5	3.971683045274003	0.33646508726134006
0.47988505747126436	2.4535224846134183	1.264403222549357	5	4.19781076463404	0.3096004259638263
0.23563218390804597	2.385746755648685	1.3098481629417065	4	3.9312271024984375	0.2790719251144109
0.5258620689655172	2.482930291118131	1.2761734975571282	5	4.284965857640777	0.3532427557423333
0.28160919540229884	2.422506513779576	1.322825844094443	4	4.026941553276318	0.33362483733754467
0.43103448275862066	2.606709693797079	1.1878799806051956	4	4.225624157160895	0.30004401071565245
0.1867816091954023	2.567404458238655	1.2360449601012915	3	3.9902310275353488	0.2561538711670407
0.49712643678160917	2.332360088664106	1.3229400622466858	5	4.152426587692401	0.3867627092569428
0.25	2.234293760712044	1.3739771365029319	4	3.858270897214976	0.3755247792308064
0.40804597701149425	2.4184969407295474	1.2811504339034692	4	4.107693351644511	0.3419439526089142
0.16091954022988506	2.316454120815279	1.368999902549625	3	3.846373563594789	0.3120204603580564
0.4540229885057471	2.4552566988604383	1.2968826531669317	4	4.206162340533117	0.39649686483204793
0.20689655172413793	2.365467131656467	1.3871854533561203	3	3.959549136736725	0.3847576766555679
0.35919540229885055	2.6110713716798046	1.186331116002264	3	4.156597889980919	0.3399832411597118
0.11206896551724138	2.5542943572835304	1.344888696750884	2	4.011252019551656	0.2941176470588236
0.5373563218390804	2.3079665607828788	1.3034280218964673	5	4.148750904518426	0.41169686202252653
0.28448275862068967	2.2038018508605104	1.3483179902797298	4	3.83660259976093	0.4066924701877862
0.4482758620689655	2.3880050308780136	1.2483013320760006	4	4.084582225022979	0.373111643565894
0.19540229885057472	2.275798241013234	1.3170235409490105	3	3.788224080812819	0.3535773816340294
0.4942528735632184	2.424764789008904	1.2667937132746685	4	4.185811375846791	0.42766455578902773
0.2413793103448276	2.3248112518544217	1.3407294156259166	3	3.906919977825166	0.4263145979315409
0.3994252873563218	2.5704154918777595	1.1254951670635271	3	4.095335946297609	0.3815401624356848
0.14655172413793102	2.493310537580463	1.2035463760976426	2	3.8434086378160366	0.3564530289727832
0.4540229885057471	2.2365520359413726	1.304116313900327	4	3.9946913383474465	0.39521809245353134
0.19540229885057472	2.073860914431046	1.3617886527290193	3	3.6310518660106395	0.3830526468175458
0.3649425287356322	2.3194651544543836	1.230792725946199	3	3.915200409136215	0.33827821132168945
0.10632183908045977	2.116885031445399	1.3586811603010156	2	3.5818880308268746	0.2915601023017903
0.4109195402298851	2.3684781652955715	1.2600076768445574	3	4.039405382370014	0.4110154276192012
0.15229885057471265	2.190404547707181	1.406489349834802	2	3.7491927481166956	0.4006659267480577
0.3160919540229885	2.5588109077421874	0.9678987730215478	2	3.842801634786724	0.3335042735042735
0.05747126436781609	2.392996415012022	1.0	1	3.4504676793798383	0.23529411764705888
0.5632183908045977	2.4360592005805763	1.2949698597364405	8	4.294247451121614	0.34846360258304676
0.3218390804597701	2.394835457738894	1.3069791917660336	7	4.023653729964698	0.33284022288650505
0.5632183908045977	2.500094417748896	1.3279301201782592	7	4.391242928731753	0.3237099557470844
0.3218390804597701	2.462672587294987	1.3653049590591422	6	4.149816626813899	0.3013570716284587
0.5201149425287356	2.5210999938236904	1.2692057981178548	7	4.310420734470281	0.34855467624397896
0.27873563218390807	2.4871790927155804	1.2804351306304904	6	4.046349855529979	0.33034257887483565
0.5201149425287356	2.609981212727249	1.30672624397662	6	4.436822399232605	0.31969060054551157
0.27873563218390807	2.587052375178229	1.3559733766309028	5	4.22176138399304	0.29206326856284615
0.49137931034482757	2.413549849213673	1.285146070143983	7	4.190075229702483	0.37249750018298566
0.23850574712643677	2.3617039240038924	1.2920343186374272	6	3.8922439897677563	0.3434123257120588
0.49137931034482757	2.484506044015561	1.3351730963394701	6	4.311058450699859	0.34762389514101943
0.23850574712643677	2.436482172724203	1.3825678659307141	5	4.057555785781354	0.30774696476751395
0.4482758620689655	2.5090125494361555	1.2514050831551093	6	4.20869349466023	0.3766094023873964
0.1925287356321839	2.4658899792289164	1.2529321798380435	5	3.9113508946991438	0.34252957346316626
0.4482758620689655	2.613252523242919	1.313080066744629	5	4.374608452056513	0.347583456777919
0.1925287356321839	2.58540930393556	1.3824468543629014	4	4.160384893930646	0.2977271842202621
0.5316091954022989	2.396125900727082	1.2822928950088595	7	4.21002799113824	0.39030760930125985
0.28160919540229884	2.34137598410287	1.290784241859119	6	3.9137694213642877	0.3641907863500453
0.5316091954022989	2.464178104114539	1.3310470373194563	6	4.326834336836294	0.36840235577900604
0.28160919540229884	2.4120886448429766	1.380495330016989	5	4.074193170262264	0.3326811175330978
0.4885057471264368	2.4886846095351327	1.2483830889091767	6	4.225573445570746	0.39738786302538287
0.23850574712643677	2.441496451347689	1.2525157410854415	5	3.932517939559567	0.3674637262287501
0.4885057471264368	2.5888589953616914	1.308349654629467	5	4.385714397117595	0.3725176095435029
0.23850574712643677	2.5549173940840264	1.3814237551981268	4	4.17484689640859	0.3288948751772419
0.4482758620689655	2.3632094408234448	1.254450800202981	6	4.065936103095391	0.3757568874683852
0.1867816091954023	2.2909262488936633	1.2455415187816838	5	3.7232493768707497	0.3415065555603529
0.4482758620689655	2.4382887929076658	1.3266469288595801	5	4.213211583836211	0.3465604388751057
0.1867816091954023	2.3667046410164945	1.3851262301742076	4	3.9386124803861042	0.2964484118417454
0.4051724137931034	2.467696599412379	1.2003200627944683	5	4.0731890759999505	0.381343047570758
0.14080459770114942	2.4034643991473854	1.1679420095388064	4	3.7122110063873412	0.3399266727113107
0.4051724137931034	2.5876675791648887	1.2955172269245017	4	4.288357219882494	0.34624402685475175
0.14080459770114942	2.542014972062401	1.3943965661708295	3	4.07721613593438	0.27932252013682
0.5431034482758621	2.493138743427195	1.274087807134048	7	4.310329998837105	0.38320652325280535
0.2959770114942529	2.4545576339196686	1.2793193260667772	6	4.029853971480699	0.37076973371846644
0.5431034482758621	2.5773597539313378	1.3196505573536603	6	4.440113759560861	0.3601177553891425
0.2959770114942529	2.5479066246231348	1.3634339209168873	5	4.2073175570342745	0.3405758543752031
0.5	2.6018662593519313	1.237051836796509	6	4.33891809614844	0.3891032626355194
0.25287356321839083	2.5773144311278475	1.2355521737650315	5	4.06574016811127	0.3753584630708554
0.5	2.7246769751418496	1.2914887410488762	5	4.516165716190725	0.36257608907566674
0.25287356321839083	2.7246898688092243	1.3533777506447942	4	4.330941182672409	0.33876329622987356
0.47126436781609193	2.4763910906402438	1.2542398185395158	6	4.2018952769958515	0.41703655723102717
0.21264367816091953	2.426744228673822	1.2452583571350773	5	3.8846462639698185	0.3910421592755232
0.47126436781609193	2.5741067726878244	1.326466420952793	5	4.37183756145671	0.3960960425902761
0.21264367816091953	2.5364771157416923	1.3848809017438812	4	4.134001695646493	0.3583679164857083
0.4281609195402299	2.603514579192537	1.2002373966673725	5	4.231912895400139	0.4308786512859283
0.16666666666666666	2.5732368738725837	1.167859750741299	4	3.907763291280549	0.4018461773552736
0.4281609195402299	2.757440053890087	1.2956060576933601	4	4.481207031123677	0.40816353149871465
0.16666666666666666	2.768378271695998	1.3946852638705174	3	4.329730202233182	0.36188185966210396
0.5114942528735632	2.456063150739221	1.2510132471858446	6	4.218570650798629	0.4378150178690138
0.2557471264367816	2.402350700792595	1.2445350527208678	5	3.902632879950244	0.4159763120411071
0.5114942528735632	2.549713244806598	1.3214291431760237	5	4.382636640856185	0.42103019535585995
0.2557471264367816	2.505985205890159	1.3833463598097608	4	4.1450786921367015	0.3895356074426881
0.46839080459770116	2.57912105131131	1.1968562160517264	5	4.2443680719607375	0.45581280405151214
0.21264367816091953	2.5427449640210495	1.169085370742384	4	3.924474012924353	0.4330138683122534
0.46839080459770116	2.726948144038553	1.2896417220901781	4	4.484980670726432	0.43933122245569445
0.21264367816091953	2.7277223918939533	1.396478434718477	3	4.3368445047733495	0.40343878093807695
0.4281609195402299	2.428550848857285	1.198265184352074	5	4.0549769527495885	0.42985563338311494
0.15804597701149425	2.3545322109535176	1.144640669168856	4	3.657218857133868	0.4005674049767569
0.4281609195402299	2.538735390971021	1.307316181406435	4	4.274212491917686	0.40688475912019806
0.15804597701149425	2.4767720544705774	1.378241389202776	3	4.013059420684848	0.3601768298240817
0.3850574712643678	2.5754951491019122	1.095809730449784	4	4.056362350816064	0.45036301998976325
0.11206896551724138	2.5257850653117653	0.9419495995690449	3	3.5798036303980516	0.4181478443168354
0.3850574712643678	2.7713893053351026	1.2520996918892715	3	4.408546468488742	0.4265709831747567
0.11206896551724138	2.794771257766478	1.4129243993535674	2	4.319764622637287	0.3663522012578617
0.5632183908045977	2.500094417748896	1.327930120178259	7	4.391242928731753	0.3237099557470844
0.3218390804597701	2.462672587294987	1.3653049590591424	6	4.1498166268139	0.3013570716284587
0.47413793103448276	2.5854747073066555	1.300927264991103	6	4.360539903332241	0.2833219923967558
0.23275862068965517	2.557644568673516	1.3512585744687562	5	4.1416617638319275	0.24842093878433924
0.5201149425287356	2.609981212727249	1.3067262439766199	6	4.436822399232605	0.31969060054551157
0.27873563218390807	2.587052375178229	1.3559733766309026	5	4.221761383993039	0.29206326856284615
0.42528735632183906	2.7344149191922313	1.2548465558823643	5	4.414548831396434	0.27042117348480277
0.1839080459770115	2.736862298872201	1.3188234288601162	4	4.239593773709329	0.22356965174129362
0.49137931034482757	2.4845060440155615	1.3351730963394706	6	4.31105845069986	0.34762389514101943
0.23850574712643677	2.436482172724203	1.3825678659307141	5	4.057555785781354	0.30774696476751395
0.40229885057471265	2.5838447167382057	1.3067125417160468	5	4.292856109028965	0.3039411269994121
0.14942528735632185	2.548649545804669	1.3784737565088125	4	4.0765485896698035	0.2431742719971285
0.4482758620689655	2.613252523242919	1.3130800667446287	5	4.374608452056513	0.347583456777919
0.1925287356321839	2.58540930393556	1.3824468543629014	4	4.160384893930646	0.2977271842202621
0.35344827586206895	2.7696124839530634	1.248420847927657	4	4.37148160774279	0.2929698870101347
0.09770114942528736	2.7846081784466334	1.3533468179914607	3	4.2356561458633815	0.20829033367733063
0.5316091954022989	2.464178104114539	1.331047037319456	6	4.326834336836294	0.36840235577900604
0.28160919540229884	2.412088644842976	1.380495330016989	5	4.074193170262264	0.3326811175330978
0.4425287356321839	2.5594511888569786	1.3003260324397616	5	4.302305956928924	0.328875279764996
0.1925287356321839	2.5181576359531355	1.3746904954088324	4	4.085376866994151	0.2743419629541083
0.4885057471264368	2.5888589953616914	1.3083496546294668	5	4.385714397117595	0.3725176095435029
0.23850574712643677	2.5549173940840264	1.3814237551981268	4	4.17484689640859	0.3288948751772419
0.3936781609195402	2.7391205741015296	1.2402077931586155	4	4.373006528179685	0.3241375779671145
0.14367816091954022	2.7439522986445883	1.350642550507701	3	4.23827301007183	0.24984725495330373
0.4482758620689655	2.4382887929076658	1.3266469288595801	5	4.213211583836211	0.3465604388751057
0.1867816091954023	2.3667046410164945	1.385126230174208	4	3.938612480386105	0.2964484118417454
0.35919540229885055	2.5509078210339977	1.2860294290244814	4	4.1961326523573295	0.2916911146316181
0.09770114942528736	2.493001961221213	1.3886998580912184	3	3.979402968737719	0.2065853038393085
0.4051724137931034	2.5876675791648887	1.2955172269245017	4	4.288357219882494	0.34624402685475175
0.14080459770114942	2.542014972062401	1.3943965661708295	3	4.07721613593438	0.27932252013682
0.3103448275862069	2.787619212085738	1.1810020317164451	3	4.27896607138839	0.2729794571899835
0.04597701149425287	2.819116117892431	1.3587273397921371	2	4.223820469178821	0.13596491228070184
0.5431034482758621	2.5773597539313378	1.31965055735366	6	4.44011375956086	0.3601177553891425
0.2959770114942529	2.5479066246231348	1.3634339209168873	5	4.2073175570342745	0.3405758543752031
0.4540229885057471	2.6952691686371373	1.2833672770794793	5	4.432659434222364	0.3189337592971596
0.20689655172413793	2.6879301106783338	1.3464814212226808	4	4.241308083625152	0.2842103840067398
0.5	2.7246769751418496	1.2914887410488762	5	4.516165716190725	0.36257608907566674
0.25287356321839083	2.7246898688092243	1.3533777506447942	4	4.330941182672409	0.33876329622987356
0.4051724137931034	2.9088930488267275	1.2123328781716487	4	4.526398340791479	0.31171067738231917
0.15804597701149425	2.970315598278186	1.295003756695739	3	4.423365331985419	0.26300514969014577
0.47126436781609193	2.5741067726878244	1.326466420952793	5	4.37183756145671	0.3960960425902761
0.21264367816091953	2.5364771157416923	1.3848809017438815	4	4.134001695646493	0.3583679164857083
0.382183908045977	2.7206802957591956	1.2859551901605206	4	4.388819393965694	0.3536106192755809
0.1235632183908046	2.71936526085481	1.3886624165252683	3	4.231590895770883	0.2891446433645922
0.4281609195402299	2.757440053890087	1.29560605769336	4	4.4812070311236765	0.40816353149871465
0.16666666666666666	2.768378271695998	1.3946852638705174	3	4.329730202233182	0.36188185966210396
0.3333333333333333	3.0139825117193357	1.1816329085488648	3	4.528948753601534	0.35553879671526734
0.07183908045977011	3.1586610673428273	1.3609530787753097	2	4.591453226577907	0.2598039215686275
0.5114942528735632	2.549713244806598	1.3214291431760237	5	4.382636640856185	0.42103019535585995
0.2557471264367816	2.5059852058901586	1.3833463598097608	4	4.145078692136701	0.3895356074426881
0.4224137931034483	2.690188385907662	1.2772306926221335	4	4.389832871633244	0.3847783102325607
0.16666666666666666	2.6787093810527653	1.3849352635028171	3	4.230311311222249	0.3307015646405653
0.46839080459770116	2.726948144038553	1.2896417220901781	4	4.484980670726432	0.43933122245569445
0.21264367816091953	2.7277223918939533	1.396478434718477	3	4.3368445047733495	0.40343878093807695
0.3735632183908046	2.9733266319172906	1.169046168188291	3	4.515936018496387	0.39709571799124044
0.11781609195402298	3.0976772476397594	1.3643583838565585	2	4.579851723450341	0.3221393034825871
0.4281609195402299	2.538735390971021	1.307316181406435	4	4.274212491917686	0.40688475912019806
0.15804597701149425	2.4767720544705774	1.378241389202776	3	4.013059420684848	0.3601768298240817
0.3390804597701149	2.7223762944939147	1.2350474444521595	3	4.296504198716189	0.3538337668772451
0.06896551724137931	2.721251741504696	1.4016043202035204	2	4.191821578949596	0.25724637681159424
0.3850574712643678	2.7713893053351026	1.2520996918892715	3	4.408546468488742	0.4265709831747567
0.11206896551724138	2.794771257766478	1.4129243993535674	2	4.319764622637287	0.3663522012578617
0.29022988505747127	3.1631776178014843	0.9377397686369245	2	4.39114727149588	0.3568376068376069
0.017241379310344827	3.601729835130616	1.0	1	4.618971214440961	0.16666666666666674
0.5632183908045977	2.269534824216285	1.2861868753642258	7	4.1189400903851086	0.37443459342824403
0.3045977011494253	2.193686394840274	1.275671407050136	6	3.7739555030398355	0.3605358155898114
0.5632183908045977	2.3164885148519425	1.3366816822083614	6	4.216388587864902	0.34988383726048755
0.3045977011494253	2.2348611377278607	1.358100686390604	5	3.89755952526789	0.3282951526208172
0.5201149425287356	2.3409950202725365	1.253712959380459	6	4.114822922181731	0.3788693445068644
0.2614942528735632	2.2642689442325734	1.2296639358326218	5	3.7554271329387587	0.3630777613164693
0.5201149425287356	2.411631488246576	1.31661906892348	5	4.248365499698791	0.3502953873212806
0.2614942528735632	2.333383010190132	1.343795094088576	4	3.938672357152271	0.323412419036891
0.49137931034482757	2.215519851560849	1.273546277793908	6	3.9804454396995843	0.40680263910237213
0.22126436781609196	2.1136987417785478	1.2433381242083303	5	3.57830123380297	0.3787614575211372
0.49137931034482757	2.2610612857925503	1.3555647538330595	5	4.108005349970437	0.3838153408358901
0.22126436781609196	2.1451702571226	1.381911586863768	4	3.7483462118024597	0.34301703929272587
0.4482758620689655	2.2904690922972635	1.228780726141513	5	3.967525680507742	0.4185979495315423
0.1752873563218391	2.1819300152534913	1.163965430184309	4	3.5211828017596396	0.38649530016229106
0.4482758620689655	2.3661331952709945	1.343409346814725	4	4.157818404154685	0.3928126543057322
0.1752873563218391	2.2466357935372083	1.387358769418798	3	3.8092819192778453	0.3414140234047939
0.5316091954022989	2.195191911659826	1.2693248122659853	6	3.9961259193281102	0.42758109974035874
0.26436781609195403	2.089305213897321	1.2411224785327435	5	3.5947955085220187	0.4036956102867211
0.5316091954022989	2.2366677579113237	1.3490351347949128	5	4.117312088108536	0.40874949360147395
0.26436781609195403	2.1146783472710666	1.377889809494018	4	3.756935972857039	0.37418473024970567
0.4885057471264368	2.266075564416036	1.2239072042644896	5	3.978488515806962	0.44353210229712614
0.22126436781609196	2.151438105401957	1.1627038147497644	4	3.535406287967813	0.41766299111927085
0.4885057471264368	2.3356412854194604	1.334957775775914	4	4.1591048083218105	0.423980345262712
0.22126436781609196	2.205979913735163	1.3841774693954987	3	3.8114217509467534	0.382970944680767
0.4482758620689655	2.1155053619620103	1.2292841775705	5	3.7930654016014755	0.41757493162872894
0.16954022988505746	1.9632253523344254	1.1448724548523412	4	3.2776380370718243	0.38521652778377447
0.4482758620689655	2.1474285323519284	1.3592455767682754	4	3.954949971189169	0.3915338819272155
0.16954022988505746	1.9550295763117873	1.3791671072320073	3	3.5037369134288516	0.33970899356677176
0.4051724137931034	2.18418829048282	1.146814120134748	4	3.736174824410671	0.4350121427967808
0.1235632183908046	2.0040425871529752	0.9410253062445224	3	3.068631111788302	0.3976800080595254
0.4051724137931034	2.249646827176313	1.3545706179214598	3	4.009389858890876	0.40610314691744687
0.1235632183908046	2.012157540528293	1.4115379593667836	2	3.547258718285881	0.3356504468718967
0.5431034482758621	2.3083735614766248	1.2576893066423709	6	4.109166316394858	0.4192964993504952
0.27873563218390807	2.2251231936774793	1.2237025309459137	5	3.727561356807301	0.41159034712882636
0.5431034482758621	2.372485737691482	1.3317178409479025	5	4.247307026915246	0.3988079731336376
0.27873563218390807	2.2844508219962645	1.3490831711633195	4	3.912269625343492	0.3840531513023373
0.5	2.401893544196194	1.2066877521971704	5	4.108581296393364	0.4335905818292899
0.23563218390804597	2.3212105801271554	1.134060246051885	4	3.6909030100870863	0.4275314121719025
0.5	2.505413760144658	1.3064852966444003	4	4.311899056789058	0.41155344467791666
0.23563218390804597	2.432343213368761	1.3273435472944428	3	3.99531894457125	0.3961288394176091
0.47126436781609193	2.2513233417421694	1.2287451311769844	5	3.9513328407352457	0.46711053534389924
0.19540229885057472	2.1329978270596235	1.1440295622774677	4	3.472429688187666	0.44713603242773736
0.47126436781609193	2.3172010070771267	1.3585737737597678	4	4.147039148652986	0.4534533865711784
0.19540229885057472	2.181392875945385	1.3779345373769634	3	3.7547297121729226	0.4222683330920556
0.4281609195402299	2.3539607652080177	1.1463053867590591	4	3.928427071507307	0.4969316474407437
0.14942528735632185	2.230405886786573	0.9401188756551168	3	3.3199500497980114	0.48023934758480913
0.4281609195402299	2.47601012680991	1.354006366464786	3	4.258177412814926	0.4886624864427306
0.14942528735632185	2.351702489978689	1.410178313482675	2	3.911306090817686	0.4594894561598224
0.5114942528735632	2.2269298138609424	1.2235647436383532	5	3.961988810372859	0.4920446881094831
0.23850574712643677	2.1025059172080898	1.1422565040735775	4	3.483268168408104	0.47830372338471716
0.5114942528735632	2.286709097225593	1.349610759951611	4	4.147814110050767	0.4846210775281582
0.23850574712643677	2.14073699614334	1.3737303518149728	3	3.7529730950847493	0.4638252543680287
0.46839080459770116	2.3234688553564835	1.1401025348861078	4	3.9319621948402927	0.5280993383977235
0.19540229885057472	2.1897500069845277	0.9414350139635371	3	3.3265873197986395	0.5217962688607822
0.46839080459770116	2.4353542470078655	1.340942593564673	3	4.24468764517024	0.5302194077187037
0.19540229885057472	2.2907186702756217	1.4121525209453056	2	3.898273490071502	0.521824838073782
0.4281609195402299	2.135256102288952	1.13624315932886	4	3.699660181158042	0.495652875062227
0.14080459770114942	1.9387996695611518	0.8801302987008269	3	2.9597345659631284	0.478534317746787
0.4281609195402299	2.1844039095844896	1.363876200081532	3	3.9764410292062515	0.48695745660470846
0.14080459770114942	1.9142931641405578	1.3201954480512403	2	3.3752932098929476	0.4569319114027892
0.3850574712643678	2.2334169204256775	0.9370899384515484	3	3.5555643301415936	0.544928471097462
0.09482758620689655	1.9878126804023397	1.0	2	3.082640266609236	0.5438884331419196
0.3850574712643678	2.356219040437346	1.4056349076773227	2	4.146911419379037	0.5565231414288018
0.09482758620689655	1.9878126804023397	1.0	1	3.082640266609236	0.5660377358490566
0.5632183908045977	2.3164885148519425	1.3366816822083614	6	4.216388587864902	0.34988383726048755
0.3045977011494253	2.2348611377278607	1.3581006863906038	5	3.89755952526789	0.3282951526208172
0.47413793103448276	2.3822236817418636	1.3090526083602094	5	4.1654142211365555	0.3066530575427737
0.21551724137931033	2.2966232520592413	1.3378237703433395	4	3.8499642637818914	0.26885950681375737
0.5201149425287356	2.411631488246576	1.31661906892348	5	4.248365499698791	0.3502953873212806
0.2614942528735632	2.333383010190132	1.343795094088576	4	3.938672357152271	0.323412419036891
0.42528735632183906	2.517586190207635	1.254447831293786	4	4.19732137782326	0.2963598001893367
0.16666666666666666	2.4485731201193963	1.2763005902455637	3	3.8915403770316264	0.2425373134328358
0.49137931034482757	2.2610612857925507	1.3555647538330597	5	4.108005349970438	0.3838153408358901
0.22126436781609196	2.1451702571226	1.381911586863768	4	3.7483462118024597	0.34301703929272587
0.40229885057471265	2.329373437140103	1.3346834849587628	4	4.066355772673578	0.33825974208259846
0.13218390804597702	2.1976227826960204	1.3831859334273027	3	3.7129926241693	0.26867680710728237
0.4482758620689655	2.3661331952709945	1.343409346814725	4	4.157818404154685	0.3928126543057322
0.1752873563218391	2.2466357935372083	1.3873587694187979	3	3.8092819192778453	0.3414140234047939
0.35344827586206895	2.4922400335605457	1.2777016334538567	3	4.1233899428764715	0.33507096045795737
0.08045977011494253	2.3760473501046424	1.3403600354069354	2	3.7968671556265203	0.22910216718266252
0.5316091954022989	2.2366677579113237	1.3490351347949128	5	4.117312088108536	0.40874949360147395
0.26436781609195403	2.114678347271066	1.377889809494018	4	3.756935972857038	0.37418473024970567
0.4425287356321839	2.2988815272885694	1.323471751984746	4	4.0648820149055	0.36942743303957826
0.1752873563218391	2.1569669028939753	1.3744843095335926	3	3.706738568749407	0.31023372838325536
0.4885057471264368	2.3356412854194604	1.334957775775914	4	4.1591048083218105	0.423980345262712
0.22126436781609196	2.2059799137351632	1.3841774693954987	3	3.811421750946754	0.382970944680767
0.3936781609195402	2.451584153758501	1.2601404222220238	3	4.105402736900065	0.37662788173393047
0.12643678160919541	2.3150635304015745	1.328841927874407	2	3.770342239885177	0.2914375490966221
0.4482758620689655	2.1474285323519284	1.3592455767682754	4	3.954949971189169	0.3915338819272155
0.16954022988505746	1.9550295763117873	1.3791671072320073	3	3.5037369134288516	0.33970899356677176
0.35919540229885055	2.200633816335125	1.3393683818381017	3	3.8991976004720774	0.33336593061993514
0.08045977011494253	1.938638024266511	1.405767914277998	2	3.4248657086594516	0.22654462242562934
0.4051724137931034	2.249646827176313	1.3545706179214598	3	4.009389858890876	0.40610314691744687
0.1235632183908046	2.012157540528293	1.4115379593667836	2	3.547258718285881	0.3356504468718967
0.3103448275862069	2.3805639005632995	1.2465389867202739	2	3.93744771486978	0.3261358524516419
0.028735632183908046	2.0365024006542463	1.0	1	3.0652380328381543	0.10526315789473684
0.5431034482758621	2.372485737691482	1.3317178409479022	5	4.247307026915246	0.3988079731336376
0.27873563218390807	2.2844508219962645	1.3490831711633193	4	3.912269625343492	0.3840531513023373
0.4540229885057471	2.4686540020137677	1.2948362032204135	4	4.217513193739928	0.3570005324547829
0.1896551724137931	2.383330202527573	1.3173242481668987	3	3.890309623108265	0.3233916231200974
0.5	2.505413760144658	1.3064852966444003	4	4.311899056789058	0.41155344467791666
0.23563218390804597	2.432343213368761	1.3273435472944433	3	3.99531894457125	0.3961288394176091
0.4051724137931034	2.677947453392098	1.2036486792536998	3	4.286768546438902	0.36005868095420335
0.14080459770114942	2.654608479851971	1.1596998074553484	2	3.955112885008469	0.3111743912018854
0.47126436781609193	2.3172010070771267	1.3585737737597678	4	4.147039148652986	0.4534533865711784
0.19540229885057472	2.181392875945385	1.3779345373769634	3	3.7547297121729226	0.4222683330920556
0.382183908045977	2.4269971159687223	1.3384779911157896	3	4.147659015130489	0.4159252701452191
0.10632183908045977	2.2781829737169073	1.403429850596975	2	3.787934663394342	0.350383631713555
0.4281609195402299	2.47601012680991	1.3540063664647863	3	4.258177412814926	0.4886624864427306
0.14942528735632185	2.351702489978689	1.410178313482675	2	3.911306090817686	0.4594894561598224
0.3333333333333333	2.7201088500136956	1.2462058782343604	2	4.299648061581389	0.4499748617395676
0.05459770114942529	2.7155922995550386	1.0	1	3.770190000704464	0.3529411764705883
0.5114942528735632	2.286709097225593	1.3496107599516112	4	4.147814110050767	0.4846210775281582
0.23850574712643677	2.1407369961433393	1.3737303518149728	3	3.752973095084749	0.4638252543680287
0.4224137931034483	2.386341236166677	1.3198938943452656	3	4.128648923615391	0.45748219142119206
0.14942528735632185	2.21719915401384	1.3888430864483727	2	3.755467527818534	0.4127190136275146
0.46839080459770116	2.435354247007865	1.340942593564673	3	4.24468764517024	0.5302194077187037
0.19540229885057472	2.2907186702756217	1.4121525209453056	2	3.898273490071502	0.521824838073782
0.3735632183908046	2.659125030310628	1.2050403520713906	2	4.237728600772823	0.5123102436535272
0.10057471264367816	2.5936246601489032	1.0	1	3.6941993727925815	0.4776119402985075
0.4281609195402299	2.1844039095844896	1.3638762000815323	3	3.976441029206252	0.48695745660470846
0.14080459770114942	1.9142931641405578	1.3201954480512403	2	3.3752932098929476	0.4569319114027892
0.3390804597701149	2.2826995241755643	1.3657982445160335	2	3.9875782284617127	0.4474173169825344
0.05172413793103448	1.8407736478787762	1.0	1	2.8924977858098107	0.34782608695652173
0.3850574712643678	2.356219040437346	1.4056349076773227	2	4.146911419379037	0.5565231414288018
0.09482758620689655	1.9878126804023397	1.0	1	3.082640266609236	0.5660377358490566
0.29022988505747127	2.7246254004723527	1.0	1	4.0148552855298245	0.547008547008547
best score
1	4.618971214440961	0.16666666666666674
0.5660377358490566
1