coverage		internal		external		size		score		f1
0.8470588235294118	1.8196254876616194	1.282991144451636	5	3.949675455642667	0.6436335937883926
0.6	1.9460370606967057	1.2650225434863749	4	3.8110596041830807	0.6239864366799351
0.6588235294117647	1.455172950160473	1.234034227762561	4	3.348030707334799	0.5902562779497764
0.4117647058823529	1.5022375350402057	1.1865473288332609	3	3.1005495697558194	0.546267629858961
0.611764705882353	1.7362320892252632	1.2770246200752953	4	3.6250214151829114	0.637875325568824
0.36470588235294116	1.8769830537932588	1.2631418545335877	3	3.5048307906797875	0.6097596933510248
0.4235294117647059	1.222497573078282	1.2047402945943069	3	2.850767279437295	0.5647861483774796
0.17647058823529413	1.1767567618567853	1.1367115304544368	2	2.489938880546516	0.4860681114551084
0.8117647058823529	1.994900471851722	1.3374330546515258	4	4.144098232385601	0.6329365079365079
0.5411764705882353	2.2218742306285377	1.3084449277799042	3	4.0714956289966775	0.6031746031746033
0.6	1.5673887499135608	1.2839832935466002	3	3.451372043460161	0.5582010582010581
0.32941176470588235	1.6940935271097033	1.1478991395928826	2	3.171404431408468	0.4761904761904763
0.5529411764705883	1.9421342686666143	1.3772886400990092	3	3.872364085236212	0.6216931216931216
0.2823529411764706	2.256211805239283	1.3996564024746876	2	3.9382211488904413	0.5714285714285714
0.3411764705882353	1.2744835841668183	1.3369967142998165	2	2.9526567690548697	0.503968253968254
0.07058823529411765	1.2349879728123607	1.0	1	2.305576208106478	0.2857142857142858
0.8235294117647058	1.9657848663739343	1.3014412762824226	4	4.0907555544210625	0.7457184628237259
0.5764705882352941	2.1830534233248207	1.301956062798748	3	4.061480074358863	0.7535505430242272
0.6352941176470588	1.528567942609844	1.2608659940760774	3	3.42472805433298	0.7085769980506822
0.38823529411764707	1.635862316154128	1.2750313164524631	2	3.2991289267242383	0.7017543859649122
0.5647058823529412	1.9033134613628973	1.2629276910742766	3	3.7309470347901152	0.7720690615427457
0.3176470588235294	2.197980594283708	1.2530576306716386	2	3.7686852837788756	0.7969924812030075
0.3764705882352941	1.216252373211243	1.1405126390286673	2	2.7332356004752043	0.72953216374269
0.12941176470588237	1.11852555090121	1.0	1	2.2479373156070923	0.7368421052631579
0.7647058823529411	2.248204638198176	1.380015357180589	3	4.392925877731706	0.7486772486772486
0.49411764705882355	2.715317359536626	1.377779241272142	2	4.587214247867592	0.7619047619047619
0.5529411764705883	1.7335891384641609	1.3670540267471014	2	3.6535843416818508	0.6944444444444444
0.2823529411764706	2.153199081407046	1.0	1	3.4355520225835163	0.6666666666666666
0.4823529411764706	2.295707416593741	1.3952128035225235	2	4.173273161292736	0.7896825396825397
0.21176470588235294	3.2774356376662057	1.0	1	4.489200343548559	0.8571428571428571
0.27058823529411763	1.3139791955212758	1.0	1	2.5845674308153934	0.7222222222222222
best score
2	4.587214247867592	0.7619047619047619
0.8571428571428571
1