coverage		internal		external		size		score		f1
0.8542857142857143	2.0892282184705624	1.2442113970734254	10	4.187725329829703	0.5123302017315743
0.8057142857142857	2.193428280411958	1.2369215479605897	9	4.236064114086833	0.5668917135078958
0.7571428571428571	2.0826308180118898	1.2315995432399687	9	4.071373218394715	0.5042090693062016
0.7085714285714285	2.199031212638626	1.2220176939140897	8	4.1296203351241445	0.5645756285013916
0.7857142857142857	2.116746919042776	1.2315048973264435	9	4.133966102083505	0.5188854093313788
0.7371428571428571	2.237411826298373	1.219127920387496	8	4.1936826038287265	0.5810865110297161
0.6885714285714286	2.112764681098296	1.2167223898414006	8	4.018058499511125	0.5105685363028101
0.64	2.2500985411126235	1.2004229236826534	7	4.090521464795277	0.5804673849539714
0.8028571428571428	2.0506939500009023	1.2697557209208699	9	4.123306813778915	0.5392257496717192
0.7542857142857143	2.1631022361262646	1.273444312873307	8	4.190832263285286	0.603969393912599
0.7057142857142857	2.038455090926188	1.2581857037475532	8	4.002355080388027	0.5310475730318469
0.6571428571428571	2.165173295201643	1.2625563584243504	7	4.08487251076885	0.603871998358585
0.7314285714285714	2.076835704585935	1.2644367818534763	8	4.072701057867983	0.5499623017140174
0.6828571428571428	2.209036853669925	1.2672003480009273	7	4.159094344527995	0.6254888311382084
0.6342857142857142	2.0665829734412657	1.2527715984357173	7	3.953640286162697	0.5421496072744917
0.5857142857142857	2.2191088588484766	1.2569619998633852	6	4.061785144426148	0.6289617758627934
0.8485714285714285	2.021752723611866	1.2789040168549954	9	4.14922816903829	0.5639066314954582
0.8	2.130543356438599	1.28528694053878	8	4.215830296977378	0.6317353859643053
0.7485714285714286	2.005896211238522	1.2684730979139325	8	4.022940737723883	0.5588135650835533
0.7	2.127963146987168	1.2763802611702235	7	4.1043434081573915	0.635604560703392
0.78	2.0442768248982692	1.27620859987627	8	4.100485424774539	0.5777282937657238
0.7314285714285714	2.1718267054554503	1.2830034825553536	7	4.186258759439375	0.6572213934830156
0.68	2.029372825226791	1.2665010883246854	7	3.9758739135514762	0.5738821696192988
0.6314285714285715	2.1756970192649225	1.2763336137749226	6	4.083459204468417	0.6659830985984019
0.7885714285714286	1.969967234726161	1.2909875950080898	8	4.049526258305679	0.5668273928648229
0.74	2.0869014595444697	1.30955782559794	7	4.13645928514241	0.6447632210248431
0.6885714285714286	1.94444757931581	1.2759179932610603	7	3.9089370011482987	0.5614239971611266
0.64	2.0766175657021115	1.2991059033660715	6	4.015723469068183	0.6514485640638674
0.7171428571428572	1.9883111377840925	1.2947290168228796	7	4.000183011749829	0.5830408299407499
0.6685714285714286	2.127791717248441	1.3202742426287701	6	4.116637388448639	0.6766682023067614
0.6171428571428571	1.9615955236483382	1.2814609650005848	6	3.8601993457917803	0.5794391077990919
0.5685714285714286	2.123629096178406	1.3175967775838435	5	4.009797302333678	0.6910716102099742
0.8542857142857143	1.99766509611861	1.2766480812665457	9	4.128598891670871	0.5692557797017492
0.8057142857142857	2.103444775508686	1.2823955452702516	8	4.191554606493223	0.6377531776963827
0.7571428571428571	1.978797630308609	1.265712469517773	8	4.001652956969239	0.5648313568156307
0.7085714285714285	2.096993340210124	1.272711547768935	7	4.078276316550488	0.6424820369686235
0.7857142857142857	2.017178243968356	1.273399003320429	8	4.0762915330030705	0.5837460854978012
0.7371428571428571	2.1408568986784067	1.2792694782744891	7	4.157269234095753	0.664098869748247
0.6885714285714286	1.998403018449747	1.2629414398736463	7	3.9499158868948223	0.5807596458845303
0.64	2.139565578025038	1.271367080187828	6	4.050932658212867	0.6740068209078385
0.8028571428571428	1.9428686537962476	1.2893041808871666	8	4.035029977540557	0.5728451845969003
0.7542857142857143	2.0559316527674256	1.3073253978969668	7	4.117542764950107	0.6516406972900746
0.7057142857142857	1.9134777725387664	1.273859921389912	7	3.893051979642964	0.5683014734263578
0.6571428571428571	2.040486124462227	1.2962415769908242	6	3.9938705585959084	0.659472286373304
0.7314285714285714	1.9573413310070487	1.2926056540721556	7	3.9813755565077757	0.5899183062059814
0.6828571428571428	2.091660276008557	1.3173185090221164	6	4.091835927887816	0.684691924616198
0.6342857142857142	1.9254640824084541	1.2787493295556867	6	3.838499126249855	0.5874628301085285
0.5857142857142857	2.080271366690545	1.3135547857830367	5	3.9795404381878674	0.7007000769812981
0.8	1.9103097741085822	1.2911720510249156	8	4.001481825133498	0.554922630960061
0.7514285714285714	2.0187215045529507	1.3099232686046662	7	4.0800733445861885	0.6311577788479723
0.6857142857142857	1.8762676243242915	1.2743841474321538	7	3.8363660574707312	0.5478185549842557
0.6371428571428571	1.9970742848786731	1.297125821516944	6	3.9313429635384742	0.6355755481908516
0.7314285714285714	1.9201311827925738	1.2951091119229499	7	3.946668866144095	0.5694353877638791
0.6828571428571428	2.0482484364250024	1.3209736780802108	6	4.052079257362356	0.6607951864337456
0.6171428571428571	1.8820522428248998	1.2795013960821395	6	3.7786964960498963	0.5635660919260761
0.5685714285714286	2.02817715919028	1.3149083776731882	5	3.9116569654348967	0.6720239911623551
0.6257142857142857	1.835205936881593	1.2704485017401055	7	3.731368724335984	0.5447901010777763
0.5771428571428572	1.9491689828621916	1.2960374465044526	6	3.8223492865095015	0.6320423519666254
0.4857142857142857	1.7829727892620892	1.230572751157685	6	3.4992598261340597	0.5348132574589559
0.43714285714285717	1.9092818149149067	1.2558983443068426	5	3.6023230163646067	0.6375205898018109
0.5457142857142857	1.8341469408084183	1.2714835307683168	6	3.651344757291021	0.5600328957018499
0.49714285714285716	1.970690796770502	1.3095138731370173	5	3.7773475270503765	0.6677841556932838
0.4057142857142857	1.7712553644503788	1.2237405615820358	5	3.4007102117467003	0.5511092422840804
0.35714285714285715	1.9262122903134733	1.2665900667240597	4	3.54994521418039	0.6835674039189302
0.8314285714285714	2.181071759836149	1.2285972092791837	9	4.241097540543904	0.5511107151182018
0.6542857142857142	2.3097772721909173	1.1943647371087684	8	4.1584277235854	0.5459769727755874
0.7342857142857143	2.1851301269908405	1.210673819108577	8	4.130089660385132	0.546822005312986
0.54	2.3328019078469606	1.1643251930816025	7	4.037127100928563	0.5375949456305715
0.7628571428571429	2.2235107406505876	1.2128091388948334	8	4.199177022402564	0.5633328878413103
0.5828571428571429	2.376665466315243	1.1634815048986238	7	4.123004114071009	0.5592117784101951
0.6657142857142857	2.2342115860865834	1.1911430101674974	7	4.091068881968367	0.5601775298815077
0.4685714285714286	2.414675573601347	1.121847196134119	6	4.005094198306894	0.5516385476801113
0.78	2.1492011504784796	1.2620708645911338	8	4.191272015069613	0.5862157707241933
0.6028571428571429	2.291740220404262	1.2360128220271847	7	4.130610185288589	0.5809339657137778
0.6828571428571428	2.1492863401756024	1.2465368891898467	7	4.078680372222592	0.5835821432861211
0.48857142857142855	2.315596120038536	1.208987249445632	6	4.013154798055597	0.576981099534291
0.7085714285714285	2.193149898643885	1.257881003183557	7	4.1596023303988705	0.6051989760657446
0.5285714285714286	2.3667702715848655	1.2197019153129782	6	4.115043615469272	0.6022007377771852
0.6114285714285714	2.2005740779847627	1.2427180969841516	6	4.054720746397486	0.6052902782782523
0.4142857142857143	2.410403361382115	1.1860048132280834	5	4.010693888895912	0.6017106527744825
0.8257142857142857	2.116642270790814	1.2739151074574109	8	4.216271663962511	0.6139817627758994
0.6485714285714286	2.254530072189787	1.2519125230395889	7	4.155014023800804	0.6126665280585849
0.7257142857142858	2.1120761919611275	1.2603629455367926	7	4.098153423212206	0.6153147056309283
0.5314285714285715	2.272184280454982	1.2284940563983382	6	4.032106908281892	0.6140024222698994
0.7571428571428571	2.1559397504294098	1.2736862913390559	7	4.186768898911323	0.6369315384105518
0.5771428571428572	2.3233584320013114	1.2419796467976587	6	4.142480935941827	0.6392220605127936
0.6571428571428571	2.157162238401209	1.2620927259371904	6	4.076397821481256	0.6423116010138608
0.46	2.3583091538818506	1.2152922487581141	5	4.033601402639965	0.6461362400572127
0.7657142857142857	2.071014504518429	1.293501078662295	7	4.130229868895009	0.6244733659523793
0.5885714285714285	2.2242789784385004	1.2793089717304171	6	4.092159378740346	0.6246875259782589
0.6657142857142857	2.058082784838398	1.2754296375212528	6	3.9992267080739365	0.6277770664793263
0.4714285714285714	2.2394138096064773	1.2496805501545438	5	3.9605229311895926	0.6286947986157713
0.6942857142857143	2.1092569363847273	1.305978150967938	6	4.1095208016383795	0.6529967047222203
0.5142857142857142	2.3008227914620725	1.2877526797387993	5	4.102861185486586	0.6589583645072441
0.5942857142857143	2.1013873591419494	1.2943574098902226	5	3.990030483317886	0.6626658131085249
0.39714285714285713	2.3388772836779363	1.2617796077416206	4	3.9977997485624144	0.6725351649363808
0.8314285714285714	2.0895436898609008	1.271022087103281	8	4.191994348392753	0.6199995545079771
0.6542857142857142	2.2235602654127433	1.2480672870276726	7	4.12591326672613	0.6195440043238163
0.7342857142857143	2.0811063851840843	1.2566920653547016	7	4.0720841648245	0.6221921818961598
0.54	2.236052839215098	1.223371798387771	6	3.9994246376028686	0.622026144579336
0.7628571428571429	2.124969943652366	1.269950120277389	7	4.157777206786898	0.6438090146757832
0.5828571428571429	2.2872269907614275	1.2367659815556855	6	4.106850115174256	0.6472457828222302
0.6657142857142857	2.1210307971613247	1.2571231588569727	6	4.043868241732583	0.6503353233232976
0.4685714285714286	2.3149514243939895	1.2078633595043275	5	3.9913862124697452	0.6557647068285367
0.78	2.0400446977413855	1.291266484180519	7	4.111311181921905	0.6313508422176107
0.6028571428571429	2.1881475371986165	1.2761975137002914	6	4.067202193756051	0.6327112482876955
0.6828571428571428	2.0219513435985137	1.272562277652882	6	3.9773707641085387	0.6358007887887629
0.48857142857142855	2.196056080118616	1.245404971718528	5	3.9300324804085727	0.6383232653870953
0.7085714285714285	2.073125495144843	1.3030193838681612	6	4.084716307584433	0.6610204270316569
0.5285714285714286	2.2574650619742114	1.2833399904556744	5	4.069376481001314	0.6685868312785681
0.6114285714285714	2.0580296296540883	1.2903108678497306	5	3.95976906893239	0.6722942798798488
0.4142857142857143	2.28468012181811	1.2550778066183674	4	3.9540436427221914	0.6845707484005357
0.7771428571428571	2.0028345495269106	1.293866508489291	7	4.073843915159059	0.6108679237755087
0.6	2.144735697615062	1.2799878757995542	6	4.024723573414616	0.6088145101052431
0.6628571428571428	1.9785395040149598	1.2734495372205035	6	3.9148461840926063	0.6119040506063105
0.4685714285714286	2.1439618726183514	1.2469613531704327	5	3.8594946543602124	0.6096471795681523
0.7085714285714285	2.029713655561289	1.3066775679677567	6	4.044962652100474	0.6371236888492045
0.5285714285714286	2.205370854473947	1.2890527587055403	5	4.0229950417509155	0.639910745459625
0.5942857142857143	2.0059354221538235	1.2916689823021343	5	3.891890118741672	0.6436181940609058
0.39714285714285713	2.219562362442779	1.2577171508731617	4	3.874422370458798	0.6487256411268569
0.6	1.9306342019984781	1.272305958384912	6	3.8029401603833897	0.6083708543820843
0.4228571428571429	2.0864755101985737	1.251878278351609	5	3.7612109314073257	0.6054073440990808
0.46	1.8870400778784504	1.2185058819251589	5	3.565545959803609	0.6091147927003616
0.26571428571428574	2.0709431820985627	1.1597502069454293	4	3.4964076747582773	0.6055963894261767
0.52	1.9484490597340458	1.2861916720313133	5	3.754640731765359	0.6393783585918345
0.34	2.147704409418057	1.259642122812733	4	3.7473465322307895	0.6434258467905177
0.38	1.8984101190179028	1.2247276812105987	4	3.5031378002285014	0.6480601575421187
0.18285714285714286	2.147404271691203	1.1278503728351437	3	3.4581117873834897	0.6563507414571244
0.8342857142857143	2.1527728327075493	1.2332189396942763	9	4.220277486687539	0.5322187426647123
0.7857142857142857	2.2779409791712424	1.22668768390047	8	4.290342948785998	0.5960865110297161
0.7314285714285714	2.1532938339711656	1.2177984852802377	8	4.102520890679974	0.5255685363028102
0.6828571428571428	2.296417572967332	1.2089990439402118	7	4.188273759764687	0.5976102420968286
0.7657142857142857	2.1916744476309127	1.219278968224966	8	4.176667701570164	0.5420794188311346
0.7171428571428572	2.3402811314356144	1.207282239968529	7	4.264706228547	0.6164798221291994
0.6628571428571428	2.197827251206955	1.201346037744015	7	4.062030431808113	0.5358878510127354
0.6142857142857143	2.372227182908447	1.185375449089531	6	4.171888346283692	0.6216563935574111
0.7828571428571428	2.1173648574588047	1.2665929219224752	8	4.166814922238423	0.5649623017140175
0.7342857142857143	2.2553558855246334	1.2772165277653682	7	4.266858127575716	0.6426316882810655
0.68	2.112902005295974	1.2541428874346425	7	4.047044892730616	0.5592924644173488
0.6314285714285715	2.273147729345636	1.2688796613366335	6	4.173455962110841	0.6489617758627935
0.7114285714285714	2.156765563764256	1.2646138856396487	7	4.132808020832476	0.5809092971969724
0.6628571428571428	2.3243218808919655	1.278371965099794	6	4.2655509888489025	0.6741814141056874
0.6085714285714285	2.158125687291863	1.2543513562802246	6	4.021048472143516	0.5769523195980182
0.56	2.359465292550635	1.2773207236946236	5	4.196786016245259	0.6880874643686855
0.8257142857142857	2.084805977771139	1.2777793407426532	8	4.188299604228078	0.5927282937657237
0.7771428571428571	2.2181457373101585	1.29223913004964	7	4.287527724502656	0.6743642506258727
0.7171428571428572	2.075691857081499	1.2670918450534563	7	4.059926559277812	0.591025026762156
0.6685714285714286	2.229735889762082	1.2871585300699546	6	4.1854658484034655	0.6859830985984019
0.7571428571428571	2.1195554155497813	1.2795420750670157	7	4.156240347759654	0.6126418595417795
0.7085714285714285	2.280910041308412	1.2994217583650893	6	4.28890322824493	0.7112027368412959
0.6485714285714286	2.1147138477083085	1.2724980470138785	6	4.035783323293615	0.6139736423336264
0.6	2.30737108505037	1.3047662518955767	5	4.212137336945947	0.7325130516514156
0.7628571428571429	2.0346301696388007	1.2967598330585328	7	4.094247145554476	0.600183687083607
0.7142857142857143	2.181830587745601	1.3331152422334374	6	4.229231544264753	0.6966682023067614
0.6542857142857142	2.0156343941454975	1.2821991175335306	6	3.9521192259647426	0.5994391077990919
0.6057142857142858	2.188475740774997	1.333700791695391	5	4.127890818184674	0.7150716102099742
0.6914285714285714	2.0668085456918273	1.3115252688760297	6	4.0697623859964285	0.6246587460419859
0.6428571428571429	2.2498847226305925	1.3699393781233675	5	4.262681243611103	0.7453351761014471
0.5828571428571429	2.050449290310469	1.305988922538677	5	3.939295355706289	0.6286602626922437
0.5342857142857143	2.2752046976385865	1.4042754980264283	4	4.2137659099507285	0.7805061794291344
0.8342857142857143	2.057707396841226	1.276185081556177	8	4.168178192683117	0.5987460854978013
0.7857142857142857	2.187175930533115	1.2901255755945953	7	4.263015791841996	0.6812417268911042
0.7314285714285714	2.0447220503044554	1.2651526464282365	7	4.041303268161263	0.5979025030273875
0.6828571428571428	2.1936044485221977	1.2844606262390073	6	4.160922217618348	0.6940068209078385
0.7657142857142857	2.0885856087727377	1.2775375855622204	7	4.131837480049244	0.619519335807011
0.7171428571428572	2.244778600068527	1.2966324473027357	6	4.25855390451412	0.7192264591507325
0.6628571428571428	2.0785824064684246	1.2699528341132802	6	4.011392383438848	0.6219973646430632
0.6142857142857143	2.264013355562509	1.3009738939112196	5	4.179272963759443	0.7421415184227396
0.7828571428571428	2.003660362861757	1.2962569201336283	7	4.082774425852528	0.6070611633488385
0.7342857142857143	2.145699146505716	1.3324281383829313	6	4.2124129991743615	0.704691924616198
0.68	1.9795029529056134	1.2817561118447796	6	3.941259064750393	0.6074628301085285
0.6314285714285715	2.1451180112871358	1.3330617445288049	5	4.109608327244512	0.7247000769812981
0.7114285714285714	2.030677104451943	1.3109908559558727	6	4.0530965318363865	0.6326824683514225
0.6628571428571428	2.2065269931427314	1.3691632201096724	5	4.238547356109547	0.754963642872771
0.6085714285714285	2.007091560822608	1.3055789117676146	5	3.9212419011616513	0.6382887294635676
0.56	2.2210075357787598	1.4036345823522245	4	4.184642118130984	0.7925417628932893
0.7742857142857142	1.966450214647282	1.2979798457142684	7	4.038715774647264	0.5865782449067364
0.7257142857142858	2.102287306922162	1.3349905622628089	6	4.162992154899257	0.6807951864337456
0.6514285714285715	1.9360911133220595	1.2814154331930159	6	3.8689351179436464	0.5835660919260761
0.6028571428571429	2.0930238037868714	1.3327762186516319	5	4.028657165295646	0.6960239911623551
0.7057142857142857	1.9872652648683886	1.3134211018360835	6	4.006400652418758	0.6087857301689701
0.6571428571428571	2.1544327856424665	1.3730340810304607	5	4.184609723815784	0.726287557053828
0.5828571428571429	1.9549973533223433	1.3050951188909408	5	3.842949615070427	0.6096126436446246
0.5342857142857143	2.155889776403429	1.403204081058556	4	4.093379571747699	0.7566966556196105
0.5971428571428572	1.888185811305578	1.2754136511888283	6	3.760742319637264	0.5800328957018499
0.5485714285714286	2.0355374413670932	1.3304058390799138	5	3.9145147090184356	0.6917841556932838
0.44857142857142857	1.8361020090469702	1.22647825691735	5	3.511151694535749	0.5751092422840804
0.4	2.0072705960592123	1.2961475344697977	4	3.70341813052901	0.7135674039189303
0.5171428571428571	1.8975109909025654	1.2923305038672257	5	3.7069843519126486	0.6053728081755533
0.4685714285714286	2.0840318233787065	1.392983545076637	4	3.945586797026772	0.7513968612832713
0.36857142857142855	1.8347375329785525	1.2404771272476462	4	3.4437860887976273	0.6055532195217672
0.32	2.0625074903054035	1.4055693366506732	3	3.7880768269560763	0.8003120941141293
0.8114285714285714	2.2640398935234574	1.215964653220338	8	4.291433118172367	0.5783328878413103
0.6342857142857142	2.4229844981699507	1.1748301836717392	7	4.232100396127404	0.5763546355530522
0.7085714285714285	2.2805306179412916	1.193846798175097	7	4.182948844687817	0.5773203870243648
0.5142857142857142	2.4687144440985067	1.1356303562195116	6	4.1186305146037325	0.5716385476801114
0.7428571428571429	2.324394176409574	1.1988301186205477	7	4.266081437887264	0.5961899670567355
0.5628571428571428	2.519888595644836	1.1374399111192939	6	4.220185649621273	0.5968581859230053
0.64	2.3536924020447336	1.1723456590674415	6	4.166038061112175	0.5979848959728702
0.44285714285714284	2.59414535025408	1.081060007644811	5	4.118062500756034	0.5952995905494669
0.76	2.2394689304985933	1.2620248506980392	7	4.2614937811966325	0.6223418332086017
0.5828571428571429	2.420809142082025	1.2355011587080063	6	4.239167443647174	0.622200737777185
0.6571428571428571	2.2546129484819226	1.2464144933074577	6	4.158170298932237	0.6252902782782523
0.46285714285714286	2.475250005978707	1.206546193025171	5	4.144653341861021	0.6257106527744826
0.6885714285714286	2.305787100028252	1.2652869712546047	6	4.259645499854285	0.6505099165211465
0.5085714285714286	2.536658987834302	1.2271042693601195	5	4.27233468576585	0.6559742186659554
0.5857142857142857	2.337223555514179	1.2558980027244664	5	4.178835843952931	0.6596816672672362
0.38857142857142857	2.6336725291432233	1.1983278611175605	4	4.220571818832212	0.6688049826347698
0.8028571428571428	2.202258782284118	1.2770496065833836	7	4.282165531724645	0.654074395553409
0.6257142857142857	2.377397302498471	1.25668614501447	6	4.259797733227226	0.6592220605127934
0.6942857142857143	2.2112011088983685	1.26469637708228	6	4.170183200266363	0.6623116010138608
0.5	2.423155798478442	1.2341945107878773	5	4.157350309266319	0.6701362400572127
0.7342857142857143	2.262375260444698	1.2863397795614016	6	4.283000754291814	0.687531239256755
0.5542857142857143	2.484564780334037	1.258908973920787	5	4.297759468540539	0.7003998059486856
0.6257142857142857	2.285129348013914	1.2833480534876718	5	4.194191687215872	0.7041072545499663
0.42857142857142855	2.5685547697678923	1.2444537658903574	4	4.241579964229678	0.7243369667381825
0.74	2.163295806881887	1.310597885422663	6	4.213893692304549	0.6729967047222203
0.5628571428571428	2.3656694360586643	1.3096790667330156	5	4.238205645648822	0.6829583645072441
0.6314285714285715	2.166234003738541	1.2981295262768562	5	4.095792101443968	0.6866658131085248
0.43714285714285717	2.419935589423676	1.2930611105728913	4	4.150139557139425	0.7025351649363807
0.6685714285714286	2.2276429855941364	1.3484383739808128	5	4.244652788146378	0.7169293789999978
0.48857142857142855	2.49669681674317	1.3639914557698656	4	4.349259701084464	0.7403646223007219
0.56	2.247402526343016	1.3654484407848821	4	4.172850967127898	0.7449989330523228
0.3628571428571429	2.612727481458021	1.4105015513996442	3	4.386086175714809	0.7856024421373965
0.8114285714285714	2.1712889755070743	1.2749338853475365	7	4.257651432283183	0.6609518718186403
0.6342857142857142	2.3412658612585866	1.253741109528644	6	4.229292685072945	0.6672457828222302
0.7085714285714285	2.175069667658484	1.2619954397582092	6	4.145636535988122	0.6703353233232974
0.5142857142857142	2.3797980689905804	1.2301685661683115	5	4.124252349444606	0.6797647068285366
0.7428571428571429	2.2262438192048135	1.2835474350059246	6	4.2526483970678814	0.6955549615661916
0.5628571428571428	2.441207050846176	1.254745918454112	5	4.25881011215743	0.7100282727200095
0.64	2.2417716185260526	1.2795511452636297	5	4.161322763789682	0.7137357213212903
0.44285714285714284	2.514357607908066	1.238168021127854	4	4.195382771893063	0.7363725502023375
0.76	2.1271643656420025	1.3099077480790333	6	4.197072113721036	0.6810204270316569
0.5828571428571429	2.3223117065708028	1.3086693220841115	5	4.213838171512057	0.692586831278568
0.6571428571428571	2.1228762742506797	1.2974859288705851	5	4.077505060264122	0.6962942798798488
0.46285714285714286	2.3657384275638496	1.292030883840006	4	4.120626454260998	0.7145707484005357
0.6885714285714286	2.184285256106275	1.3476576657274326	5	4.220514350405136	0.7265578457713218
0.5085714285714286	2.4424996548833438	1.3627327109584648	4	4.3138037944132375	0.7524002057648768
0.5857142857142857	2.1932053644831897	1.3647999413778698	4	4.143719591575345	0.7570345165164777
0.38857142857142857	2.5404645989782524	1.4092894238074207	3	4.338325451357101	0.8016498867562698
0.7514285714285714	2.0837525260584484	1.3124731870004127	6	4.147654284487432	0.6571236888492045
0.5742857142857143	2.270217499070538	1.3127429725666526	5	4.157246185922904	0.663910745459625
0.6285714285714286	2.070782066750415	1.2972049255556644	5	3.996558420877508	0.6676181940609058
0.4342857142857143	2.300620668188518	1.2919383651492595	4	4.026844747623492	0.678725641126857
0.6828571428571428	2.13219104860601	1.3515330492104731	5	4.166581240673626	0.6978817599523788
0.5028571428571429	2.3773818955080124	1.3695675035976536	4	4.249806541962808	0.716555098491198
0.56	2.1280876051078583	1.3643769776879553	4	4.052464582795814	0.721189409242799
0.3628571428571429	2.4536409198111446	1.4091951367624995	3	4.225693199430787	0.7538564103913648
0.5714285714285714	2.0132957043306368	1.2947517402492963	5	3.8794760160085042	0.6633783585918345
0.3942857142857143	2.228762715163796	1.2989035453629194	4	3.9219519748124294	0.6734258467905178
0.4228571428571429	1.9794684247636423	1.2337319860814808	4	3.6360575537022664	0.6780601575421187
0.22857142857142856	2.2554820126855226	1.1958482669506705	3	3.6799017082076215	0.6963507414571244
0.49142857142857144	2.056229652083136	1.3540184321482862	4	3.901676655659994	0.7158896149064597
0.31142857142857144	2.3578303157781817	1.4105856904650411	3	4.079844577671794	0.7467900179429126
0.34285714285714286	2.025437928577976	1.321655010119396	3	3.6899500815545148	0.7529690989450472
0.1457142857142857	2.4624430623679636	1.4118605235421697	2	4.020017871624419	0.81785944551902
0.8514285714285714	2.028876892023028	1.2263707072217453	9	4.106676170673344	0.5021401792528155
0.8028571428571428	2.1385580459011564	1.2179078835402524	8	4.159323072298552	0.5622481271913322
0.7542857142857143	2.0139109007010796	1.2109270540820058	8	3.9791236690688	0.4917301524644263
0.7057142857142857	2.1371227920872333	1.1998705622913794	7	4.042707640092899	0.5589378034243899
0.7828571428571428	2.0522915143608262	1.2108994000620226	8	4.046048057279991	0.5082410349927508
0.7342857142857143	2.1809863505555156	1.1961429090334148	7	4.111414973874645	0.5778073834567607
0.6857142857142857	2.038532470326856	1.1927511990248814	7	3.916997955066023	0.49721541234029676
0.6371428571428571	2.1863832718816654	1.1733894721444114	6	3.9969156011689337	0.576538548439566
0.8	1.9779819241887182	1.2599554839489506	8	4.037937408137669	0.5311239178756336
0.7514285714285714	2.096061104644535	1.2684000370828128	7	4.115889713155919	0.6039592496086268
0.7028571428571428	1.9536072244158755	1.247870888968068	7	3.9043352562410867	0.5206200257449102
0.6542857142857142	2.0873038183188544	1.2601456607450965	6	4.001735193349665	0.6038439307449484
0.7285714285714285	1.9974707828841578	1.2563310378867922	7	3.9823732493423787	0.5422368585245336
0.68	2.138477969865184	1.2668227755074624	6	4.085300745372646	0.6290635689878425
0.6314285714285715	1.9722817762650813	1.2463644557902664	6	3.8500748034839196	0.5318344744801731
0.5828571428571429	2.1364525993184973	1.2654105688521866	5	3.984720311027827	0.6339460502272714
0.8457142857142858	1.9454230445010525	1.2716824736616332	8	4.062819803876971	0.5588899099273399
0.7971428571428572	2.0588509564300597	1.2841434005570906	7	4.140137214130007	0.635691811953434
0.7457142857142857	1.9163970762014007	1.2615406077768874	7	3.923651969692574	0.5523525880897173
0.6971428571428572	2.0438919787353007	1.2794335951444253	6	4.020468431022583	0.6408652534805568
0.7771428571428571	1.9602606346696827	1.271979988504165	7	4.009383480316704	0.5739694208693409
0.7285714285714285	2.09506613028163	1.2888816344387652	6	4.112519193291824	0.6660848917234508
0.6771428571428572	1.9288699366815274	1.2655202121899276	6	3.871533006014312	0.5688557972157813
0.6285714285714286	2.0843583918182325	1.2943696955521515	5	4.0072995159418126	0.6783716375100015
0.7857142857142857	1.875335388758702	1.2915205867482409	7	3.952570261221229	0.5615112484111684
0.7371428571428571	1.995986676718819	1.3258270946606965	6	4.058956628522372	0.6515503571889163
0.6857142857142857	1.8297904831187164	1.2784732590631624	6	3.7939780278961646	0.5543212626812468
0.6371428571428571	1.9654630475428594	1.3281821998823393	5	3.930788104568056	0.6609301960685601
0.7142857142857143	1.8809646346650457	1.3049842214048673	6	3.900234570355627	0.579540900924141
0.6657142857142857	2.026872029398455	1.360198002809124	5	4.052784317921865	0.6911937619600329
0.6142857142857143	1.8274365970783315	1.3015909808779935	5	3.7433132922420396	0.5745188485508296
0.5657142857142857	1.996438831098414	1.3970625884127907	4	3.959215705225491	0.7128294117523667
0.8514285714285714	1.9183244635711394	1.268890363758399	8	4.03864339875811	0.5649077016594174
0.8028571428571428	2.0278811496530165	1.2804327118130354	7	4.111171004323195	0.6425692882186654
0.7542857142857143	1.885427269424357	1.2580042748626574	7	3.8977172585727287	0.5592300643549488
0.7057142857142857	2.007760537495416	1.2744997033088636	6	3.9879745265185655	0.6488889757899934
0.7828571428571428	1.9292908278926393	1.2683783647103593	7	3.9805263354601417	0.5808468971345723
0.7342857142857143	2.0589346890417457	1.2838563353717976	6	4.077076738699258	0.6741086140328876
0.6857142857142857	1.8927384954416429	1.2607390112847154	6	3.8391917924406442	0.5768795195252181
0.6371428571428571	2.0410006623303714	1.2872233555608734	5	3.9653668750341016	0.6880001042813254
0.8	1.8443655819816585	1.2894205395343261	7	3.9337861215159844	0.5683887246763999
0.7514285714285714	1.9598552354789345	1.322904002805576	6	4.034187809713082	0.6595740794983529
0.7028571428571428	1.793659041878832	1.2757942653697973	6	3.7723104501057723	0.5623449849906834
0.6542857142857142	1.9221053180549983	1.324189170708832	5	3.9005802030495444	0.670558662839884
0.7285714285714285	1.8448331934251614	1.302213820480096	6	3.8756184424766857	0.5875646232335776
0.68	1.9835142999105937	1.3560678627885077	5	4.019582162699102	0.7008222287313568
0.6314285714285715	1.7840788675904704	1.2978269881000097	5	3.713334427119052	0.5841473153221535
0.5828571428571429	1.9422416692385878	1.3908317027270518	4	3.915930514822782	0.7248649952165216
0.7971428571428572	1.8071554337671836	1.2918642263049722	7	3.8961625172150134	0.5479058062342976
0.7485714285714286	1.9164433958953806	1.3264754923514617	6	3.991490316818271	0.6356773413159005
0.6828571428571428	1.750247202295278	1.2764626523840417	6	3.709566997536462	0.538448246808231
0.6342857142857142	1.8700111105547332	1.3254172433306706	5	3.829714068171118	0.641882577020941
0.7285714285714285	1.8014213538416073	1.3056531320263145	6	3.8356459144393504	0.563667885051125
0.68	1.9314200924103286	1.3614523222083075	5	3.972872414618636	0.6721461429124138
0.6142857142857143	1.7319846600902054	1.2988567937223476	5	3.6451271680982673	0.5554712295032105
0.5657142857142857	1.8771239098632568	1.3929238655984026	4	3.835762061175945	0.6890198879428429
0.6228571428571429	1.7023419002787963	1.2708976577326419	6	3.596096700868581	0.5349150505840048
0.5742857142857143	1.8125247481349553	1.3237020447881345	5	3.710512507208804	0.6376427415518696
0.4828571428571429	1.6130893158148325	1.2251178962791305	5	3.321064354951106	0.5209678281426663
0.4342857142857143	1.7285047295190403	1.2939972598936011	4	3.456787703698356	0.6458906362421626
0.5428571428571428	1.6744982976704275	1.2867473597278143	5	3.5041028002553847	0.5512313940341392
0.4942857142857143	1.8052659568385345	1.383795297998453	4	3.6833469691227014	0.6837200936065038
0.40285714285714286	1.5559716664383805	1.2401946029253959	4	3.199023412220919	0.5378764518449995
0.35428571428571426	1.6908196682518402	1.4052382743145093	3	3.4503436568520636	0.7100764038784391
0.8285714285714286	2.124656960253371	1.2071844029478396	8	4.1604127917726395	0.5444945040029265
0.6514285714285715	2.2636897172898522	1.163156609923885	7	4.078274898642309	0.5376821968806136
0.7314285714285714	2.1212358370611932	1.1847177166432237	7	4.037382125132988	0.5386479483519262
0.5371428571428571	2.282870533071725	1.122896439336556	6	3.942909829551138	0.5265207025622662
0.76	2.165099395529475	1.1876901878023922	7	4.1127895833318675	0.557517528384297
0.58	2.3340446846180547	1.1218908052355436	6	4.035935489853598	0.5517403408051602
0.6628571428571428	2.167848491017952	1.1603588422860647	6	3.991064476161159	0.5528670508550251
0.4657142857142857	2.371132657021942	1.0631499783652463	5	3.899996921101474	0.5411581764080527
0.7771428571428571	2.0801741496184945	1.2532077601324427	7	4.1105247668937945	0.5836693945361631
0.6	2.2349652310552437	1.2232040291778383	6	4.0581692602330826	0.5770828926593401
0.68	2.068769037455141	1.237679652879663	6	3.9864486903348038	0.5801724331604072
0.4857142857142857	2.2522373127465687	1.19351412827598	5	3.9314657267368345	0.5715692386330684
0.7057142857142857	2.11994318900147	1.2537369418260154	6	4.0793944165417715	0.6053920714033014
0.5257142857142857	2.3136462946021643	1.2098494211097364	5	4.049210001426187	0.6018328045245414
0.6085714285714285	2.114210862282041	1.243986588127643	5	3.9667688789811124	0.605540253125822
0.4114285714285714	2.354906662603051	1.178592496610357	4	3.944927730641979	0.6011282149580023
0.8228571428571428	2.0429640014040196	1.268953277207793	7	4.134774421468956	0.6154019568809703
0.6457142857142857	2.191553391471689	1.24539808115031	6	4.082665758336285	0.6141042153949485
0.7228571428571429	2.0253571978715867	1.2569706023204934	6	4.005184943049223	0.6171937558960157
0.5285714285714286	2.200143105246304	1.2226760445376983	5	3.9513905783554306	0.6159948259157986
0.7542857142857143	2.076531349417916	1.2757988157988198	6	4.10661587950245	0.6424133941389099
0.5742857142857143	2.2615520871018995	1.2431677241694157	5	4.079005525557029	0.6462583918072714
0.6542857142857142	2.062116654781776	1.2729502373898602	5	3.9893526064573503	0.6499658404085522
0.45714285714285713	2.28978890322772	1.2272410655481738	4	3.974172825918751	0.6566601990614149
0.7628571428571429	1.9774518958551053	1.303308898013664	6	4.043617936725912	0.6278788596043752
0.5857142857142857	2.142656742826526	1.2988157815120176	5	4.02718681005283	0.62881695036583
0.6628571428571428	1.943221310506403	1.2926096747094182	5	3.898688128072964	0.6325243989671108
0.4685714285714286	2.1411697228835034	1.2839783511146636	4	3.8937195025695956	0.6348583972596131
0.6914285714285714	2.0046302923619983	1.338695738912183	5	4.034754602702753	0.6627879648585837
0.5114285714285715	2.2179309502029976	1.3478707238096508	4	4.0772302454412195	0.6726878546239542
0.5914285714285714	1.9686366598028435	1.3582334315806006	4	3.918298662812016	0.6773221653755551
0.3942857142857143	2.2410396594044584	1.3963055192994185	3	4.031630892989591	0.6953667519017064
0.8285714285714286	2.011994194626976	1.265240421682935	7	4.10580604488134	0.6222794331462017
0.6514285714285715	2.1554219502318053	1.24021705765987	6	4.047067579320247	0.6221279377043851
0.7314285714285714	1.9892257566317026	1.2520336769918083	6	3.9726880050520825	0.6252174782054523
0.5371428571428571	2.156785375758443	1.215296117911211	5	3.9092243508125115	0.6256232926871225
0.76	2.0403999081780317	1.2707704832387288	6	4.071170391416761	0.6504371164483465
0.58	2.2181943576140384	1.2356506866958195	5	4.033845044309858	0.6558868585785954
0.6628571428571428	2.0187589252939153	1.265799347158897	5	3.947415415309955	0.6595943071798762
0.4657142857142857	2.2355917413678936	1.2153653507741347	4	3.9166713778563143	0.6686957825255698
0.7771428571428571	1.9413204546152212	1.30038277266542	6	4.018846084423498	0.635902581913812
0.6	2.099299013338665	1.2944520548561924	5	3.9937510681948574	0.638445417137154
0.68	1.899863581018542	1.288612095296226	5	3.868475676314768	0.6421528657384348
0.4857142857142857	2.086972561023677	1.277358154370243	4	3.8500450011082057	0.646893980723768
0.7057142857142857	1.9612725628741372	1.3345610486518813	5	4.001547897240305	0.6724164316299076
0.5257142857142857	2.1637337883431713	1.341022008986715	4	4.030470083044172	0.6847234380881091
0.6085714285714285	1.9144394979430173	1.3519949621620533	4	3.8750058886764993	0.68935774883971
0.4114285714285714	2.1687767769246893	1.3839134516841238	3	3.964118800037385	0.7114141965205796
0.7742857142857142	1.8979086150316669	1.3039572772528074	6	3.9761516065701885	0.6120058437313594
0.5971428571428572	2.0472048058384003	1.3000393038377456	5	3.944386966819003	0.609769331318211
0.66	1.8477693735182772	1.2898446904803167	5	3.7976140639985942	0.6134767799194918
0.4657142857142857	2.021854801648346	1.279788299844516	4	3.7673573872071477	0.6110488734500893
0.7057142857142857	1.9091783553738721	1.3399500306339338	5	3.9548426717220915	0.6437403458109646
0.5257142857142857	2.0986160289678404	1.3503794657909234	4	3.9747097804730496	0.6488783308144304
0.5914285714285714	1.8493217385676863	1.3540946626371582	4	3.794844972633416	0.6535126415660313
0.3942857142857143	2.0819530977575815	1.3888644929692424	3	3.8651033050125383	0.6636207201556745
0.5971428571428572	1.7902830110984993	1.2880466862031308	5	3.6754725544444873	0.6092369444504204
0.42	1.9499968486236239	1.2878454484401451	4	3.6578422970637687	0.6057490791137501
0.45714285714285713	1.7007025582234698	1.2315796119146398	4	3.389425027280967	0.610383389865351
0.26285714285714284	1.8837941906319593	1.1917775049253256	3	3.3384288384144276	0.6061150512214342
0.5171428571428571	1.777463785542964	1.3448280854794588	4	3.6394347281652797	0.6482128472296921
0.33714285714285713	1.9861424937246184	1.3924389834357227	3	3.7157243343031983	0.6565543277072223
0.37714285714285717	1.653750106524413	1.321319748601944	3	3.352212712269214	0.662733408709357
0.18	1.9049113292876192	1.4115566979148235	2	3.496468027202443	0.6825059101654847
0.7942857142857143	2.092820667233696	1.1827088684900378	8	4.069815250009448	0.4926854794371951
0.7457142857142857	2.227305382410224	1.165696859943211	7	4.13871652806772	0.5600296056789829
0.6914285714285714	2.084851502181565	1.1536602591691623	7	3.9299403327792986	0.479437634562519
0.6428571428571429	2.2404221423788253	1.128660013221157	6	4.011939298457126	0.5557978076988253
0.7257142857142858	2.1287150606498466	1.1557596145396265	7	4.0101889609037595	0.4983072145948897
0.6771428571428572	2.2915962939251546	1.1264320170159587	6	4.09517116808397	0.5778123177365913
0.6228571428571429	2.1254001003250518	1.1178632635757373	6	3.866120506757932	0.48378835143404986
0.5742857142857143	2.320194588190462	1.0732726318221855	5	3.9677529342983617	0.5762907025719237
0.7428571428571429	2.043789814738866	1.2186801575379551	7	4.005327115133964	0.5244590807467558
0.6942857142857143	2.1925168403623436	1.2241093998938433	6	4.110911954541901	0.6083228282471016
0.64	2.0263206467622408	1.1915482331049254	6	3.8578688798671665	0.5110937337394321
0.5914285714285714	2.2012992439150887	1.1981830201363042	5	3.9909108354799647	0.6090571613383825
0.6714285714285714	2.0774947983085705	1.206383159947092	6	3.9553065296842336	0.5363133719823263
0.6228571428571429	2.2627082257706843	1.2126847698137817	5	4.098250138441609	0.6393207272298553
0.5685714285714286	2.063272793450561	1.1762667510955747	5	3.808110973117564	0.522645813820652
0.52	2.291234076563701	1.1888361374276262	4	4.000070213991327	0.6479881183396448
0.7857142857142857	2.006579666524391	1.2335485758851736	7	4.02584252812385	0.5561916430915631
0.7371428571428571	2.1491050007787895	1.24507551364693	6	4.131323371568577	0.64534415098271
0.6771428571428572	1.982908807178687	1.2096112443263707	6	3.869662908647915	0.5481150564750406
0.6285714285714286	2.1492050364148243	1.2255030290689446	5	4.003279494055198	0.6534827486211126
0.7171428571428572	2.034082958725016	1.2272170957005113	6	3.9784429115683846	0.5733346947179347
0.6685714285714286	2.2106140182704195	1.2441611655443834	5	4.123346612386231	0.6837463145125855
0.6085714285714285	2.0111785859502964	1.2033884930287142	5	3.823138507550439	0.5670714011033822
0.56	2.22611631718837	1.2344148608169803	4	4.02053117800535	0.7035201024430574
0.7228571428571429	1.9350035051622054	1.251091336850945	6	3.9089519848702934	0.5588001601834003
0.6742857142857143	2.091718673995046	1.2943554612903703	5	4.060359849571131	0.666304873071144
0.6142857142857143	1.8922832416749231	1.2175941687516567	5	3.724163124712294	0.5496299596619407
0.5657142857142857	2.0774971368441535	1.2820625437224447	4	3.925273966280884	0.6817183006412556
0.6514285714285715	1.9536922235305183	1.2618466897981426	5	3.8669674847572324	0.5798935255534136
0.6028571428571429	2.1542583641636477	1.342899011156967	4	4.100014518177757	0.7195477580055967
0.5428571428571428	1.9049640737634936	1.2356697427010606	4	3.6834909593216967	0.5737041162440925
0.4942857142857143	2.156142878018658	1.3973982132817724	3	4.047826805586144	0.7578466230772297
0.7942857142857143	1.9756098597473475	1.2315674019171874	7	4.00146297595025	0.5630691193567945
0.7457142857142857	2.112973559538905	1.2423188443361093	6	4.1010066895893	0.6533678732921466
0.6914285714285714	1.9467773659388028	1.2070986731773055	6	3.8453046105446793	0.5561387787844772
0.6428571428571429	2.1058473069269628	1.221759633711887	5	3.9704640834959926	0.6631112153924366
0.7257142857142858	1.997951517485132	1.2246131173200399	6	3.9482789205194573	0.5813584170273713
0.6771428571428572	2.167256288782558	1.2402806593402167	5	4.0846798052656315	0.6933747812839094
0.6228571428571429	1.9678208564624349	1.1998741340671804	5	3.790552133386758	0.5766998678747061
0.5742857142857143	2.1719191553285437	1.2286000314919905	4	3.9748049011062485	0.7155556859072123
0.7428571428571429	1.8988720639223209	1.2505895656823212	6	3.8923187724617847	0.5668238824928369
0.6942857142857143	2.048360944507185	1.2936282659039744	5	4.036274924696874	0.675933339842468
0.64	1.848925512187062	1.2172331206078941	5	3.7061586327949563	0.5592584264332646
0.5914285714285714	2.0232999749843272	1.2815032324270736	4	3.8962317788399723	0.6937538841054105
0.6714285714285714	1.910334494042657	1.2613485308072705	5	3.843111596278499	0.5895219923247375
0.6228571428571429	2.1000612023038214	1.3421111817830809	4	4.065029526944045	0.7315833414697517
0.5685714285714286	1.8507669119036674	1.2354921587315626	4	3.6548304992066587	0.5857396997082474
0.52	2.0838799955388896	1.3971279165645765	3	4.001007912103466	0.7738940676961029
0.7342857142857143	1.855460224338767	1.2529361320503232	6	3.8426820706748046	0.5429271443103842
0.6857142857142857	1.9962667370069203	1.2973736075564497	5	3.9793546302776557	0.647257254023525
0.6114285714285714	1.796831304686797	1.2166238084629073	5	3.6248836845782755	0.5305823406143216
0.5628571428571428	1.9581822156089959	1.2808635323528834	4	3.801902890819022	0.6579087768317318
0.6657142857142857	1.8582402865423924	1.2648956054602452	5	3.7888501777169235	0.5608459065057945
0.6171428571428571	2.03494344292849	1.3483987930388261	4	4.000485093110173	0.6957382341960728
0.5428571428571428	1.785649152528336	1.2345220136582045	4	3.563028309043683	0.5498945924345686
0.4942857142857143	1.9970563163717816	1.3959392667527695	3	3.8872812974102655	0.726100591331198
0.5571428571428572	1.739344942267019	1.2075384994328269	5	3.504026298842703	0.5263425051452503
0.5085714285714286	1.8863242625842735	1.2767751730270225	4	3.6716708641827243	0.6526089824953926
0.4085714285714286	1.63702997218412	1.1029173602746605	4	3.148518761030209	0.5067653407338883
0.36	1.7988974092461596	1.1806730733868014	3	3.3395704826329613	0.6685949223969576
0.47714285714285715	1.7137911995036137	1.2131099285790148	4	3.404043985225486	0.5445947980982295
0.42857142857142855	1.9012457123388184	1.375222741376269	3	3.705039882286516	0.7190341988827458
0.32857142857142857	1.568853325138613	1.0689195540887775	3	2.9663443077988187	0.5245760098674068
0.28	1.777566157208919	1.3930163295996278	2	3.450582486808547	0.7762257169287696
0.7714285714285715	2.2114184273841837	1.1513718064622291	7	4.134218805274984	0.5397397506065191
0.5942857142857143	2.3880835551152138	1.0810429282340683	6	4.063412197634996	0.5309996000644195
0.6685714285714286	2.2218873615151113	1.1074081182128672	6	3.9978669082994074	0.5321263101142844
0.4742857142857143	2.4359793016185334	0.9987206775675794	5	3.908985693471827	0.5162692875191639
0.7028571428571428	2.2730615130614407	1.1145602961916559	6	4.09047895211024	0.5541408201520501
0.5228571428571429	2.497388283474129	1.0016983039499903	5	4.0219437302812615	0.5465328534106367
0.6	2.2979528511540055	1.0536698203833583	5	3.951622671537364	0.5478849054704744
0.40285714285714286	2.584584148693007	0.8624209691895368	4	3.8498622607396866	0.5320032760656215
0.72	2.17398205949863	1.2028023010624538	6	4.0967843605610845	0.5846513306625607
0.5428571428571428	2.3784929391987557	1.1484442452765227	5	4.069794327332421	0.5769439156356524
0.6171428571428571	2.1790575068786326	1.1644271416868468	5	3.960627505708336	0.5806513642369332
0.4228571428571429	2.4359649683487903	1.0709880613959113	4	3.9298101726018446	0.5700171038468911
0.6485714285714286	2.240466488734228	1.1929991526403043	5	4.082037069945961	0.610914930128406
0.4685714285714286	2.5127261956682845	1.1056903453420535	4	4.086987969581767	0.6078465612112323
0.5457142857142857	2.2634319052681304	1.1530347251345425	4	3.9621809161169588	0.6124808719628332
0.3485714285714286	2.6340999866915067	0.9872026370450363	3	3.9698740523079716	0.608911694018077
0.7628571428571429	2.1305702199150756	1.223771429857042	6	4.11719879262926	0.6216726533981691
0.5857142857142857	2.3263987316984904	1.1801234305688775	5	4.092236447981653	0.6213695029183826
0.6542857142857142	2.126963299378368	1.1917516731817395	5	3.973000686845822	0.6250769515196632
0.46	2.3708472089734594	1.116904767388187	4	3.947751976361646	0.6255490879503037
0.6942857142857143	2.1883722812339625	1.2244800709331582	5	4.107138066452835	0.6553405174111362
0.5142857142857142	2.4476084362929535	1.1585343626642646	4	4.120428513242932	0.6633785453146449
0.5857142857142857	2.1983141458927995	1.1986209861276504	4	3.982649417734736	0.6680128560662458
0.38857142857142857	2.547276307524399	1.0791267993661606	3	4.014974535461988	0.6829543394892938
0.7	2.0694769369585897	1.2605212996685151	5	4.0299982366271045	0.6378990759696948
0.5228571428571429	2.298989255948737	1.2425746339237527	4	4.064421032729633	0.6415767435128431
0.5914285714285714	2.049694965548583	1.222680224015398	4	3.8638037609925524	0.646211054264444
0.39714285714285713	2.349117400398777	1.1751883885427763	3	3.9214486460844107	0.6538852704202249
0.6285714285714286	2.126456192868077	1.3069671269098873	4	4.0619947483493934	0.6840405116287851
0.44857142857142857	2.451465703491436	1.3179267257125138	3	4.217963857775378	0.704324546906013
0.52	2.1190733162912303	1.319550344113037	3	3.9586236604042675	0.7105036279081476
0.32285714285714284	2.6028961439378455	1.4098774626959036	2	4.3356307494908926	0.7541612389636706
0.7714285714285715	2.0944387786751917	1.221011727053098	6	4.086879077156861	0.6296963757076057
0.5942857142857143	2.2830410022106298	1.176009337729502	5	4.053336054225846	0.6309979696897065
0.6685714285714286	2.0836055698905067	1.188003727584997	5	3.9401807260469326	0.6347054182909873
0.4742857142857143	2.316650047113633	1.1107006270045159	4	3.901636388403863	0.6375846714144587
0.7028571428571428	2.145014551746102	1.2205950144893067	5	4.068466709092552	0.6649689841824602
0.5228571428571429	2.3934112744331273	1.1521017042020785	4	4.0683701214923484	0.6754141287787998
0.6	2.1441169840329732	1.1927985730698525	4	3.936915557102826	0.6800484395304007
0.40285714285714286	2.4750134250446307	1.0675668444723652	3	3.945437412374139	0.6990017841081672
0.72	2.026119207470729	1.2597895540424342	5	4.005908761513163	0.6475275427410188
0.5428571428571428	2.244792094088911	1.2413974934911847	4	4.029046730437238	0.653612326976998
0.6171428571428571	1.9954978036887567	1.2221133289872186	4	3.8347539898188323	0.6582466377285989
0.4228571428571429	2.2768545179190087	1.1741394697082175	3	3.8738511304843692	0.6699327150390981
0.6485714285714286	2.072259031008251	1.3061717138031923	4	4.027002173382872	0.69607609509294
0.4685714285714286	2.3792028210116674	1.3164207707209246	3	4.16419502030402	0.7203719915248863
0.5457142857142857	2.046810433811462	1.3192648799302242	3	3.911789599455972	0.7265510725270208
0.3485714285714286	2.4945018202181926	1.4092756838128673	2	4.252348932602489	0.7782324058919805
0.7114285714285714	1.9740249999704638	1.2635394182571622	5	3.9489929896561975	0.6188514569220758
0.5342857142857143	2.1796743347135794	1.2480230873498521	4	3.961983136349146	0.6177672197033193
0.5885714285714285	1.9303800443134258	1.2214811665167824	4	3.7404326394016367	0.6224015304549202
0.3942857142857143	2.1900308387519005	1.173626785102254	3	3.7579433381398686	0.6221392386741931
0.6428571428571429	2.0071412716329196	1.3124668626626919	4	3.962465277152754	0.6602309878192613
0.46285714285714286	2.2923791418445596	1.329762708774832	3	4.0849989934765345	0.6725785151599812
0.52	1.9599867546443541	1.3180913053259247	3	3.798078059970279	0.6787575961621157
0.32285714285714284	2.3642663014675307	1.408009881004695	2	4.0951333253293685	0.706542191344623
0.5314285714285715	1.8585220912887035	1.2172547976331716	4	3.6072054603504466	0.617101736118581
0.35428571428571426	2.0942202347189376	1.1872816921169116	3	3.6357876411215635	0.6150728462257409
0.38285714285714284	1.7618278475187321	1.0556482219245238	3	3.2003332123003987	0.6212519272278754
0.18857142857142858	2.0670279407790977	0.7645099710038517	2	3.020109340354378	0.6202836879432625
0.4514285714285714	1.8641761506113912	1.2970987608339248	3	3.6127034828738873	0.6716912037136635
0.2714285714285714	2.220550395418086	1.4113551818743324	2	3.90333414872099	0.6959426026719446
0.3028571428571429	1.721961814617778	1.1406920859488658	2	3.1655110434237868	0.7052112241751465
0.10571428571428572	2.292495968237555	1.0	1	3.398210253951841	0.7872340425531915
0.8542857142857143	2.0666429129408965	1.2285933069696395	9	4.149521934196251	0.5310644568235818
0.7828571428571428	2.181044819433758	1.2110612141118915	8	4.174963176402793	0.547899647014915
0.7571428571428571	2.0563976742336814	1.2138851757541447	8	4.027425707130683	0.5242699647315385
0.6857142857142857	2.1856791046959216	1.1908756609533604	7	4.062269051363568	0.5425395403656275
0.7285714285714285	2.0947782878934285	1.1906618734770957	8	4.014011589941953	0.540780847259863
0.6342857142857142	2.229542663164204	1.1562204766859745	7	4.020048854135893	0.5537850913813571
0.6314285714285715	2.0870887829355445	1.1659018214781078	7	3.8844191758422237	0.5344037692169965
0.5371428571428571	2.2430323032584685	1.1176856545843752	6	3.897860814985701	0.5460062753541015
0.8028571428571428	2.0204686977213204	1.2628236434556743	8	4.086149484034138	0.5636637301427458
0.7314285714285714	2.1446174172532233	1.2592851861909058	7	4.1353311748727	0.5875609865498643
0.7057142857142857	2.002163537024564	1.2518290928768276	7	3.9597069156156772	0.5578083826216098
0.6342857142857142	2.1439528496956575	1.2475724572228075	6	4.025811021204179	0.5847126238430587
0.6742857142857143	2.046027095492846	1.2293617107861305	7	3.949674520564691	0.5794252154012334
0.58	2.195127001241987	1.2109510285719833	6	3.98607802981397	0.5985312959023779
0.5771428571428572	2.0289308076418844	1.2087949855757203	6	3.8148686503604616	0.5752208908363226
0.4828571428571429	2.204431436970661	1.1818843300385387	5	3.869172909866343	0.597307322524714
0.8485714285714285	1.9879098180336547	1.2746309454712699	8	4.111112192076353	0.5914297221944521
0.7771428571428571	2.107407269038748	1.2751356327357348	7	4.15968575891734	0.6192935488946715
0.7485714285714286	1.964953388810089	1.2656058947561983	7	3.979130712137716	0.5895409449664171
0.6771428571428572	2.1005410101121034	1.2670103079209085	6	4.044694175175869	0.6217339465786671
0.7228571428571429	2.0088169472783712	1.2451177444740544	7	3.9767918346095685	0.6111577777460405
0.6285714285714286	2.151715161658433	1.2331598038020586	6	4.01344639403192	0.6355526186379863
0.6228571428571429	1.9855189680583303	1.2281006582741543	6	3.8364767691896273	0.612242213571931
0.5285714285714286	2.152337229470396	1.211068331186662	5	3.8919769892284863	0.641732909807444
0.7885714285714286	1.9238917013673904	1.295465924173664	7	4.007929054112482	0.5986996052878681
0.7171428571428572	2.052635708095622	1.313235878061736	6	4.083014443300215	0.6324190502870266
0.6885714285714286	1.8864395144955193	1.2841843191851354	6	3.8591952622520833	0.5977076790373965
0.6171428571428571	2.033441885195023	1.30957675657347	5	3.96016149891135	0.6379726277862924
0.66	1.9376136660418488	1.2673967381136502	6	3.865010404155499	0.6229273172802905
0.5657142857142857	2.094850867050618	1.2766447443804694	5	3.9372098971453733	0.6545550342574754
0.56	1.895415434730495	1.2454911375307385	5	3.7009065722612338	0.6265825481782091
0.4657142857142857	2.0814123781636185	1.258276127014318	4	3.805402790892222	0.6670310021241699
0.8542857142857143	1.9608112371037416	1.2717519489605145	8	4.08684890034997	0.5974475139265296
0.7828571428571428	2.0764374622617043	1.2713090951816512	7	4.130603700300498	0.6261710251599029
0.7571428571428571	1.9339835820330453	1.26195371303194	7	3.9530801522078427	0.5964184212316485
0.6857142857142857	2.064409568872219	1.2619142277513071	6	4.012038082337812	0.6297576688881037
0.7285714285714285	1.9778471405013274	1.2414002718702204	7	3.9478188409429764	0.6180352540112719
0.6342857142857142	2.1155837204185484	1.2279723164010508	6	3.9778417511053137	0.6435763409474229
0.6314285714285715	1.9493875268184457	1.223157269034902	6	3.803973367281919	0.6202659358813676
0.5371428571428571	2.108979499982535	1.2036787086943241	5	3.8498010658197166	0.6513613765787679
0.8028571428571428	1.8929218945903465	1.2932500281497206	7	3.98902906559721	0.6055770815530995
0.7314285714285714	2.0165042668557374	1.3101505978725754	6	4.058083436156884	0.6404427725964632
0.7057142857142857	1.8503080732556352	1.2813431371577304	6	3.837365496127651	0.6057314013468331
0.6342857142857142	1.9900841557071618	1.3053404448989028	5	3.929710314891779	0.6476010945576163
0.6742857142857143	1.9014822248019643	1.264464148854839	6	3.8402320879425176	0.6309510395897271
0.58	2.0514931375627574	1.2722713218587933	5	3.903764459421551	0.6641835010287993
0.5771428571428572	1.852057705242634	1.241483862251695	5	3.670684424637186	0.636211014949533
0.4828571428571429	2.027215216303792	1.2516397704934794	4	3.7617121296544145	0.6790665855883247
0.8	1.8557117463758719	1.295800797990918	7	3.95151254436679	0.5850941631109974
0.7285714285714285	1.9730924272721835	1.313872003717233	6	4.015535859560845	0.6165460344140108
0.6857142857142857	1.8068962336720809	1.2821614404707466	6	3.7747719598571132	0.5818346631643807
0.6142857142857143	1.9379899482068967	1.3067933919688994	5	3.8590690544615103	0.6189250087386733
0.6742857142857143	1.8580703852184104	1.2680533766998292	6	3.8004094762039538	0.6070543014072747
0.58	1.9993989300624921	1.2778806557267515	5	3.857279585789244	0.6355074152098563
0.56	1.7999634977423689	1.2427385423221913	5	3.60270204006456	0.60753492913059
0.4657142857142857	1.9620974569284613	1.2541067241117607	4	3.6819184667545075	0.6432214783146459
0.6257142857142857	1.7589909316555994	1.276428516443903	6	3.661133733813788	0.5783014669401545
0.5542857142857143	1.8805035857871188	1.3048262993631985	5	3.7396155994360316	0.614685173269602
0.4857142857142857	1.681068153466996	1.233695565935594	5	3.4004780051168755	0.5730315277700458
0.4142857142857143	1.8134782765842448	1.2630066535013256	4	3.4907706443712847	0.617193675889328
0.48857142857142855	1.742477135322591	1.2303772142644929	5	3.461425778158512	0.6032950936615187
0.3942857142857143	1.890239503903739	1.2445583330732026	4	3.529083551262656	0.6379216839783068
0.3485714285714286	1.6409452135035847	1.146713329802478	4	3.1362299718774915	0.6029560763792239
0.2542857142857143	1.8041177310054461	1.127702283095912	3	3.186105728387073	0.6490118577075099
0.8314285714285714	2.167143733785973	1.2093700730804677	8	4.207942378295012	0.5301460238265092
0.6314285714285715	2.31224602989854	1.1531317731998512	7	4.096806374526962	0.521283933821851
0.7342857142857143	2.1697921496698815	1.1877659347198568	7	4.091843798675453	0.5222496852931636
0.5171428571428571	2.339519564448528	1.1090492556492895	6	3.9657116772406744	0.5073893956603766
0.7028571428571428	2.2136557081381634	1.1598108748696039	7	4.07632372586491	0.5334952363088934
0.47714285714285715	2.3906937159948574	1.0647450781350873	6	3.932581651272802	0.5212080677196957
0.6057142857142858	2.224497522394755	1.1215153919065413	6	3.951727200015582	0.5223347777695604
0.3628571428571429	2.4391114946741057	0.9777127693041328	5	3.7796814068353815	0.5045194487054954
0.78	2.1287304622271828	1.2561360286551875	7	4.16486649088237	0.5672711314774004
0.58	2.2916142624320464	1.2091889161151286	6	4.080803178547175	0.5579515857574504
0.6828571428571428	2.125418068831944	1.2419668165378865	6	4.0502420282269735	0.5610411262585175
0.4657142857142857	2.3202161503987324	1.1727728402714868	5	3.958703276384505	0.5486116703508008
0.6485714285714286	2.1765922203782733	1.214725562071049	6	4.039889211020751	0.5748597983178367
0.4228571428571429	2.3816251322543276	1.124160317985458	5	3.928642593096929	0.5651940768219839
0.5514285714285714	2.1821896999342045	1.1857509000847644	5	3.9193691714475403	0.5689015254232646
0.30857142857142855	2.4398802096682553	1.0362462940525117	4	3.784697932292196	0.5553298053298054
0.8257142857142857	2.091520314012708	1.271988628801089	7	4.189223228528083	0.5990036938222076
0.6257142857142857	2.2482024228484923	1.2315328843863724	6	4.10544959294915	0.5949729084930588
0.7257142857142858	2.08200622924839	1.261407682277489	6	4.069128197240165	0.598062448994126
0.5085714285714286	2.2681219428984676	1.2021596309813631	5	3.978853002451259	0.593037257633531
0.6971428571428572	2.133180380794719	1.2369373523426257	6	4.067260590280202	0.6118811210534452
0.4714285714285714	2.3295309247540628	1.1577034954932957	5	3.95866299167593	0.609619664104714
0.5971428571428572	2.1300954924339397	1.21493942379514	5	3.9421777733719368	0.6133271127059947
0.35428571428571426	2.3747624502929243	1.0852696537372586	4	3.814317818315897	0.610861789433218
0.7657142857142857	2.034100927231908	1.3075780485952164	6	4.10739326154141	0.6087475527024855
0.5657142857142857	2.21063558047869	1.2780474738925178	5	4.054397340085494	0.6058593820835624
0.6657142857142857	2.0112001481585664	1.2992947821713179	5	3.97620921604417	0.6095668306848431
0.44857142857142857	2.226143269948708	1.249833474398115	4	3.924548172918251	0.6061614369067785
0.6342857142857142	2.072609130014162	1.2804330312542977	5	3.987327875554174	0.6261492371560261
0.4085714285714286	2.302904497268202	1.2054794885601272	4	3.916955414399758	0.6268894449957573
0.5342857142857143	2.053610206868048	1.2615978881334102	4	3.849493809287172	0.6315237557473583
0.2914285714285714	2.3543377221580637	1.112460987432275	3	3.75822728101891	0.6343022057307772
0.8314285714285714	2.0605505072356642	1.268159924466203	7	4.160139003130439	0.6058811700874391
0.6314285714285715	2.212070981608608	1.2261896725618924	6	4.069689225599071	0.6029966308024954
0.7342857142857143	2.0458747880085055	1.2563085686147641	6	4.036469070908984	0.6060861713035626
0.5171428571428571	2.2247642134106065	1.1945364218538161	5	3.93644349240728	0.6026657244048549
0.7028571428571428	2.097048939554835	1.2317468314484945	6	4.031652913860472	0.6199048433628818
0.47714285714285715	2.286173195266202	1.1499431755186396	5	3.913259227927699	0.6192481308760379
0.6057142857142858	2.0867377629460786	1.2075452510631168	5	3.8999972997234815	0.6229555794773187
0.3628571428571429	2.320565288433098	1.0729884681281199	4	3.756410899418361	0.622897372897373
0.78	1.997969485992024	1.3044897349129327	6	4.082459220904957	0.6167712750119221
0.58	2.167277850990829	1.2734404647356325	5	4.020718315726461	0.6154878488548864
0.6828571428571428	1.9678424186707055	1.2950539202570657	5	3.945753481784914	0.619195297456167
0.4657142857142857	2.1719461080888816	1.2428078068185948	4	3.8804682006217623	0.6181970203709335
0.6485714285714286	2.029251400526301	1.2760550584929362	5	3.9538778875906657	0.63577770392735
0.4228571428571429	2.2487073354083758	1.1982253029020917	4	3.8697897811676105	0.6389250284599123
0.5514285714285714	1.9994130450082217	1.2549539478797629	4	3.805795564316556	0.6435593392115131
0.30857142857142855	2.282074839678295	1.099257978146781	3	3.689904246396505	0.6503496503496504
0.7771428571428571	1.95455764640847	1.3082141557990918	6	4.039914659350419	0.5928745368294697
0.5771428571428572	2.1151836434905635	1.2792525881653438	5	3.971579088798764	0.5868117630359433
0.6628571428571428	1.9157482111704407	1.2965113898893148	5	3.8751167439168985	0.590519211637224
0.44571428571428573	2.1068283487135506	1.2456127430397979	4	3.7981553774676344	0.5823519130972546
0.6485714285714286	1.9771571930260357	1.2816689149231466	5	3.9073975365206106	0.607101618108407
0.4228571428571429	2.183589576033045	1.2079575504532303	4	3.8144042693434184	0.6030799211862334
0.5342857142857143	1.9342952856328908	1.2574284391017982	4	3.7260094390204035	0.6077142319378344
0.2914285714285714	2.1952511605111873	1.1049586009257601	3	3.591638332865519	0.6025561739847454
0.6	1.8582618487506628	1.2944614915489638	5	3.7527233402996267	0.5862793761681527
0.4	2.0349703956888283	1.2532500681968186	4	3.6882204638856466	0.5770521187609156
0.46	1.7856761052886743	1.2427399234736463	4	3.4884160287623205	0.5816864295125165
0.24285714285714285	1.9970922533855653	1.1235246830705765	3	3.363474079313285	0.5678524374176548
0.46	1.8624373326081685	1.2477420385054903	4	3.5701793711136585	0.6024144376014953
0.2342857142857143	2.0994405564782244	1.1076934445150235	3	3.441419715278962	0.5954897815362932
0.32	1.7670481692780189	1.1280855932859108	3	3.21513376256393	0.6016688625384277
0.07714285714285714	2.0748584234180276	0.5601338970484379	2	2.7121351776093223	0.5909090909090908
0.8342857142857143	2.135307440766298	1.2159744539111297	8	4.185567608963142	0.555780847259863
0.7628571428571429	2.275861695018912	1.1971119102704624	7	4.235830748146517	0.5785519775408552
0.7314285714285714	2.1334078147902527	1.19814836429708	7	4.062984750515904	0.5515466263598536
0.66	2.297071173755628	1.1728286714056895	6	4.129899845161318	0.5774072415376763
0.7085714285714285	2.177271373258535	1.1693201886581233	7	4.055162990488087	0.5704162063922242
0.6142857142857143	2.3482453253019577	1.127302131787301	6	4.089833171374973	0.5905270510560277
0.6057142857142858	2.182049131701855	1.1370356550680127	6	3.9247990724841535	0.5679155085309404
0.5114285714285715	2.3881734258426257	1.0748591855687701	5	3.9744611828399674	0.5885408637582551
0.7828571428571428	2.0923461273475543	1.2630483131119854	7	4.138251583316682	0.5965680725440905
0.7114285714285714	2.2491658717391467	1.2681101287029324	6	4.228704571870651	0.6299322620859527
0.68	2.082969678139044	1.2538512386349479	6	4.016820916773992	0.5952208908363226
0.6085714285714285	2.2692780815672524	1.2644654949395089	5	4.14231500507819	0.6349884819450037
0.6542857142857142	2.134143829685373	1.2253876220639244	6	4.013817166035012	0.6204405290792165
0.56	2.3306870634228476	1.2140194294972013	5	4.104706492920049	0.6515708884161867
0.5514285714285714	2.1312516311027245	1.2050548258603937	5	3.88773502839169	0.6235984023369204
0.45714285714285713	2.376207623628905	1.1915295395492775	4	4.0248800203210395	0.663300819822559
0.8257142857142857	2.0551359791330794	1.2780238145297547	7	4.15887407937712	0.6283006348888978
0.7542857142857143	2.205754032155592	1.2892261587547909	6	4.249265905196097	0.6669535848215611
0.7171428571428572	2.0395578385554898	1.272064166155165	6	4.028764861853512	0.632242213571931
0.6457142857142857	2.2171838740669876	1.2920103783203074	5	4.15490853810158	0.6794140692277338
0.7	2.090731990101819	1.246371474116116	6	4.037103464217935	0.6574618518148252
0.6057142857142858	2.278592855922583	1.2457206996759613	5	4.13002784131283	0.6959964756989169
0.5914285714285714	2.0791574236024593	1.2324014422416918	5	3.9029874372727225	0.6680239896196505
0.49714285714285716	2.311089864253574	1.2374830536855617	4	4.045715775081993	0.7188328039259716
0.7628571428571429	1.9916525365390083	1.3133763293042964	6	4.067886008700448	0.6429273172802905
0.6914285714285714	2.15969751164721	1.3606109164785682	5	4.21173699955435	0.6922361936777652
0.6542857142857142	1.9602620793270862	1.3113030390212546	5	3.9258508326340547	0.6505825481782092
0.5828571428571429	2.1624706839093575	1.3929572716853924	4	4.138285098451893	0.7141324513995322
0.6342857142857142	2.0216710611826816	1.290607744947955	5	3.946564520416351	0.680846114069682
0.54	2.2392319112288517	1.3455473805869402	4	4.124779291815792	0.7348604594885109
0.5257142857142857	1.9899376208286976	1.2840738039333666	4	3.79972571047635	0.699894851889428
0.43142857142857144	2.2694409407722635	1.4036328907736222	3	4.1045024029744575	0.7782635583877819
0.8342857142857143	2.024166172356036	1.2759267917517403	7	4.134378678393491	0.6351781111541291
0.7628571428571429	2.1696225909157083	1.2863073011099304	6	4.218787034882782	0.6749773071309977
0.7314285714285714	2.003426397315606	1.2693894066720597	6	4.004244375416237	0.6402659358813676
0.66	2.1738261445791265	1.28802370046219	5	4.121849845041316	0.6890425359990577
0.7085714285714285	2.0546005488619348	1.2436053074016047	6	4.006777284834968	0.6654855741242616
0.6142857142857143	2.2352351264347217	1.2415969109707345	5	4.09111775169117	0.7056249424702408
0.6057142857142858	2.0357996941145986	1.228643800779098	5	3.8701577806079825	0.6776524563909745
0.5114285714285715	2.2568927023937477	1.2312627535254725	4	3.999584027347792	0.7308683873901265
0.7828571428571428	1.955521095299124	1.312712369801632	6	4.0510906079578985	0.6509510395897271
0.7114285714285714	2.1163397821593484	1.3596404385911123	5	4.187408792179032	0.7018646604490892
0.68	1.9169043498392253	1.3106987083764317	5	3.907603058215657	0.660211014949533
0.6085714285714285	2.1082735220495312	1.3919924895549214	4	4.108837440175881	0.7261680348636871
0.6542857142857142	1.9783133316948205	1.2898663034560232	5	3.922465349436558	0.690474580841006
0.56	2.1850347493690254	1.3443540803779541	4	4.08938882974698	0.7468960429526659
0.5514285714285714	1.9357404589688714	1.283490749128769	4	3.770659779526212	0.7119304353535829
0.45714285714285713	2.197178058292495	1.402551652386227	3	4.056872567821579	0.7943110030066552
0.7742857142857142	1.9121092557155699	1.3152088524684065	6	4.001603822469691	0.6270543014072747
0.7028571428571428	2.0642455746590835	1.3636106546917461	5	4.130713372207973	0.6731885746301463
0.6514285714285715	1.8648101423389605	1.3103142706796032	5	3.826552984447135	0.6315349291305901
0.58	2.0431557626742003	1.3917275802276619	4	4.014883342901863	0.6903229275900084
0.6485714285714286	1.9262191241945554	1.293638252557156	5	3.8684288053231404	0.661798495022063
0.5542857142857143	2.1199169899936945	1.35101648238063	4	4.025219186660038	0.7110509356789871
0.5257142857142857	1.8706226995935404	1.2828953948023412	4	3.679232380110167	0.6760853280799042
0.43142857142857144	2.1103543791253867	1.4021125840682807	3	3.943895534622239	0.7465175266417503
0.5971428571428572	1.8073237799191826	1.300977067586358	5	3.7054437046483977	0.6272950936615187
0.5257142857142857	1.971297809649478	1.3872193974631923	4	3.884231492826956	0.6850231332536691
0.44857142857142857	1.722003519249324	1.2591172765131635	4	3.429692224333916	0.6329560763792239
0.37714285714285717	1.912195471999765	1.4024994608910457	3	3.6918377900336674	0.7118137900746596
0.46	1.7987647465688181	1.2610634862845431	4	3.519828232853361	0.6707855337435651
0.3657142857142857	2.0145437750924238	1.380556411814564	3	3.7608144726212736	0.739451134193298
0.31142857142857144	1.6821513878922183	1.1657646081317379	3	3.1593445674525276	0.6928303240611875
0.21714285714285714	1.9475132513393274	1.411831156810222	2	3.5764872652924065	0.8068511198945981
0.8114285714285714	2.2599747399928716	1.1948299762041326	7	4.2662332876255755	0.5582621224683915
0.6114285714285714	2.444732586492017	1.1237696768781802	6	4.1799308347987685	0.5526090339032705
0.7085714285714285	2.2785363928919145	1.1684371435779124	6	4.155544965041256	0.5537357439531354
0.49142857142857144	2.503958139270697	1.0630921821233184	5	4.058478892822587	0.5422006081257851
0.6828571428571428	2.3297105444382438	1.1322907781435112	6	4.144858465438897	0.5668555534714868
0.45714285714285713	2.5653671211262923	1.001121993385944	5	4.023631971655094	0.5587830145969681
0.58	2.365931688806169	1.080546924900712	5	4.026478613706882	0.5601350666568059
0.33714285714285713	2.6695576957582112	0.8619294208987455	4	3.868629973799814	0.5473159775485357
0.76	2.2306310908754328	1.2636633970520557	6	4.254294487927488	0.6062607645014118
0.56	2.4464717768509194	1.212563855769097	5	4.219035632620017	0.6028752362422737
0.6571428571428571	2.247036344530796	1.2560001672608208	5	4.1601793689344735	0.6065826848435545
0.44	2.5209385154139947	1.1783230481994862	4	4.139261563613481	0.6024312546051677
0.6285714285714286	2.3084453263863915	1.2196243630944932	5	4.156641118052313	0.6231650913147375
0.40285714285714286	2.597699742733489	1.1047789736126536	4	4.105335859203286	0.6231592626941465
0.5257142857142857	2.348405452333335	1.197879045207476	4	4.071998783255097	0.6277935734457474
0.28285714285714286	2.747398049445113	0.9863178322181408	3	4.0165730245203966	0.6293286293286293
0.8028571428571428	2.1872192512918787	1.284782442145416	6	4.274858836294437	0.6432820872370202
0.6028571428571429	2.394377569350654	1.2444679155096101	5	4.241702627717407	0.6473008235250038
0.6942857142857143	2.194942137030531	1.2835495732038715	5	4.172777424520117	0.6510082721262845
0.47714285714285715	2.455820756038664	1.2246145449386925	4	4.157578158120214	0.6579632387085803
0.6742857142857143	2.2563511188861263	1.2513301558355054	5	4.181966989007346	0.6675906785974676
0.44857142857142857	2.532581983358158	1.1579977816817952	4	4.139151193611381	0.6786912467975591
0.5657142857142857	2.283287692958004	1.243840096947514	4	4.092842075619804	0.68332555754916
0.32285714285714284	2.6605743702780047	1.0789915760331255	3	4.0624230891682735	0.7033712747998462
0.74	2.1374557746107534	1.3520673056274823	5	4.229523080238236	0.6638303965763159
0.54	2.3839628030139415	1.3498645880356497	4	4.273827391049592	0.6739908942711196
0.6314285714285715	2.1346685126137874	1.3757258699296282	4	4.141822953971987	0.6786252050227205
0.4142857142857143	2.4624154631523827	1.3907062353984745	3	4.2674074128365715	0.6971041380979268
0.6085714285714285	2.2114297399332816	1.3517664142911425	4	4.1717675827958525	0.6993532131116993
0.38285714285714284	2.5647637662450418	1.3169518555022621	3	4.264572764604447	0.7247414822165652
0.5	2.2323713790448365	1.4100868575074512	3	4.1424582365522875	0.7309205632186999
0.2571428571428571	2.772843238068254	1.4097666679608594	2	4.43975276317197	0.7847866419294991
0.8114285714285714	2.1510878100519943	1.2818605510074321	6	4.244376932487998	0.6513058095464568
0.6114285714285714	2.351019839862793	1.2401105401691743	5	4.202558951460539	0.6569292902963277
0.7085714285714285	2.1515844075426704	1.279558345106069	5	4.139714181220168	0.6606367388976084
0.49142857142857144	2.401623594178837	1.2180049337199217	4	4.11105709932733	0.6699988221727352
0.6828571428571428	2.212993389398265	1.2472018168905938	5	4.143052349146002	0.6772191453687915
0.45714285714285713	2.4783848214983313	1.1511596523845093	4	4.086687331025698	0.690726830261714
0.58	2.2290905310981772	1.2376122130546163	4	4.046702744152793	0.6953611410133149
0.33714285714285713	2.5883114877982365	1.0666206794691309	3	3.9920750244102248	0.7194187194187194
0.76	2.094098045122892	1.3510922775003413	5	4.205190322623233	0.6734588633476399
0.56	2.3297656411541148	1.3482819767679821	4	4.238047617922097	0.6860264777352745
0.6571428571428571	2.080471350753961	1.374753504066349	4	4.112367711963167	0.6906607884868754
0.44	2.3901525806726145	1.388846374893716	3	4.218998955566331	0.7131515827168001
0.6285714285714286	2.157232578073455	1.350565530349348	4	4.1363695369942315	0.7113887965758543
0.40285714285714286	2.4925008837652736	1.3146349588404733	3	4.20999298546289	0.7407889268354385
0.5257142857142857	2.160108496565068	1.4089904516544387	3	4.094813233933793	0.7469680078375731
0.28285714285714286	2.6644489143486014	1.4067320640672247	2	4.3540381212729695	0.8088578088578089
0.7514285714285714	2.0420038376226275	1.3550670161632277	5	4.1484994252144265	0.644782777528697
0.5514285714285714	2.264647881778784	1.3552823613735798	4	4.171358814580935	0.6501813704615957
0.6285714285714286	2.01535359137863	1.374496132342843	4	4.018421152292902	0.6548156812131967
0.4114285714285714	2.303328901505506	1.3890832717816133	3	4.103840744715691	0.6653581063518952
0.6228571428571429	2.092114818698124	1.3572354699557776	4	4.072207431511044	0.6755436893021756
0.39714285714285713	2.405677204598165	1.3287264783882415	3	4.131546540129264	0.6929954504705336
0.5	2.0732848173979597	1.4085664585440003	3	3.9818512759419598	0.6991745314726681
0.2571428571428571	2.534213395597939	1.407715005740634	2	4.19907125848143	0.7371675943104514
0.5714285714285714	1.9434956383539075	1.3698499400206237	4	3.8847741498031025	0.6495158868768576
0.37142857142857144	2.207518297472543	1.4018985319190538	3	3.980845400820168	0.658291713903443
0.4228571428571429	1.8751259102723379	1.361776445331332	3	3.6597594984608124	0.6644707949055775
0.2057142857142857	2.236975034909506	1.41117430630599	2	3.8538636269297815	0.6851119894598154
0.43142857142857144	1.9774742133649965	1.3867342671747833	3	3.795637051968351	0.6921081390242159
0.2057142857142857	2.3904974895484945	1.4085413659786217	2	4.004753141241402	0.726568005637773
0.28285714285714286	1.8919089087481864	1.4124124208671527	2	3.5871784724724822	0.7358366271409749
0.04	2.632390156498372	1.0	1	3.672390156498372	0.8484848484848484
0.8514285714285714	1.995924507496212	1.207180434504567	8	4.05453351342935	0.5219424634214791
0.78	2.1165669141388137	1.1854199776771888	7	4.081986891816002	0.5398795388684166
0.7542857142857143	1.9741130339101542	1.1890009239197872	7	3.917399672115656	0.5128741876874149
0.6828571428571428	2.1112272627288466	1.1600690521391468	6	3.9541534577251363	0.5322893964198312
0.7257142857142858	2.0179765923784365	1.1581618989945484	7	3.9018527770872704	0.5317437677197856
0.6314285714285715	2.162401414275176	1.1117273235199643	6	3.905557309223712	0.5454092059381828
0.6285714285714286	1.9962052206750733	1.1250231359030487	6	3.74979978514955	0.5227976634130951
0.5342857142857143	2.1651607326104876	1.0569106027138258	5	3.7563570496100276	0.5343994496168409
0.8	1.933051346467456	1.2542128637009693	7	3.9872642101684255	0.5578956338716519
0.7285714285714285	2.063321960712365	1.2557872967891777	6	4.0476806860729715	0.5848144169681078
0.7028571428571428	1.8971257671122623	1.2450906958235664	6	3.8450736057929715	0.5501030457184775
0.6314285714285715	2.0462653883351143	1.2513948766149376	5	3.9290888363786234	0.5808470678035896
0.6714285714285714	1.9482999186585916	1.213811890251748	6	3.833540380338911	0.5753226839613717
0.5771428571428572	2.10767437019071	1.196726027671438	5	3.881543255005005	0.5974294742747727
0.5742857142857143	1.9082389378705866	1.1931048576881906	5	3.6756295098444918	0.5694569881955063
0.48	2.097441757088733	1.1717299190831072	4	3.74917167617184	0.5956240521457914
0.8457142857142858	1.8958411982529808	1.2699091263087445	7	4.011464610276011	0.5896281962164591
0.7742857142857142	2.019910121128811	1.2779123925070444	6	4.07210822792157	0.621835739703716
0.7457142857142857	1.8537139275287082	1.2643126890097915	6	3.8637409022527853	0.5871243684540859
0.6742857142857143	1.9941711808348497	1.2804533584947482	5	3.948910253615312	0.6252726550863197
0.72	1.9048880790750375	1.2358048079699477	6	3.8606928870449853	0.6123440066969799
0.6257142857142857	2.055580162690445	1.2299408963492102	5	3.9112353447539405	0.6418550615575027
0.62	1.8561447303703218	1.2219650725685003	5	3.6981098029388217	0.6138825754782364
0.5257142857142857	2.032323997713402	1.220206097384411	4	3.778244380812099	0.6511560362492039
0.7857142857142857	1.8058086255122268	1.3060616395117106	6	3.897584550738223	0.5978094721624456
0.7142857142857143	1.9366848184150718	1.3497090776821907	5	4.000679610382977	0.6380947795363512
0.6857142857142857	1.7372493860949487	1.305744633878437	5	3.7287083056876713	0.5964411340367951
0.6142857142857143	1.8837048173691855	1.3838102562681982	4	3.881800787923098	0.6464556837227645
0.6571428571428571	1.798658367950544	1.2808265563039456	5	3.7366277813973463	0.6267046999282679
0.5628571428571428	1.9604660446886797	1.329362392667759	4	3.8526855802135813	0.6671836918117433
0.5571428571428572	1.7111717542885256	1.2767945387701187	4	3.545109150201502	0.6322180842126603
0.46285714285714286	1.8977531187187004	1.3893083467554632	3	3.7499186083313063	0.6880278681520917
0.8514285714285714	1.8648713914759372	1.2662149692417197	7	3.982514932146228	0.5965056724816904
0.78	1.9837786798889265	1.2727575468575694	6	4.036536226746496	0.6298594620131528
0.7542857142857143	1.8175824862888241	1.2594019415220719	6	3.8312701420966104	0.5951480907635225
0.6828571428571428	1.9508134513469884	1.2731126986297094	5	3.9067832928338406	0.6349011218576437
0.7257142857142858	1.8687566378351532	1.2308026532508218	6	3.825273576800261	0.6203677290064167
0.6314285714285715	2.0122224332025835	1.2224631256370622	5	3.866114130268217	0.6514835283288267
0.6285714285714286	1.8127870008824605	1.2148534490989857	5	3.6562118785528748	0.6235110422495604
0.5342857142857143	1.9781268358535757	1.2083958272127866	4	3.7208083773520766	0.6631916197133589
0.8	1.7696771842723422	1.3031616920044322	6	3.8728388762767745	0.605833194471882
0.7285714285714285	1.8933270889272105	1.3453846177878137	5	3.9672831352864524	0.6477232463076751
0.7028571428571428	1.6938916566070876	1.3017863212266927	5	3.698535120690923	0.606069600808119
0.6314285714285715	1.8295076555093592	1.377255504126192	4	3.838191731064123	0.6584912671869194
0.6714285714285714	1.7553006384626826	1.2767311328050925	5	3.7034603426963466	0.6363331666995918
0.5771428571428572	1.9062688828288534	1.3225791224472376	4	3.8059908624189482	0.6792192752758982
0.5742857142857143	1.6569745924286994	1.2706215139539856	4	3.501881820668399	0.6442536676768154
0.48	1.825490236238932	1.3770471683449974	3	3.68253740458393	0.704075312770965
0.7971428571428572	1.7262653446887883	1.3066672403372144	6	3.8300754421688596	0.5819364562894296
0.7257142857142858	1.8412328814269459	1.350868432387459	5	3.9178155995286903	0.6190471604887321
0.6828571428571428	1.6417974491068226	1.302915482028876	5	3.6275700739928416	0.5773935149891759
0.6114285714285714	1.7643898961340279	1.3795132589639518	4	3.755331726526551	0.6226461599132407
0.6714285714285714	1.703206430962418	1.282016680405237	5	3.6566516827962263	0.6076570808806488
0.5771428571428572	1.841151123453522	1.331764188614933	4	3.7500581692113126	0.6433741680022195
0.5571428571428572	1.591856833053368	1.2725488237925777	4	3.421548513988803	0.6084085604031366
0.46285714285714286	1.7386665570718243	1.3816534283570903	3	3.5831771282860574	0.6562818364060601
0.6228571428571429	1.5843110866870447	1.2942334599648124	5	3.5014016895089997	0.5731536795201047
0.5514285714285714	1.6925319431093055	1.376097044581452	4	3.6200575591193287	0.6173463655769015
0.4828571428571429	1.443237652709152	1.2569006463873562	4	3.182995441953651	0.5652793087024564
0.4114285714285714	1.5405076499462023	1.3983001869477676	3	3.3502364083225413	0.6215780998389695
0.4857142857142857	1.5199988800286457	1.251808883656749	4	3.2575220493996806	0.6031087660667974
0.3914285714285714	1.6428559530388611	1.3622811928673118	3	3.3965657173347443	0.6492154439576079
0.3457142857142857	1.3104635658386556	1.1653008346963525	3	2.8214786862492938	0.6025946338254973
0.25142857142857145	1.389981518258983	1.4111417954290761	2	3.0525518851166304	0.6714975845410629
0.8285714285714286	2.100679959112773	1.1831374437278177	7	4.112388831412019	0.5195896837959528
0.6285714285714286	2.258888675465235	1.107446928673007	6	3.994907032709671	0.5074911887854254
0.7314285714285714	2.0926924818651327	1.1556766844751125	6	3.9797977377688163	0.5086178988352903
0.5142857142857142	2.280945446038559	1.0440216893616197	5	3.839252849685893	0.48805919398437103
0.7	2.143866633411462	1.1167151300399165	6	3.960581763451379	0.5217377083536416
0.4742857142857143	2.3423544278941546	0.9778287171230531	5	3.794468859302922	0.5046416004555541
0.6028571428571429	2.142918995574031	1.0625970822913808	5	3.8083732207225545	0.5059936525153917
0.36	2.390791829218039	0.8321300097040286	4	3.582921838922067	0.4796392098717681
0.7771428571428571	2.0447871798486514	1.251339725302043	6	4.073269762293552	0.5611429193835666
0.5771428571428572	2.2234590836187813	1.1941485440365798	5	3.9947504847982183	0.5487338221008595
0.68	2.0240236512986582	1.2429282891818634	5	3.946951940480522	0.5524412707021403
0.46285714285714286	2.2421726488738223	1.156653577888726	4	3.8616833696196906	0.5347544869284
0.6457142857142857	2.0854326331542534	1.202329701514344	5	3.9334766203828835	0.5690236771733234
0.42	2.3189338761933165	1.0760715307999063	4	3.8150054069932224	0.5554824950173788
0.5485714285714286	2.0696395857931624	1.1780773251506618	4	3.796288339515253	0.5601168057689797
0.3057142857142857	2.3757102273915494	0.9469483784128491	3	3.628372891518684	0.5390929390929391
0.8228571428571428	2.001375340265097	1.2734678360614113	6	4.097700319183652	0.5981642421191751
0.6228571428571429	2.171364876118516	1.2275662022761042	5	4.021788221251763	0.5931594093835897
0.7228571428571429	1.9719294437983934	1.271991293623926	5	3.966777880279462	0.5968668579848704
0.5057142857142857	2.1770548894984914	1.2054677387929515	4	3.888236914005729	0.5902864710318126
0.6942857142857143	2.033338425653988	1.235549092754368	5	3.9631732326940705	0.6134492644560534
0.4685714285714286	2.2538161168179855	1.1318130030340674	4	3.8542005484234814	0.6110144791207914
0.5942857142857143	2.0045218264178315	1.2265610410557195	4	3.8253685817592653	0.6156487898723924
0.3514285714285714	2.2888865482244416	1.0446674505578732	3	3.6849825702108863	0.613135584564156
0.7628571428571429	1.9144430813786155	1.3411642070767182	5	4.018464431312477	0.6096889824349019
0.5628571428571428	2.105196936473769	1.3318097502718784	4	3.9998638296027904	0.606314126594352
0.6628571428571428	1.855902646073615	1.3665767549217902	4	3.885336543852548	0.6109484373459529
0.44571428571428573	2.0907276410988196	1.3726419916911343	3	3.9090839185042396	0.6068684478622368
0.6314285714285715	1.9326638733931092	1.3355793267813176	4	3.899671771602998	0.6316764454349317
0.4057142857142857	2.1930759441914787	1.2848116667909484	3	3.883601896696713	0.6345057919808752
0.5314285714285715	1.8606835569912732	1.395758114308004	3	3.7878702427278483	0.6406848729830097
0.2885714285714286	2.2153115049879095	1.3674823972875283	2	3.8713653308468663	0.6494331065759638
0.8285714285714286	1.9652438990252128	1.2683099569188134	6	4.062125284515455	0.6061879644286117
0.6285714285714286	2.1280071466306554	1.2198548449287476	5	3.9764334201308316	0.6027878761549137
0.7314285714285714	1.9285717143105323	1.2646460835192022	5	3.924646369258306	0.6064953247561944
0.5142857142857142	2.122857727638665	1.1932681575626456	4	3.830411599487025	0.6023220544959677
0.7	1.9899806961661273	1.2280667718025349	5	3.918047467968662	0.6230777312273774
0.4742857142857143	2.1996189549581593	1.1193849037252461	4	3.79328957296912	0.6230500625849464
0.6028571428571429	1.9503246645580052	1.2147431871512866	4	3.7679249945664344	0.6276843733365474
0.36	2.2166236657446734	1.0211166139708079	3	3.597740279715481	0.6291830291830294
0.7771428571428571	1.8710853518907544	1.3368351969426564	5	3.985063405976268	0.6193174492062259
0.5771428571428572	2.050999774613943	1.3246371689926755	4	3.9527798007494757	0.6183497100585069
0.68	1.8017054842137887	1.3600144190469754	4	3.8417199032607643	0.6229840208101078
0.46285714285714286	2.0184647586190514	1.3596021911633054	3	3.8409240926395	0.62291589248111
0.6457142857142857	1.878466711533283	1.3287884728279875	4	3.852969470075556	0.6437120288990866
0.42	2.12081306171171	1.271314830106089	3	3.812127891817799	0.6505532365997484
0.5485714285714286	1.7884206745115048	1.3834817684319212	3	3.720473871514854	0.6567323176018829
0.3057142857142857	2.1069171812682566	1.330907973324681	2	3.743539440307223	0.6735042735042736
0.7742857142857142	1.8189911443904894	1.342323534104554	5	3.9356003927807572	0.5906413633872829
0.5742857142857143	1.9858820152386114	1.3341602177632927	4	3.8943279472876187	0.5825046027848282
0.66	1.7365877248384578	1.3622797114884893	4	3.7588674363269474	0.5871389135364291
0.44285714285714284	1.9316410794519434	1.3648844163812417	3	3.739382638690328	0.575122416116205
0.6457142857142857	1.8133489521579516	1.3379810765994369	4	3.797044314471674	0.6078669216254079
0.42	2.0339893825446023	1.2904516779838964	3	3.744441060528499	0.6027597602348433
0.5314285714285715	1.7015969953443968	1.3881031036515215	3	3.62112867042449	0.6089388412369778
0.2885714285714286	1.9766816625175947	1.3470268999882087	2	3.612279991077232	0.6018140589569161
0.5971428571428572	1.6647297718137355	1.358725487548239	4	3.6205981165048318	0.5818391192000899
0.39714285714285713	1.8358304754189803	1.3798836132826209	3	3.6128569458444586	0.5680560236677528
0.45714285714285713	1.5034380882187748	1.357572972206766	3	3.318153917568398	0.5742351046698873
0.24	1.6794433018291617	1.3992658458573017	2	3.318709147686463	0.5497584541062802
0.45714285714285713	1.6057863913114339	1.3684548490462436	3	3.4313840975005343	0.6018724487885256
0.23142857142857143	1.83296575646815	1.3544050705180117	2	3.418799398414733	0.5912144702842378
0.3171428571428571	1.334377175667842	1.4117104619421423	2	3.0632304947528413	0.6004830917874396
0.07428571428571429	1.5173266903376832	1.0	1	2.5916124046233975	0.5777777777777778
0.7942857142857143	2.0642956242331447	1.151386272465758	7	4.009967610984617	0.5139659899420079
0.7228571428571429	2.2164402847723355	1.11223930325441	6	4.051536730883888	0.5335631657168565
0.6914285714285714	2.050244091172233	1.1134322685657732	6	3.8551049311665775	0.5020569226723544
0.62	2.2300073772070794	1.0545210870200408	5	3.9045284642271203	0.5231917201482419
0.6685714285714286	2.101418242718562	1.073248352026391	6	3.843238023316381	0.5240714327101204
0.5742857142857143	2.2914163590626746	0.9864945716251956	5	3.8521966449735845	0.5389354915702637
0.5657142857142857	2.0919809267425515	1.0007077510574096	5	3.6584029635142468	0.5118016405401586
0.4714285714285714	2.327119243178689	0.8520911601847935	4	3.650638974792054	0.5235548675766067
0.7428571428571429	2.0023387891557514	1.204237106224108	6	3.949433038237002	0.5545819432206309
0.6714285714285714	2.1725210147873013	1.197360636942107	5	4.041310223157979	0.5862217448061736
0.64	1.9730855824671782	1.1755851963512767	5	3.788670778818455	0.5445680993066174
0.5685714285714286	2.1785000628344724	1.1675251257084651	4	3.9145966171143662	0.5816143903100426
0.6142857142857143	2.0344945643227734	1.1331530655274782	5	3.781933344135966	0.5748316651980904
0.52	2.2552612901539666	1.0838871733591808	4	3.859148463513147	0.6023423983990214
0.5114285714285715	2.0059669997538125	1.0683009914830799	4	3.585696562665464	0.5673767907999385
0.41714285714285715	2.290813446005749	0.9736157828191195	3	3.681572085967726	0.6015728102684625
0.7857142857142857	1.958926949572197	1.2251372787640908	6	3.9697785140505735	0.5916032659562391
0.7142857142857143	2.1204268072870365	1.2289363878525539	5	4.0636489094253045	0.6306473320889037
0.6771428571428572	1.9209913749669134	1.2028062934642618	5	3.800940525574032	0.5889936865893475
0.6057142857142858	2.1133823034591415	1.2132694410642277	4	3.932366030237655	0.6371463744134551
0.66	1.9824003568225084	1.1645305494384246	5	3.806930906260933	0.6192572524808204
0.5657142857142857	2.1901435307786357	1.1365588000448794	4	3.892416616537801	0.657874382502434
0.5514285714285714	1.9408492403784814	1.1137148618396746	4	3.6059926736467274	0.6229087749033511
0.45714285714285713	2.2039897668386415	1.0651951638672181	3	3.726327787848717	0.6756154557396794
0.7228571428571429	1.8635050125471355	1.2646919021641596	5	3.8510540575684375	0.601815811039379
0.6514285714285715	2.041524350434419	1.3274659446216643	4	4.020418866484655	0.6531740299759945
0.6142857142857143	1.7922300600342649	1.2446409730447197	4	3.6511567473646993	0.6011069731015493
0.5428571428571428	2.0058308597130194	1.374990499678428	3	3.92367850224859	0.66934831903776
0.5942857142857143	1.868991287353759	1.2105876396437825	4	3.673864641283256	0.6389364304658904
0.5	2.1081791628056785	1.2810483642573127	3	3.8892275270629915	0.6969856631563984
0.4857142857142857	1.775786775605473	1.1568108593206554	3	3.418311920640414	0.650364853024288
0.3914285714285714	2.0879663329092093	1.3893008475497857	2	3.868695751887566	0.7431529133392487
0.7942857142857143	1.922795508332313	1.2224037538011128	6	3.9394849764191404	0.599626988265676
0.7228571428571429	2.0770690777991754	1.2248615617746264	5	4.024787782430945	0.6402757988602277
0.6914285714285714	1.8776336454790523	1.1990976146289674	5	3.768159831536591	0.5986221533606715
0.62	2.0591851415993148	1.2071307452829714	4	3.8863158868822865	0.6491819578776101
0.6685714285714286	1.9390426273346475	1.160684759756021	5	3.768298815662097	0.6288857192521444
0.5742857142857143	2.135946368918809	1.1301915861851077	4	3.840423669389631	0.6699099659665889
0.5657142857142857	1.886652078518655	1.1079578933842913	4	3.560324257617232	0.6349443583675061
0.4714285714285714	2.1317268843588733	1.0537660981782515	3	3.656921553965696	0.6916629003585526
0.7428571428571429	1.8201472830592742	1.2639994232995269	5	3.827003849215944	0.611444277810703
0.6714285714285714	1.9873271885745925	1.3263542487915108	4	3.9851100087946745	0.6652096134401494
0.64	1.7380328981744386	1.2441395226189542	4	3.622172420793393	0.6131425565657043
0.5685714285714286	1.933567977233251	1.3740724700486977	3	3.8762118758533775	0.6853957636566332
0.6142857142857143	1.8147941254939326	1.209857671139502	4	3.638937510919149	0.6509720139300453
0.52	2.03591628032591	1.2796732984705521	3	3.835589578796462	0.7130331077752716
0.5114285714285715	1.7035238931257046	1.156656284342671	3	3.3716087488969473	0.6664122976431612
0.41714285714285715	1.9795720091895563	1.389091736281235	2	3.7858066026136488	0.7672240802675586
0.7342857142857143	1.7680530755590094	1.2676458531323473	5	3.769984642977071	0.58276819199176
0.6628571428571428	1.9222094291992613	1.3328074520136652	4	3.91787402407007	0.6293645061664707
0.6114285714285714	1.6729151387991075	1.2433349695120055	4	3.527678679739685	0.5772974492920255
0.54	1.8467442980661428	1.3732150041697084	3	3.759959302235851	0.6376022872917282
0.6085714285714285	1.7496763661186014	1.2159804293624885	4	3.5742282240525185	0.6151269066563665
0.5142857142857142	1.949092601158802	1.2926704552514339	3	3.7560487706959504	0.6652396314103666
0.4857142857142857	1.6167002139585964	1.1551379284653462	3	3.2575524281382284	0.6186188212782562
0.3914285714285714	1.8493364904388945	1.3867915896539857	2	3.6275566515214517	0.6955338657202011
0.5571428571428572	1.6010571857743852	1.2276352376502653	4	3.385835280567507	0.5719976549556862
0.4857142857142857	1.7509336940331799	1.3639231852281073	3	3.6005711649755727	0.630535894843276
0.4085714285714286	1.4185413068329746	1.106428591698539	3	2.933541327102942	0.5611131523440158
0.33714285714285713	1.5520981297504615	1.3844929195569249	2	3.2737339064502438	0.6434782608695653
0.42	1.5208896099256333	1.1111986580170876	3	3.052088267942721	0.611552428829804
0.32571428571428573	1.7056205843894499	1.3212967126548474	2	3.352631582758583	0.6849342770475229
0.2714285714285714	1.2070320035891418	0.673050246717839	2	2.151510821735552	0.615003061849357
0.17714285714285713	1.2626363461802825	1.0	1	2.4397792033231394	0.7652173913043478
0.7714285714285715	2.1979055039086215	1.10900584462442	6	4.078339919961612	0.5098916681323153
0.5714285714285714	2.4072010724907456	0.9812615743119373	5	3.9598912182312542	0.493433870986955
0.6685714285714286	2.207765640170623	1.0478756688726827	5	3.9242127376147344	0.4947859230467927
0.4514285714285714	2.4718501349637783	0.832588962859746	4	3.755867669252096	0.4656295480360193
0.6428571428571429	2.2691746220262177	0.9939194147538176	5	3.905951179637178	0.5105296944688144
0.41714285714285715	2.5486113622832725	0.7297441383520171	4	3.695498357778147	0.4863575561249981
0.54	2.2993170718831184	0.8614738483952081	4	3.7007909202783265	0.48804762119979517
0.29714285714285715	2.681946875511491	0.31578759587458494	3	3.294877328528933	0.4469263539030982
0.72	2.150279277750845	1.1906324130600985	5	4.0609116908109435	0.5578159477047243
0.52	2.399992181939056	1.0815706922297124	4	4.001562874168768	0.54147283318163
0.6171428571428571	2.150697891538902	1.1533193689011632	4	3.921160117582922	0.5461071439332309
0.4	2.483787968385869	0.947421750287615	3	3.8312097186734837	0.5204133899786074
0.5885714285714285	2.227459118858396	1.0931318520118456	4	3.90916239944167	0.5668351520222097
0.3628571428571429	2.586136271478528	0.801211247889739	3	3.7502046622254097	0.5480507340972458
0.4857142857142857	2.253743884278322	0.9861210394498731	3	3.725579209442481	0.5542298150993803
0.24285714285714285	2.804901995918483	0.14245476462633824	2	3.190213903401964	0.5197505197505199
0.7628571428571429	2.09818507025058	1.222212686532798	5	4.0832548996405205	0.6022415349874544
0.5628571428571428	2.3348744225637246	1.1345803015183324	4	4.0323118669391995	0.5970048172850426
0.6542857142857142	2.085580132163571	1.1990712218606798	4	3.938937068309965	0.6016391280366435
0.43714285714285717	2.396964289218761	1.0396770965415572	3	3.8737842429031755	0.5944560354498243
0.6342857142857142	2.1623413594830647	1.145811016301298	4	3.942438090070077	0.6223671361256223
0.4085714285714286	2.4993125923114197	0.9073212168035522	3	3.8152052376864005	0.6220933795684627
0.5257142857142857	2.1669202051112144	1.0777154957054793	3	3.7703499865309795	0.6282724605705972
0.28285714285714286	2.674666477167821	0.4194930543978829	2	3.3770166744228467	0.6308144879573452
0.7	2.0137221791388487	1.3131297158603663	4	4.026851894999215	0.6176667835991829
0.5	2.3011536851857977	1.2899017293228094	3	4.091055414508607	0.6158262428665433
0.5914285714285714	1.9687612979855924	1.340333941481256	3	3.90052381089542	0.622005323868678
0.3742857142857143	2.377428116479388	1.3511777319285734	2	4.102891562693675	0.6214137829044661
0.5685714285714286	2.0711096010782515	1.2932926769800746	3	3.9329737066297543	0.6496426679873164
0.34285714285714286	2.5309505711183764	1.1325475325673051	2	4.0063552465428245	0.6628697990824237
0.46	2.0323619903180683	1.4080814836943414	2	3.90044347401241	0.6721384205856256
0.21714285714285714	2.913296319638136	1.0	1	4.1304391767809925	0.7210884353741497
0.7714285714285715	2.054827340762719	1.218133310215186	5	4.044389222406476	0.6118700017587784
0.5714285714285714	2.2806772607038983	1.127823776599879	4	3.9799296087323484	0.6090404007491976
0.6685714285714286	2.0313829703037447	1.1929249423466148	4	3.8928793412217884	0.6136747115007986
0.4514285714285714	2.3247014067389924	1.0274694087352276	3	3.8035993869027918	0.6105034800686975
0.6428571428571429	2.1081441976232385	1.1394362187087175	4	3.890437559189099	0.6344027195897773
0.41714285714285715	2.427049709831651	0.8946564928401921	3	3.7388490598147004	0.6381408241873359
0.54	2.0946573226314458	1.0662712625508959	3	3.700928585182342	0.6443199051894706
0.29714285714285715	2.5662721534481685	0.38541496859953356	2	3.248829979190559	0.654885654885655
0.72	1.9595250172790222	1.3120104362974045	4	3.991535453576427	0.6297023670633378
0.52	2.228890802706029	1.2877480414186857	3	4.036638844124715	0.6318736874854165
0.6171428571428571	1.896498415505824	1.3394007443859088	3	3.85304201703459	0.6380527684875512
0.4	2.2690337927597355	1.3486327543079333	2	4.017666547067669	0.6454849498327759
0.5885714285714285	1.9988467185984826	1.2919024437276967	3	3.879320590897608	0.6656901126061896
0.3628571428571429	2.422556247398724	1.128631446475574	2	3.914044836731441	0.6869409660107335
0.4857142857142857	1.9239676665984158	1.4078268700289396	2	3.817508822341641	0.6962095875139354
0.24285714285714285	2.6965076721988304	1.0	1	3.9393648150559732	0.7692307692307694
0.7114285714285714	1.894407257903691	1.3184711771233129	4	3.9243070064555754	0.5938572597896591
0.5114285714285715	2.142067123538921	1.3014211634054111	3	3.9549168583729033	0.5840802111205117
0.5885714285714285	1.8096747363387158	1.3385583537144274	3	3.736804518624572	0.5902592921226462
0.37142857142857144	2.138798274009073	1.348360503298215	2	3.8585873487358597	0.5737947352854185
0.5828571428571429	1.9120230394313744	1.304914675716086	3	3.7997948580046037	0.6178966362412845
0.35714285714285715	2.2923207286480616	1.1699230634454687	2	3.8193866492363875	0.615250751463376
0.46	1.7937321478477535	1.4055719490242138	2	3.659304096871967	0.6245193729665779
0.21714285714285714	2.436036634697506	1.0	1	3.6531794918403633	0.6258503401360545
0.5314285714285715	1.7138641323057529	1.3289905156573265	3	3.574283219391651	0.583192899674194
0.3314285714285714	1.9950823679596286	1.3859799234725498	2	3.71249086286075	0.5631951466127402
0.38285714285714284	1.4964937871593207	1.2617426088208537	2	3.141093538837317	0.572463768115942
0.1657142857142857	1.8415599133206404	1.0	1	3.007274199034926	0.5217391304347826
0.3914285714285714	1.6500162417983089	1.3392490146785763	2	3.3806938279054566	0.6139197842938996
0.1657142857142857	2.148604822598617	1.0	1	3.314319108312903	0.6046511627906977
0.24285714285714285	1.151427660998001	1.0	1	2.394284803855144	0.6231884057971014
best score
2	4.43975276317197	0.7847866419294991
0.8484848484848484
1