coverage		internal		external		size		score		f1
0.9570661896243292	3.451583951973988	1.0092267154891408	10	5.417876857087458	0.41658203702751506
0.6404293381037567	3.443480066970425	0.9107717655746248	9	4.994681170648806	0.35359943954561224
0.9266547406082289	3.4179167434593136	1.0582752901606642	9	5.402846774228207	0.45204641920806155
0.6100178890876565	3.4045914717659715	0.9598604229349531	8	4.974469783788581	0.3856240448134891
0.9409660107334525	3.414942087429828	1.05745493985354	9	5.41336303801682	0.44697040142176336
0.6243291592128801	3.4012449837328	0.9588152283283496	8	4.9843893712740295	0.3799135248039037
0.9069767441860465	3.3724862447827992	1.1066248945476398	8	5.386087883516486	0.48207247083025306
0.590339892665474	3.3507672916080495	1.0080736018342793	7	4.949180786107803	0.410450621753912
0.9570661896243292	3.2561658780020086	1.0619511243511004	9	5.275183191977439	0.4407915073706349
0.6404293381037567	3.2226217481265036	0.9646204649795685	8	4.8276715512098285	0.3729622689963842
0.9266547406082289	3.193863009176503	1.1197742915202018	8	5.240292041304933	0.4720818843283908
0.6100178890876565	3.1466264509151385	1.0256387018130266	7	4.7822830418158215	0.39903280860892654
0.9409660107334525	3.190516521143332	1.1200340177481052	8	5.25151654962489	0.469410695013148
0.6243291592128801	3.142801893162943	1.0259977254536392	7	4.7931287778294625	0.39598002082007766
0.9033989266547406	3.109934762934371	1.1770858641288982	7	5.1904195537180104	0.48624801367354376
0.5867620751341681	3.0408374039224237	1.0872935278003966	6	4.714893006856988	0.40338511355836093
0.9552772808586762	3.253733051241553	1.061307181640005	9	5.270317513740235	0.4398989697150024
0.6368515205724508	3.2198848180209914	0.9637101540406723	8	4.820446492634114	0.37195816413379756
0.924865831842576	3.1911260790709908	1.1194613443601282	8	5.235453255273695	0.47100948730188186
0.6064400715563506	3.143498530794553	1.025111592804849	7	4.775050195155753	0.39780721200720204
0.9391771019677997	3.187779591037819	1.119324705251666	8	5.246281398257285	0.4684065901505614
0.6207513416815742	3.1396739730423575	1.0249421293303076	7	4.7853674440542395	0.39483247240569297
0.9051878354203936	3.1068068428137856	1.1768267530439964	7	5.188821431278176	0.48502241707181926
0.5867620751341681	3.0371881637817406	1.0867769877022233	6	4.710727226618132	0.401955250856349
0.9552772808586762	3.009156355431523	1.1102012977007256	8	5.074634933990924	0.45841600364869917
0.6368515205724508	2.935533132349447	1.012810156611052	7	4.5851948095329496	0.3834146592607075
0.9212880143112702	2.9026660021208746	1.1744869940865321	7	4.998441010518677	0.47237370632439224
0.6028622540250447	2.7990238496400117	1.0835469241165698	6	4.485433027781626	0.3871984216510175
0.9391771019677997	2.898841444368679	1.1760574250579996	7	5.014075971394479	0.4706298643253247
0.6207513416815742	2.7945618655957833	1.085763338281396	6	4.501076545558753	0.38516393931877213
0.6797853309481217	2.7562168803291165	1.2340138286832483	6	4.670016039960487	0.48568897518666476
0.3613595706618962	2.602556472993729	1.1505051610971275	5	4.114421204752753	0.3861416873510696
0.9391771019677997	3.477065264982423	1.0216139046179538	9	5.437856271568176	0.44126399175896736
0.6225402504472272	3.4711335584794702	0.9120321383951151	8	5.005705947321812	0.3734938139332582
0.9069767441860465	3.4423748195294697	1.08032651843653	8	5.429678082152046	0.48424666605351363
0.590339892665474	3.430639948461386	0.972073421798063	7	4.993053262924923	0.41293541629478114
0.9230769230769231	3.439028331496298	1.0797074274682592	8	5.44181268204148	0.47853614604392825
0.6064400715563506	3.4268153907091907	0.9712606891771104	7	5.004516151442651	0.4064091077123979
0.8872987477638641	3.393948260480619	1.1398695658534108	7	5.421116574097894	0.5231621888853685
0.5706618962432916	3.372186484393046	1.0338351612832866	6	4.976683541919623	0.4464516513054898
0.9391771019677997	3.2604050958900017	1.0816658325287056	8	5.281248030386507	0.4715848902364087
0.6225402504472272	3.2226745500162797	0.9739044666063703	7	4.819119267069877	0.398464815360947
0.9069767441860465	3.1898074197877078	1.152305557044462	7	5.249089721018216	0.511744375740383
0.590339892665474	3.1340221702513174	1.0512911479055547	6	4.775653210822346	0.4331308693030068
0.9230769230769231	3.1859828620355124	1.1532327188695184	7	5.262292503981954	0.5086915879515342
0.6064400715563506	3.1295601862070885	1.0526069852654054	6	4.788607243028845	0.42956928354934976
0.8837209302325582	3.091215200940422	1.224271429814914	6	5.199207560987895	0.5348819418783937
0.5670840787119857	3.004554457727296	1.1340889162664507	5	4.705727452705732	0.4451732473811443
0.9373881932021467	3.2576681657844895	1.0807786375333344	8	5.27583499651997	0.4705807853738221
0.6189624329159212	3.2195466298956945	0.972611693817796	7	4.811120756629411	0.3973172669465622
0.9051878354203936	3.186679499667122	1.1518092692943176	7	5.243676604381833	0.5105187791386585
0.5867620751341681	3.1303729301106347	1.0504425604760417	6	4.767577565720845	0.43170100660099486
0.9212880143112702	3.182854941914927	1.1522079440042199	7	5.256350900230418	0.5075440395371495
0.6028622540250447	3.1259109460664054	1.0510185158746765	6	4.779791715966127	0.428230477065901
0.8855098389982111	3.087565960799738	1.2237980394779873	6	5.196873839275937	0.5334520791763817
0.5670840787119857	3.0001753695584754	1.1331481538920938	5	4.700407602162555	0.4434574121387299
0.9373881932021467	2.978714101222016	1.1349468624972676	7	5.05104915692143	0.4961262263921641
0.6189624329159212	2.8877466319246774	1.0268986007197407	6	4.533607665560339	0.414909695063418
0.9016100178890877	2.8494016466580097	1.2133872235895589	6	4.964398888136657	0.5186952499710502
0.5831842576028623	2.7143781925884007	1.1176003284916467	5	4.41516277868291	0.42574921709233204
0.9212880143112702	2.8449396626137813	1.216399031212606	6	4.982626708137658	0.5166607676388049
0.6028622540250447	2.709023811735327	1.122144756133375	5	4.434030821893747	0.4233078382936377
0.6440071556350626	2.6630098294153264	1.2847320673423726	5	4.591749052392761	0.5439378813351089
0.32558139534883723	2.4476325575176445	1.2047304665479983	4	3.97794441941448	0.43406599807772583
0.9552772808586762	3.436634001643973	1.0455518944219837	9	5.437463176924632	0.458676057913172
0.6350626118067979	3.425648387223714	0.9433906442274381	8	5.00410164325795	0.39308238835673837
0.9212880143112702	3.396889648273713	1.108127359382937	8	5.426305021967921	0.5038352404769937
0.6010733452593918	3.3786568955976644	1.0099159968866038	7	4.98964623774366	0.4353223584930441
0.9391771019677997	3.3935431602405415	1.1071486564022373	8	5.439868918610578	0.4981247204674083
0.6189624329159212	3.374832337845469	1.0086237815824124	7	5.002418552343802	0.4287960499106608
0.9016100178890877	3.341965207616897	1.1724891050774917	7	5.416064330583476	0.5455491310836313
0.5813953488372093	3.3115395893853705	1.0805872182209975	6	4.973522156443577	0.4725697505367965
0.9552772808586762	3.2149199246342453	1.1082216825300555	8	5.278418888022976	0.49117346465988876
0.6350626118067979	3.170691497152558	1.0100870537681683	7	4.815841162727524	0.4208517575592099
0.9212880143112702	3.137824366923986	1.1837445910250388	7	5.242856972260295	0.534131317938646
0.6010733452593918	3.073375275243642	1.0963904975023602	6	4.770839118005394	0.4592489685343135
0.9391771019677997	3.1339998091717907	1.1841922701668564	7	5.257369181306447	0.5310785301497972
0.6189624329159212	3.0689132911994133	1.0970350591056763	6	4.784910783221011	0.45568738278065657
0.8980322003577818	3.030568305932747	1.2620585292014752	6	5.190659035492004	0.5552115668320186
0.5778175313059034	2.9317781837180847	1.1923966183822894	5	4.701992333406277	0.46956879732549417
0.9534883720930233	3.212182994528733	1.107286411128366	8	5.272957777750123	0.49016935979730214
0.631484794275492	3.1675635770319728	1.0087301791045031	7	4.8077785504119674	0.4197042091448252
0.9194991055456172	3.1346964468034004	1.1831842013998037	7	5.237379753748822	0.5329057213369215
0.5974955277280859	3.0697260351029594	1.09545216744772	6	4.762673730278765	0.45781910583230156
0.9373881932021467	3.1308718890512055	1.183103393426467	7	5.251363475679819	0.5299309817354125
0.6153846153846154	3.06526405105873	1.0953568470898205	6	4.776005513533166	0.4543485762972078
0.8998211091234347	3.026919065792063	1.2614953962394213	6	5.1882355711549195	0.5548736121651003
0.5778175313059034	2.927399095549265	1.191321242070242	5	4.69653786892541	0.46916325172519224
0.9534883720930233	2.9267310483582945	1.164661806676011	7	5.044881227127329	0.5185131685904271
0.631484794275492	2.8270997369170012	1.0695842245939788	6	4.5281687557864725	0.44102779429472483
0.9159212880143113	2.788754751650334	1.2494318730100875	6	4.954107912674733	0.5415528301626173
0.59391771019678	2.64160191857919	1.1732943556584363	5	4.408813984434406	0.4531783133222127
0.9373881932021467	2.784292767606106	1.2517724048766001	6	4.973453365684852	0.5379912444089605
0.6153846153846154	2.636247537726116	1.1768318696653632	5	4.428464022776095	0.44890441041782436
0.6332737030411449	2.590233555406116	1.329457719193796	5	4.552964977641057	0.5109967048645206
0.3112701252236136	2.3566622150061316	1.2819849746936987	4	3.949917314923444	0.3928895274894906
0.9373881932021467	3.463431734987212	1.0613959515679865	8	5.462215879757345	0.4917050095967629
0.6171735241502684	3.4547049946988055	0.9466844965820085	7	5.0185630154310825	0.42145923748706604
0.9016100178890877	3.4218378644702336	1.1378627718399206	7	5.4613106541992416	0.5480339256245008
0.5813953488372093	3.4047243557142646	1.0308004017117667	6	5.016920106263241	0.4754686775011441
0.9212880143112702	3.4180133067180383	1.137138694720173	7	5.476440015749482	0.5415076170421175
0.6010733452593918	3.4002623716700353	1.0298045045488917	6	5.031140221478319	0.46785465082169686
0.8819320214669052	3.361917386403368	1.2193570078461486	6	5.463206415716423	0.6040665788568294
0.5617173524150268	3.329397080282831	1.1263110129521576	5	5.017425445650016	0.528194811755267
0.9373881932021467	3.213872466025127	1.1334728581182325	7	5.284733517345507	0.5335633246906665
0.6171735241502684	3.1620980575283073	1.0247179322609719	6	4.803989513939547	0.45858630974500414
0.9016100178890877	3.1237530722616396	1.2279795348247364	6	5.253342624975463	0.5907457968543464
0.5813953488372093	3.0435999033127565	1.1393132018522347	5	4.764308454002201	0.5122098733522874
0.9212880143112702	3.119291088217412	1.229419489886274	6	5.269998592414956	0.5871842111006893
0.6010733452593918	3.0382455224596825	1.1414998506516985	5	4.780818718370773	0.507935970447899
0.8783542039355993	2.992231540139682	1.3292466314016154	5	5.1998323754768965	0.6273649913095334
0.5581395348837209	2.8591596959230894	1.2786287508264391	4	4.6959279816332495	0.5383498855457566
0.9355992844364938	3.210744545904542	1.1321468047126002	7	5.278490635053636	0.5324157762762818
0.6135957066189625	3.158448817387624	1.0227076729137758	6	4.794752196920363	0.4572475032615553
0.8998211091234347	3.120103832120957	1.2270843545313426	6	5.247009295775734	0.5893159341523344
0.5778175313059034	3.039220815143937	1.1377397545431773	5	4.7547781009930175	0.510494038109873
0.9194991055456172	3.1156418480767276	1.2277844276316643	6	5.262925381254009	0.5858454046172406
0.5974955277280859	3.033866434290863	1.1388165804008172	5	4.7701785424197665	0.5063294026677604
0.8801431127012522	2.987852451970862	1.3282359797314376	5	5.196231544403552	0.6269594457092317
0.5581395348837209	2.853685835712065	1.2765598699278653	4	4.688385240523651	0.5378429535453793
0.9355992844364938	2.8774775339349987	1.1948310528330481	6	5.007907871204541	0.5725246226147576
0.6135957066189625	2.7480692573207883	1.0894549166350882	5	4.451119880574839	0.49034446426478084
0.8962432915921288	2.7020552750007876	1.29943796486547	5	4.897736531458387	0.610974507306252
0.5742397137745975	2.4964393644994716	1.2286771758715775	4	4.299356254145646	0.5178617805416548
0.9194991055456172	2.696700894147714	1.3041685690597284	5	4.92036856875306	0.6067006044018636
0.5974955277280859	2.489746388433129	1.2366060432072714	4	4.323847959368487	0.5125194019111693
0.5724508050089445	2.4322289105331283	1.3913350850983572	4	4.3960148006404305	0.5505105869630037
0.2504472271914132	2.06813224170882	1.3771870373186978	3	3.6957665062189307	0.40620564449579133
0.9445438282647585	3.59005766572712	0.9319915717752578	9	5.466593065767137	0.39186717934960447
0.627906976744186	3.5982500093172534	0.7971498492645271	8	5.0233068353259664	0.31792239997272487
0.8998211091234347	3.5694912703672528	0.9758442622343024	8	5.4451566417249895	0.4200813459990742
0.5831842576028623	3.5759158922759964	0.8332256462275024	7	4.9923257961063605	0.33960362194685045
0.8980322003577818	3.566144782334082	0.9729492109320068	8	5.437126193623871	0.4113089343705285
0.5813953488372093	3.5720913345238	0.8293782998278499	7	4.982864983188859	0.32957800865708387
0.776386404293381	3.5392242042952278	1.011853887075298	7	5.327464495663906	0.4449558282348839
0.4597495527728086	3.541675085510091	0.8552598701059683	6	4.8566845083888674	0.3552108972132577
0.9445438282647585	3.387521546727785	0.99145074628185	8	5.323516121274394	0.40741957018196917
0.627906976744186	3.36795049383089	0.8540795843096386	7	4.849937054884714	0.3251330210130161
0.8998211091234347	3.335083363602318	1.046347385318878	7	5.281251858044631	0.4335380150898984
0.5831842576028623	3.303510771368362	0.9035963666017769	6	4.790291395573001	0.3418901152107747
0.8980322003577818	3.3312588058501227	1.0442399333652344	7	5.2735309395731385	0.43048522730104954
0.5813953488372093	3.299048787324134	0.9006637446714476	6	4.781107880832791	0.33832852945711767
0.7710196779964222	3.2607038020574666	1.0917415840205626	6	5.123465064074451	0.4436411877861616
0.4543828264758497	3.207940779067749	0.9362641362429835	5	4.598587741786583	0.33568434247046575
0.9427549194991055	3.3847846166222726	0.9907667732416235	8	5.318306309363002	0.40641546531938255
0.6243291592128801	3.364822573710305	0.853057774127924	7	4.842209507051109	0.3239854725986314
0.8980322003577818	3.3319554434817324	1.0461220601755936	7	5.276109704015108	0.4323124184881739
0.5796064400715564	3.2998615312276787	0.9031271268218676	6	4.782595098121102	0.3404602525087628
0.8962432915921288	3.328130885729536	1.0434861211067956	7	5.26786029842846	0.42933767888666485
0.5778175313059034	3.2953995471834507	0.8994546229303224	6	4.772671701419677	0.3369897229736688
0.7728085867620751	3.2570545619167834	1.0916475413332394	6	5.121510690012098	0.4422113250841496
0.4543828264758497	3.203561690898929	0.9358923953430327	5	4.593836912717811	0.3339685072280514
0.9427549194991055	3.1239900450366265	1.0482825466523724	7	5.115027511188105	0.4179198657416795
0.6243291592128801	3.0572352330417214	0.906215217648927	6	4.587779609903529	0.3236689409711859
0.8944543828264758	3.0188902477750545	1.1121172353183517	6	5.025461865919882	0.4274544958788181
0.5760286225402504	2.9177645139288546	0.9666653347528961	5	4.460458471222001	0.3162603121816535
0.8962432915921288	3.014428263730826	1.110880583651219	6	5.021552138974174	0.4254200135465728
0.5778175313059034	2.9124101330757806	0.9648370734593545	5	4.455064737841038	0.3138189333829591
0.5456171735241503	2.8663961507557802	1.1565444768677615	5	4.568557801147692	0.4296296993159966
0.22719141323792486	2.7018654591932116	0.9927011302037467	4	3.921758002634883	0.2911807705538355
0.9266547406082289	3.6360333570807515	0.9390185782875607	8	5.501706675976541	0.4165450212127494
0.6082289803220036	3.6519639913771376	0.7832017777471852	7	5.043394749446326	0.33556210790533636
0.8801431127012522	3.6190968611485657	0.9929903167574662	7	5.492230290607284	0.4523151890783069
0.5617173524150268	3.634859851838984	0.8275409216843723	6	5.024118125938383	0.3637968181972513
0.8801431127012522	3.6152723033963694	0.9897111085422572	7	5.485126524639879	0.44228957578854045
0.5617173524150268	3.630397867794756	0.8229678409878518	6	5.015083061197635	0.3521002693591905
0.7567084078711985	3.5920528825280886	1.0385747135384251	6	5.387336003937713	0.48670772553329045
0.43828264758497315	3.6055596756324952	0.8544805071226358	5	4.8983228303401045	0.3873641877670203
0.9266547406082289	3.4111314627034592	1.0092832842363495	7	5.347069487548037	0.4378445881444727
0.6082289803220036	3.3922335536530266	0.8504144859143781	6	4.850877019889408	0.34691445044111135
0.8801431127012522	3.3538885683863593	1.0797304577314588	6	5.31376213881907	0.47338694353080746
0.5617173524150268	3.3197624986624215	0.9162825218443815	5	4.79776237292183	0.37137924936404076
0.8801431127012522	3.3494265843421314	1.0775932292593506	6	5.307162926302734	0.4698253577771504
0.5617173524150268	3.3144081178093474	0.9131033953433769	5	4.789228865567751	0.3671053464596523
0.7513416815742398	3.268394135489346	1.1399317299732683	5	5.159667547036854	0.49348053645450496
0.4329159212880143	3.20436294011017	0.9620088078326324	4	4.599287669230817	0.37099431697697105
0.924865831842576	3.408003542582874	1.008292295312668	7	5.341161669738119	0.436697039730088
0.6046511627906976	3.3885843135123435	0.848873316841913	6	4.842108793144954	0.3455756439576625
0.8783542039355993	3.350239328245676	1.079304367712796	6	5.307897899894071	0.4719570808287955
0.5581395348837209	3.315383410493601	0.9154127099474205	5	4.788935655324742	0.3696634141216264
0.8783542039355993	3.3457773442014482	1.076427257279472	6	5.30055880541652	0.46848655129370165
0.5581395348837209	3.3100290296405275	0.9111237605045923	5	4.779292325028841	0.36549877867951375
0.7531305903398927	3.2640150473205267	1.1396247137151867	5	5.156770351375607	0.4917647012120907
0.4329159212880143	3.198889079899145	0.9611126526208862	4	4.592917653808046	0.3688495229239531
0.924865831842576	3.1076130300597193	1.0760070996953017	6	5.108485961597597	0.45516576929121866
0.6046511627906976	3.024231852670453	0.9105619225605321	5	4.539444938021683	0.3495138402765342
0.8747763864042933	2.978217870350452	1.159626524670888	5	5.012620781425634	0.4740565061656927
0.554561717352415	2.8416426086865516	0.9945630016007131	4	4.390767327639679	0.34671427911595576
0.8783542039355993	2.972863489497378	1.158991353564678	5	5.010209046997655	0.4716151273669984
0.5581395348837209	2.8349496326202095	0.9935489101022931	4	4.386638077606223	0.34366255561758785
0.5098389982110912	2.7774321547202083	1.2134138751266694	4	4.500685028057969	0.48842601303388467
0.18962432915921287	2.5284032339582603	1.019154402815533	3	3.737181965933006	0.32342621259029924
0.9427549194991055	3.590548185824995	0.9705676385684364	8	5.503870743892537	0.43613359563622944
0.6225402504472272	3.599980938513416	0.8260419786150176	7	5.048563167575661	0.35794905010359923
0.8944543828264758	3.567113808284844	1.0310869644440774	7	5.492655155555397	0.4747021312765699
0.5742397137745975	3.5742129568313086	0.8819609304696262	6	5.030413601075532	0.389914917428558
0.8962432915921288	3.5632892505326477	1.0273282735456297	7	5.486860815670406	0.46467651798680343
0.5760286225402504	3.5697509727870806	0.8767165740165712	6	5.022496169343903	0.3782183685904973
0.7710196779964222	3.5314059875204133	1.0856824721134346	6	5.388108137630271	0.5128258247645971
0.45080500894454384	3.532783401623285	0.926769198021147	5	4.910357608588976	0.4187059068445884
0.9427549194991055	3.3591484098397375	1.0457199439962184	7	5.347623273335061	0.4602315303427357
0.6225402504472272	3.3315866586453513	0.9025105116021919	6	4.856637420694771	0.37303254967241817
0.8944543828264758	3.293241673378684	1.1251855089655627	6	5.312881565170722	0.49950504276211416
0.5742397137745975	3.2469862246532104	0.9860921517315345	5	4.807318090159343	0.4027209684416089
0.8962432915921288	3.288779689334456	1.1223770047369201	6	5.307399985663505	0.4959434570084572
0.5760286225402504	3.2416318438001364	0.9819061115957284	5	4.799566577936115	0.3984470655372204
0.7656529516994633	3.195617861480136	1.1987729845450548	5	5.160043797724654	0.5130568092904212
0.44543828264758495	3.1133925975986565	1.0627893205122716	4	4.621620200758513	0.39546465802186626
0.9409660107334525	3.3560204897191523	1.044664853197446	7	5.341651353650051	0.459083981928351
0.6189624329159212	3.327937418504668	0.9008795999045998	6	4.847779451325189	0.3716937431889693
0.8926654740608229	3.289592433238001	1.1246696763217727	6	5.306927583620596	0.4980751800601022
0.5706618962432916	3.2426071364843905	0.9850877258968831	5	4.798356758624565	0.4010051331991945
0.8944543828264758	3.285130449193773	1.1211212901319143	6	5.300706122152163	0.49460465052500846
0.5724508050089445	3.2372527556313164	0.9797918628192532	5	4.789495423459514	0.39684049775708197
0.7674418604651163	3.1912387733113157	1.1983313543492824	5	5.157011988125714	0.5126512636901194
0.44543828264758495	3.1079187373876316	1.0616688087377075	4	4.615025828772924	0.39495772602148904
0.9409660107334525	3.0469661350520436	1.1190484252068384	6	5.106980570992334	0.48128386852252547
0.6189624329159212	2.9514555786612418	0.9767509638638346	5	4.547168975440997	0.3808555593541023
0.889087656529517	2.9054415963412414	1.2158541042936255	5	5.010383357164384	0.49666632528713983
0.5670840787119857	2.7506722661750387	1.0909873893652706	4	4.408743734252295	0.37497655301776456
0.8944543828264758	2.900087215488168	1.214212019552614	5	5.008753617867258	0.4923924223827514
0.5724508050089445	2.743979290108696	1.0882951084755146	4	4.404725203593155	0.36963417438727897
0.4991055456171735	2.6864618122086954	1.2915576373656164	4	4.477124995191485	0.4472495424456494
0.1771019677996422	2.4071094439429097	1.1808654374134162	3	3.7650768491559683	0.2685242518059856
0.924865831842576	3.643161907385985	0.9825255982636103	7	5.550553337492171	0.4706606172350559
0.6028622540250447	3.6629357391159734	0.8126828786451127	6	5.078480871786131	0.38519981771345835
0.8747763864042933	3.624590753849306	1.059886909209942	6	5.559254049463542	0.521411745748591
0.552772808586762	3.6446051212179578	0.8861109287009613	5	5.083488858505681	0.4290090120253808
0.8783542039355993	3.620128769805078	1.0554379462151082	6	5.553920919955786	0.50971519691053
0.556350626118068	3.639250740364883	0.8794642004158681	5	5.075065566898819	0.41497315341970775
0.7513416815742398	3.593236758044882	1.1331246231673822	5	5.477703062786504	0.5765021008286277
0.4293381037567084	3.6104162183045894	0.9499865125542479	4	4.989740834615546	0.47477127244462447
0.924865831842576	3.381964455663349	1.074051131497954	6	5.380881419003878	0.5045293779924509
0.6028622540250447	3.353453563394808	0.9074523767723323	5	4.863768194192185	0.4087501707180128
0.8747763864042933	3.307439581074808	1.1816764484236075	5	5.3638924159027095	0.5605171624256482
0.552772808586762	3.2531697470919965	1.031020218701615	4	4.836962774380374	0.4547900994409
0.8783542039355993	3.302085200221734	1.178683498475133	5	5.359122902632466	0.5562432595212597
0.556350626118068	3.246476771025654	1.0260764957994206	4	4.828903892943143	0.4494477208104145
0.7459749552772809	3.188959293125653	1.2878739100586627	4	5.222808158461596	0.5927099005019154
0.42397137745974955	3.07710608516552	1.167489161038925	3	4.668566623664194	0.46247139588100683
0.9230769230769231	3.3783152155226657	1.072463369561608	6	5.3738555081611965	0.5031905715090019
0.5992844364937389	3.3490744752259887	0.904840056998847	5	4.853198968718575	0.4071436029378742
0.8729874776386404	3.3030604929059875	1.1807367472308254	5	5.3567847177754535	0.5588013271832338
0.5491949910554562	3.2476958868809715	1.0290695885987011	4	4.825960466535129	0.45264530538788206
0.8765652951699463	3.2977061120529143	1.1766339743405272	5	5.350905381563388	0.5546366917411212
0.552772808586762	3.2410029108146294	1.022276160793467	4	4.816051880194858	0.44743951108524127
0.7477638640429338	3.1834854329146283	1.2868612726872144	4	5.218110569644776	0.5922029685015381
0.42397137745974955	3.069807604884154	1.1646949633994736	3	4.658473945743377	0.4617954865471705
0.9230769230769231	3.011908935082839	1.1628219469309464	5	5.097807805090708	0.5386517533381416
0.5992844364937389	2.883756439602036	0.9993701124978241	4	4.482410988593599	0.4274583380815168
0.8694096601073346	2.826238961702035	1.2982279725578407	4	4.99387659436721	0.5722217954978136
0.5456171735241503	2.593478976600696	1.18765635791471	3	4.326752508039556	0.43515392254220453
0.8765652951699463	2.819545985635693	1.2975241753136373	4	4.993635456119277	0.5668794168673281
0.552772808586762	2.5845550085122397	1.1863378174501618	3	4.3236656345491635	0.4280307510348905
0.43828264758497315	2.5078650379789047	1.3935681272510951	3	4.339715812814973	0.4786856644373364
0.11449016100178891	1.9995380984653313	1.3601728149415524	2	3.4742010744086724	0.22631578947368425
0.9552772808586762	3.53482581607324	1.0102925300096879	9	5.500395626941604	0.44225964149675556
0.6386404293381037	3.536114178456639	0.8982753058282809	8	5.0730299136230235	0.37461391988826986
0.924865831842576	3.507355439506638	1.0712410103760037	8	5.503462281725218	0.4853667720085253
0.6082289803220036	3.504903514149579	0.9610250383852762	7	5.074157532856859	0.4142155373862231
0.9391771019677997	3.504008951473467	1.0699963414415292	8	5.513182394882795	0.4796562519989398
0.6225402504472272	3.501078956397383	0.9593782018093849	7	5.082997408653996	0.4076892288038396
0.9051878354203936	3.4682118261688113	1.134215511160763	7	5.507615172749968	0.5244423099768103
0.5885509838998211	3.458827311029271	1.0274113629819932	6	5.074789657911085	0.44794512591217195
0.9552772808586762	3.3253857158671702	1.0736485102975148	8	5.354311507023361	0.47270499619142026
0.6386404293381037	3.296938115704473	0.9642803309660305	7	4.899858876008607	0.39974493645238873
0.924865831842576	3.2640709854759007	1.1489098540791998	7	5.337846671397677	0.5130244968318249
0.6082289803220036	3.220662996887542	1.0480290420226015	6	4.876921019232148	0.43462434390968896
0.9391771019677997	3.2602464277237053	1.1490029119493177	7	5.348426441640823	0.5099717090429761
0.6225402504472272	3.216201012843314	1.0481771338455381	6	4.886918397136079	0.431062758156032
0.9016100178890877	3.177856027576647	1.2285613841401555	6	5.30802742960589	0.5305869422073941
0.5849731663685152	3.108523449690765	1.1427616651569334	5	4.836258281216214	0.4400192477759447
0.9534883720930233	3.322648785761658	1.0727543135419129	8	5.348891471396595	0.47170089132883364
0.6350626118067979	3.2938101955838874	0.9629782224971484	7	4.8918510298878335	0.39859738803800404
0.9230769230769231	3.2609430653553155	1.1484042306487479	7	5.332424219080986	0.5117989002301004
0.6046511627906976	3.217013756746859	1.0471673846406575	6	4.868832304178214	0.433194481207677
0.9373881932021467	3.2571185076031197	1.1479688014037113	7	5.342475502208978	0.5088241606285915
0.6189624329159212	3.2125517727026307	1.0465755945023782	6	4.8780898001209305	0.42972395167258315
0.9033989266547406	3.1742067874359634	1.2280749238507978	6	5.305680637941502	0.5302489875404759
0.5849731663685152	3.1041443615219455	1.1418012978539305	5	4.830918825744391	0.4396137021756428
0.9534883720930233	3.052977666910209	1.1329660716241452	7	5.139432110627378	0.497406347483606
0.6350626118067979	2.974387458560902	1.0256173717657824	6	4.635067442133482	0.41640316967010016
0.9194991055456172	2.9360424732942345	1.2208258003807095	6	5.076367379220561	0.5169282055379929
0.6010733452593918	2.818347184551871	1.1309960110809933	5	4.550416540892256	0.4236287637726631
0.9373881932021467	2.9315804892500066	1.2226698624668428	6	5.091638544918996	0.5133666197843358
0.6189624329159212	2.812992803698797	1.133788820417351	5	4.565744057032068	0.4193548608682749
0.6779964221824687	2.7669788213787965	1.3094558402440113	5	4.754431083805277	0.5028267702239978
0.3595706618962433	2.577593797471982	1.2496664503884307	4	4.186830909756656	0.382677109188837
0.9373881932021467	3.573897526220137	1.0219581347367597	8	5.533243854159043	0.4732365411282944
0.6207513416815742	3.5809516132507206	0.8943915809816227	7	5.096094535913918	0.4003524163802449
0.9051878354203936	3.5480844830221483	1.0965418420958337	7	5.549814160538375	0.5269271045176797
0.5885509838998211	3.5520120773581643	0.9733582763144608	6	5.113921337572446	0.4508440528765195
0.9212880143112702	3.5442599252699525	1.0954631437043862	7	5.561011083285608	0.5204007959352963
0.6046511627906976	3.547550093313936	0.9718659093712062	6	5.124067165475839	0.4432300261970722
0.8855098389982111	3.5092051080472686	1.176779192867282	6	5.571494139912762	0.5794419542322047
0.5688729874776386	3.506142346255512	1.0630550548504814	5	5.138070388583632	0.4986452622057175
0.9373881932021467	3.3401190845770423	1.0952361640733355	7	5.372743441852524	0.5124565035838454
0.6207513416815742	3.309385779172207	0.971593736842532	6	4.901730857696314	0.43396168512037947
0.9051878354203936	3.2710407939055397	1.190216119605115	6	5.366444748931048	0.5661211722297217
0.5885509838998211	3.2203451692854372	1.0832788433894267	5	4.892174996574685	0.4826603238027378
0.9212880143112702	3.2665788098613118	1.191159604886273	6	5.379026429058856	0.5625595864760646
0.6046511627906976	3.214990788432363	1.0847207875183211	5	4.904362738741382	0.4783864208983495
0.8819320214669052	3.1689768061123624	1.2955087385664656	5	5.346417566145734	0.5978154417599839
0.5652951699463328	3.0800912783889403	1.2234168700455628	4	4.868803318380836	0.5014129486088197
0.9355992844364938	3.3369911644564567	1.0939648768624866	7	5.366555325755437	0.5113089551694607
0.6171735241502684	3.3057365390315243	0.9696601501680324	6	4.892570213349825	0.4326228786369307
0.9033989266547406	3.2673915537648566	1.1893976119844176	6	5.360188092404015	0.5646913095277097
0.5849731663685152	3.2159660811166177	1.0818204050894138	5	4.8827596525745465	0.48094448856032357
0.9194991055456172	3.262929569720629	1.1896012153043596	6	5.372029890570606	0.5612207799926159
0.6010733452593918	3.2106117002635437	1.0821525262764844	5	4.89383757179942	0.4767798531182109
0.8837209302325582	3.1645977179435425	1.2946130959053321	5	5.342931744081433	0.5974098961596821
0.5652951699463328	3.074617418177915	1.2215396708287298	4	4.861452258952978	0.5009060166084424
0.9355992844364938	3.0247652555788993	1.1614622402649888	6	5.121826780280382	0.5478999979901329
0.6171735241502684	2.9248145232934686	1.0400124621496238	5	4.58200050959336	0.46079491471523126
0.8998211091234347	2.8788005409734683	1.2730366806782327	5	5.051658330775135	0.5814249577567024
0.5813953488372093	2.7173709469653216	1.185692976170556	4	4.484459271973087	0.4809248436047179
0.9194991055456172	2.873446160120394	1.277022580201922	5	5.069967845867933	0.5771510548523141
0.6010733452593918	2.71067797089898	1.1923806690553007	4	4.5041319852136725	0.4755824649742324
0.6422182468694096	2.6531604929989787	1.3855116614434326	4	4.680890401311821	0.5799223516688861
0.32379248658318427	2.3627076849966206	1.367576071230929	3	4.054076242810734	0.4454213307703011
0.9338103756708408	3.5284123549643804	1.0343390898967393	8	5.49656182053196	0.4660105651523184
0.6135957066189625	3.528968560386999	0.9116743083549269	7	5.0542385753608885	0.39209415812198667
0.8998211091234347	3.4961014301584266	1.1090810162879166	7	5.505003555569778	0.5186688462594214
0.5796064400715564	3.491365182350489	0.991997822207375	6	5.06296944462942	0.44120941824188487
0.9159212880143113	3.4922768724062307	1.1075228352132303	7	5.515720995633773	0.5121425376770381
0.5957066189624329	3.4869031983062606	0.9898341795075859	6	5.072443996776279	0.43359539156243754
0.8783542039355993	3.4485582130395933	1.1881064885499515	6	5.515018905525144	0.5698073195975701
0.5581395348837209	3.4333660722463017	1.081673051410483	5	5.073178658540506	0.48708370064415585
0.9338103756708408	3.2881360317133206	1.1061153503386756	7	5.328061757722836	0.5041982453255871
0.6135957066189625	3.2487388841645317	0.9879092996380063	6	4.850243890421501	0.4243270504857448
0.8998211091234347	3.2103938988978644	1.1998907079468792	6	5.310105715968179	0.5564865375950871
0.5796064400715564	3.1475688952762266	1.09941777893807	5	4.826593114285853	0.4710987622411762
0.9159212880143113	3.2059319148536365	1.2001629174715027	6	5.322016120339451	0.5529249518414301
0.5957066189624329	3.1422145144231526	1.099852809432163	5	4.837773942817748	0.46682485933678786
0.8747763864042933	3.0962005321031523	1.3006792987997424	5	5.2716562173071875	0.5862538801984224
0.554561717352415	2.9891209358774264	1.2347462254943524	4	4.778428878724194	0.48696099665686776
0.9320214669051878	3.285008111592735	1.104779961252736	7	5.321809539750658	0.5030506969112024
0.6100178890876565	3.245089644023849	0.9858859703383795	6	4.840993503449885	0.42298824400229595
0.8980322003577818	3.2067446587571813	1.1989824577010546	6	5.303759316816018	0.5550566748930752
0.5760286225402504	3.143189807107407	1.0978247267003665	5	4.817043156348024	0.46938292699876194
0.9141323792486583	3.202282674712953	1.1985147852644624	6	5.314929839226074	0.5515861453579813
0.592128801431127	3.137835426254333	1.0971499342526356	5	4.827114161938096	0.4652182915566494
0.8765652951699463	3.091821443934332	1.2996490422009186	5	5.268035781305197	0.5858483345981205
0.554561717352415	2.983647075666402	1.232644669714702	4	4.770853462733519	0.4864540646564903
0.9320214669051878	2.964118360571224	1.1687231028841862	6	5.064862930360598	0.5382653633554983
0.6100178890876565	2.8520382492842584	1.0525308091144165	5	4.514586947486332	0.44923335315366975
0.8944543828264758	2.806024266964257	1.2755935659624607	5	4.976072215753193	0.5698633961951409
0.5724508050089445	2.6264006044538086	1.1926662067042642	4	4.391517616167017	0.46647289165276584
0.9141323792486583	2.800669886111184	1.2785725518513484	5	4.9933748172111905	0.5655894932907526
0.592128801431127	2.619707628387466	1.197675710197673	4	4.4095121400162665	0.4611305130222805
0.5831842576028623	2.562190150487466	1.37420426645153	4	4.519578674541858	0.5387458810806508
0.26118067978533094	2.2414138949812696	1.3503847913671139	3	3.852979366133715	0.39051936998598746
0.9141323792486583	3.572149529259568	1.0439100611841132	7	5.53019196969234	0.5048057252534432
0.59391771019678	3.580087964635154	0.8994663458901908	6	5.073472020722125	0.4250357770682437
0.8783542039355993	3.5417429793684865	1.1359767874005222	6	5.556073970704608	0.5727062465619175
0.5581395348837209	3.5451877918409735	1.0015135747213926	5	5.104840901446087	0.49056241300137293
0.8962432915921288	3.537280995324258	1.1346085381589546	6	5.568132825075342	0.5650922198824704
0.5760286225402504	3.5398334109878995	0.9994879170661986	5	5.115349950594348	0.48142558098603616
0.8568872987477638	3.4938194286678987	1.2371079562359655	5	5.587814683651628	0.6448798946281952
0.5366726296958855	3.4861445565833598	1.1254051155594884	4	5.148222301838734	0.5602435146940837
0.9141323792486583	3.299116681182529	1.1255029059866	6	5.338751966417787	0.5558238788057777
0.59391771019678	3.254036234017825	0.985897867239862	5	4.833851811454466	0.47030357169400494
0.8783542039355993	3.208022251697824	1.2440815553093905	5	5.330458010942813	0.6288949562252155
0.5581395348837209	3.1288980853707664	1.1371417780688549	4	4.824179398323342	0.5402623416903592
0.8962432915921288	3.2026678708447505	1.2457096759908148	5	5.344620838427694	0.6246210533208272
0.5760286225402504	3.122205109304424	1.1398998395498252	4	4.8381335713945	0.5349199630598738
0.853309481216458	3.0646876314044236	1.374963281172823	4	5.292960393793704	0.6842062391369168
0.5330948121645797	2.91141053620388	1.3458939990491148	3	4.790399347417575	0.5844665140610088
0.9123434704830053	3.2954674410418465	1.1235227264482193	6	5.331333637973072	0.5544850723223287
0.590339892665474	3.2496571458490053	0.982696921063325	5	4.822693959577805	0.4686970039138664
0.8765652951699463	3.203643163529004	1.2425532277135565	5	5.322761686412507	0.6271791209828013
0.554561717352415	3.123424225159742	1.1342101039608543	4	4.812196046473011	0.5381175476373413
0.8944543828264758	3.19828878267593	1.2430715254531572	5	5.335814690955563	0.6230144855406886
0.5724508050089445	3.1167312490933994	1.135118460538785	4	4.824300514641129	0.5329117533347005
0.855098389982111	3.059213771193398	1.3729695997962879	4	5.287281760971797	0.6836993071365396
0.5330948121645797	2.904112055922514	1.3411377133994906	3	4.778344581486585	0.5837906047271724
0.9123434704830053	2.9124916057058554	1.1876812718607757	5	5.012516348049637	0.607029547137709
0.590339892665474	2.759484777880806	1.0429153686051413	4	4.3927400391514215	0.512930580330976
0.8729874776386404	2.7019672999808053	1.315039256028913	4	4.8899940336483585	0.6637181341328151
0.5509838998211091	2.4277834276390564	1.2255050206387248	3	4.204272348098891	0.5571490407222064
0.8944543828264758	2.695274323914463	1.3220372431678749	4	4.911765949908814	0.6583757555023295
0.5724508050089445	2.4188594595505997	1.2395900489405067	3	4.230900313500051	0.5500258692148925
0.4740608228980322	2.3421694890172655	1.3933524134689506	3	4.209582725384248	0.6006807826173384
0.1520572450805009	1.7509947750228716	1.3722039609407288	2	3.2752559810441015	0.40930846674368704
0.9427549194991055	3.7010139770579205	0.9252217786900191	8	5.568990675247044	0.41766512716776094
0.6261180679785331	3.72622755706533	0.7658716722850445	7	5.118217297328908	0.33684222899677807
0.8980322003577818	3.693360426836758	0.9818886439704031	7	5.573281271164943	0.45359531016974886
0.5813953488372093	3.721500678475209	0.8134904580508979	6	5.116386485363316	0.36529029280393344
0.8962432915921288	3.6895358690845623	0.9777753318002554	7	5.563554492476946	0.4435696968799824
0.5796064400715564	3.717038694430981	0.8077496318174632	6	5.10439476632	0.3535937439658726
0.774597495527728	3.6786937091643135	1.0320763101131452	6	5.485367514805186	0.4882012001399726
0.45796064400715564	3.709528667595966	0.8469707193873367	5	5.014460030990459	0.38915635729503895
0.9427549194991055	3.4853950283916517	0.9996058592217336	7	5.427755807112491	0.4391247092359146
0.6261180679785331	3.478874380289252	0.8383579691623295	6	4.943350417430114	0.3484079250477935
0.8980322003577818	3.4405293950225846	1.076393746724519	6	5.414955342104886	0.4748804181374896
0.5813953488372093	3.423731490625891	0.9135152727365924	5	4.918642112199693	0.3731714188920593
0.8962432915921288	3.4360674109783567	1.0730887727154967	6	5.405399475285982	0.47131883238383265
0.5796064400715564	3.418377109772817	0.9085845279302169	5	4.90656807777459	0.36889751598767095
0.7692307692307693	3.3723631274528167	1.1484925711777711	5	5.290086467861357	0.4835072597408716
0.4525939177101968	3.334324180064507	0.9800065721778388	4	4.766924669952543	0.35852772108492925
0.9409660107334525	3.4822671082710666	0.9986055346177445	7	5.421838653622263	0.4379771608215298
0.6225402504472272	3.4752251401485688	0.8368037301374335	6	4.934569120733229	0.34706911856434475
0.8962432915921288	3.4368801548819015	1.0759545867534253	6	5.4090780332274555	0.47345055543547765
0.5778175313059034	3.419352402457071	0.9126258559109856	5	4.90979578967396	0.3714555836496449
0.8944543828264758	3.432418170837673	1.071909730783187	6	5.398782284447336	0.4699800259003838
0.5760286225402504	3.413998021603997	0.9065852881627862	5	4.896611932307033	0.3672909482075324
0.7710196779964222	3.3679840392839964	1.1481659499910433	5	5.287169667271462	0.4831017141405698
0.4525939177101968	3.328850319853482	0.9790777420850157	4	4.760521979648694	0.35802078908455204
0.9409660107334525	3.194253856695944	1.074651265617357	6	5.209871133046754	0.4566592438979008
0.6225402504472272	3.1282008446339225	0.9107659888462359	5	4.661507083927385	0.35130600980455284
0.8926654740608229	3.0821868623139217	1.1729102995742546	5	5.1477626359489985	0.46711677573759025
0.5742397137745975	2.971603848640889	1.0204323221106926	4	4.5662758845261795	0.33803961608082755
0.8944543828264758	3.076832481460848	1.1705235101626736	5	5.141810374449998	0.4628428728332018
0.5760286225402504	2.9649108725745466	1.0164988667699875	4	4.557438361884785	0.3326972374503421
0.5438282647584973	2.907393394674546	1.258163346157135	4	4.709385005590178	0.43703712414499574
0.22540250447227192	2.7016848872307104	1.1161127362185346	3	4.043200127921517	0.2549076940717807
0.924865831842576	3.7694085259378993	0.9299253206908779	7	5.624199678471354	0.4495537961282349
0.6064400715563506	3.810223460759874	0.739449666287703	6	5.1561131986039275	0.3605751930888338
0.8783542039355993	3.7718784754932067	1.0020144770513508	6	5.652247156480156	0.4967871211239663
0.5599284436493739	3.8213503871906376	0.7999130448296988	5	5.181191875669711	0.3994594624758313
0.8783542039355993	3.7674164914489783	0.9970690442761374	6	5.642839739660714	0.48509057228590535
0.5599284436493739	3.8159960063375635	0.7925216118740364	5	5.168446061860974	0.3854236038701583
0.7549194991055456	3.7699820240175628	1.069223204923778	5	5.594124728046886	0.5469525512790783
0.4364937388193202	3.83134780077044	0.8445020894259477	4	5.112343629015708	0.4378343355076876
0.924865831842576	3.5292521773072494	1.0204966293182287	6	5.474614638468054	0.47990475336782623
0.6064400715563506	3.530198829367489	0.8277313878693686	5	4.964370288793208	0.3792006211684633
0.8783542039355993	3.484184847047488	1.1249966298188716	5	5.487535680801958	0.5309676128760986
0.5599284436493739	3.474101329557847	0.9375717949714287	4	4.97160156817865	0.4178531625039631
0.8783542039355993	3.4788304661944145	1.1212589751998276	5	5.4784436453298415	0.5266937099717103
0.5599284436493739	3.4674083534915043	0.931386897618285	4	4.958723694759163	0.4125107838734775
0.7495527728085868	3.4098908755915036	1.2315862623745735	4	5.391029910774664	0.5557729635649784
0.43112701252236135	3.371681528453321	1.0569497468928264	3	4.859758287868509	0.4132221466317576
0.9230769230769231	3.5256029371665663	1.0189855400545793	6	5.467665400298069	0.47856594688437737
0.6028622540250447	3.5258197411986694	0.825234077104928	5	4.953916072328642	0.37759405338832475
0.8765652951699463	3.479805758878668	1.1241719376351338	5	5.480542991683748	0.5292517776336843
0.556350626118068	3.468627469346822	0.9358128465502557	4	4.960790942015146	0.41570836845094516
0.8765652951699463	3.474451378025595	1.119324460074266	5	5.470341133269807	0.5250871421915717
0.556350626118068	3.46193449328048	0.9277782442940724	4	4.94606336369262	0.4105025741483044
0.7513416815742398	3.4044170153804787	1.2307653066848656	4	5.386524003639584	0.5552660315646012
0.43112701252236135	3.364383048171954	1.054538912616857	3	4.850048973311172	0.4125462372979213
0.9230769230769231	3.1886542010555194	1.1127340323035537	5	5.224465156435997	0.5091022037885921
0.6028622540250447	3.1046880220678865	0.9169081953965433	4	4.624458471489475	0.3905214011445799
0.8729874776386404	3.047170544167886	1.2541680059536058	4	5.174326027760132	0.5352848585608767
0.552772808586762	2.8880544198884963	1.101572305928321	3	4.542399534403579	0.3859046732929553
0.8765652951699463	3.0404775681015432	1.2522230342584533	4	5.169265897529943	0.5299424799303912
0.556350626118068	2.8791304518000405	1.0977714165618746	3	4.533252494479983	0.3787815017856412
0.5080500894454383	2.8024404812667054	1.3818056273568997	3	4.692296198069044	0.5179013507118462
0.18783542039355994	2.441401263397032	1.3309929589252083	2	3.9602296427158	0.28513931888544897
0.9212880143112702	3.717425473074178	0.9474621206622524	7	5.586175608047701	0.44129553786997644
0.6010733452593918	3.7495765657521987	0.7650858882716258	6	5.115735799283216	0.350940558454199
0.8729874776386404	3.7112315804855314	1.0210097245815635	6	5.605228782705735	0.4871524864893316
0.552772808586762	3.7485741131814274	0.8300329691610149	5	5.131379890929204	0.3878979009142697
0.8729874776386404	3.706769596441303	1.0153930160498157	6	5.595150090129758	0.4754559376512707
0.552772808586762	3.7432197323283534	0.8216346225705508	5	5.1176271634856665	0.37386204230859676
0.7477638640429338	3.697205750008352	1.0883747539397275	5	5.533344367991013	0.5353909897175166
0.4275491949910555	3.740377458258927	0.8791330928458584	4	5.047059746095841	0.42338238355573554
0.9212880143112702	3.468605282299574	1.0371678937510016	6	5.4270611903618455	0.4702701187331916
0.6010733452593918	3.4574225553582787	0.8543653375545247	5	4.912861238172195	0.3676390596069018
0.8729874776386404	3.4114085730382775	1.1416691178234628	5	5.426065168500381	0.519406051314537
0.552772808586762	3.3831309870463335	0.9680710300390755	4	4.903974825672171	0.40340121055201106
0.8729874776386404	3.4060541921852043	1.1369245495696174	5	5.415966219393463	0.5151321484101488
0.552772808586762	3.376438010979991	0.9602079432945958	4	4.889418762861348	0.3980588319215256
0.7423971377459749	3.3189205330799907	1.2438048719166097	4	5.305122542742575	0.5413210116130265
0.4221824686940966	3.25038773843797	1.0868104760968886	3	4.759380683228955	0.3939528773624883
0.9194991055456172	3.464956042158891	1.0355670618622248	6	5.420022209566733	0.4689313122497428
0.5974955277280859	3.4530434671894588	0.8517334128523932	5	4.902272407769938	0.36603249182676323
0.8711985688729875	3.407029484869458	1.1407098117020347	5	5.41893786544448	0.5176902160721226
0.5491949910554562	3.377657126835309	0.9660877250550848	4	4.89293984294585	0.40125641649899313
0.8711985688729875	3.401675104016384	1.1348554205063652	5	5.407729093395737	0.5135255806300101
0.5491949910554562	3.3709641507689665	0.9563749334075653	4	4.876534075231988	0.39605062219635245
0.7441860465116279	3.3134466728689653	1.2427595596640841	4	5.300392279044678	0.5408140796126493
0.4221824686940966	3.243089258156603	1.0839509286952838	3	4.749222655545983	0.393276968028652
0.9194991055456172	3.115877927046309	1.1257859317242946	5	5.161162964316221	0.49754064222703054
0.5974955277280859	3.013717679556373	0.9413731161577726	4	4.552586323442232	0.37606944919262797
0.8676207513416816	2.9562002016563724	1.2620304905805606	4	5.085851443578615	0.5208329066089248
0.5456171735241503	2.7667606298731457	1.1227207853022196	3	4.435098588699516	0.366635404023686
0.8711985688729875	2.9495072255900303	1.258407329494072	4	5.0791131239570895	0.5154905279784392
0.5491949910554562	2.757836661784689	1.1155635171531015	3	4.422595169993247	0.359512232516372
0.4472271914132379	2.681146691251355	1.3663928556795775	3	4.49476673834417	0.46299938992753253
0.1252236135957066	2.259460578374006	1.3010251742532104	2	3.6857093662229232	0.20278637770897834
0.9016100178890877	3.799954362770196	0.9490164360381589	6	5.650580816697443	0.48243738677423187
0.5796064400715564	3.855041451923025	0.7201048275881187	5	5.1547527195827	0.38223978125615
0.851520572450805	3.8090274696030244	1.044202157659244	5	5.704750199713073	0.5456940948983091
0.5295169946332737	3.880154607752267	0.8022372241034755	4	5.211908826489016	0.436261265031726
0.853309481216458	3.8036730887499504	1.0369969012561115	5	5.69397947122252	0.531658236292636
0.5313059033989267	3.8734616316859243	0.7902729904435174	4	5.195040525528368	0.41871644177463474
0.7262969588550984	3.815944153785923	1.135192502069177	4	5.677433614710199	0.6206276260357847
0.40429338103756707	3.9130858993792135	0.8628079917448849	3	5.180187272161665	0.499695029926166
0.9016100178890877	3.5178759117798757	1.0589564877859234	5	5.478442417454886	0.525435253590941
0.5796064400715564	3.516215160473331	0.8269862987135288	4	4.922807899258416	0.41093771339751606
0.851520572450805	3.45869768257333	1.2061785585054574	4	5.516396813529592	0.6006464530320602
0.5295169946332737	3.436757271095756	1.0050080993914288	3	4.971282365120459	0.4730534659212
0.853309481216458	3.452004706506988	1.2003039554065302	4	5.5056181431299756	0.5953040744015747
0.5313059033989267	3.4278333030072994	0.9933479472174337	3	4.952487153623659	0.465930294413886
0.7209302325581395	3.3511433324739652	1.3612470564821908	3	5.433320621514295	0.6569465340025538
0.39892665474060823	3.2644555402079214	1.2675613113792967	2	4.930943506327827	0.49370709382151023
0.8998211091234347	3.5134968236110558	1.0563892877256615	5	5.469707220460152	0.5238286858108024
0.5760286225402504	3.5107413002623065	0.8223231704981485	4	4.909093093300705	0.4089295036723428
0.8497316636851521	3.4532238223623053	1.2043031279245822	4	5.50725861397204	0.5985016589790423
0.5259391771019678	3.42945879081439	1.0004883153331245	3	4.955886283249482	0.4701937405171761
0.851520572450805	3.446530846295963	1.1965788199226157	4	5.494630238669384	0.5932958646764015
0.5277280858676208	3.4205348227259336	0.9851287533530498	3	4.9333916619466045	0.4632526814469884
0.7227191413237924	3.3438448521925985	1.3586032578868172	3	5.4251672514032085	0.6562706246687176
0.39892665474060823	3.253507819785872	1.2573231469035138	2	4.9097576214299945	0.4926932298207558
0.8998211091234347	3.08928437508337	1.1636251219158857	4	5.152730606122691	0.573314691672677
0.5760286225402504	2.9442061944424758	0.919449352113574	3	4.4396841690963	0.4366111174420224
0.8461538461538461	2.8675162239091416	1.3614693529798796	3	5.0751394230428675	0.6296290606637516
0.5223613595706619	2.5390148773606858	1.2666054165046503	2	4.327981653435998	0.45273088381330684
0.851520572450805	2.858592255820685	1.3582890521218667	3	5.068401880393357	0.6225058891564375
0.5277280858676208	2.525628925228001	1.2573316760021893	2	4.310688687097811	0.44204612655233577
0.33810375670840787	2.410593969427999	1.411935447643806	2	4.160633173780213	0.5180284966560047
0.014311270125223614	1.2966690218499457	1.0	1	2.310980291975169	0.05263157894736836
0.9499105545617174	3.6910189442099925	0.9330569524865884	9	5.573986451258298	0.4628689300305724
0.6332737030411449	3.711831447610485	0.7990916821727195	8	5.14419683282435	0.3977993694888138
0.9194991055456172	3.683072708660484	0.9832175076532842	8	5.5857893218593855	0.5085522216090692
0.6028622540250447	3.7057232503254034	0.8438193837300251	7	5.152404888080474	0.44071319407255893
0.9338103756708408	3.6797262206273134	0.9824939765620694	8	5.596030572860223	0.5028417015994837
0.6171735241502684	3.701898692573207	0.842867397611814	7	5.16193961433529	0.4341868854901756
0.8998211091234347	3.6690315623446352	1.0325848682069807	7	5.601437539675051	0.5509399666631463
0.5831842576028623	3.6931170032344	0.8853510847450905	6	5.161652345582352	0.47885905871289725
0.9499105545617174	3.5011029850210162	0.9879432755731778	8	5.438956815155912	0.4958904457919643
0.6332737030411449	3.4977578518802974	0.8501657003086233	7	4.981197255230065	0.4262425931387248
0.9177101967799642	3.464890721651725	1.049675384665581	7	5.43227630309727	0.5395221535181609
0.6010733452593918	3.45495268909267	0.9093234067419276	6	4.96534944109399	0.46553827671041426
0.9338103756708408	3.46106616389953	1.0504632929933788	7	5.445339832563749	0.536469365729312
0.6171735241502684	3.4504907050484426	0.910444289205616	6	4.978108518404327	0.4619766909567572
0.8944543828264758	3.412145719781775	1.1116607652415376	6	5.418260867849788	0.5672893492858011
0.5778175313059034	3.3896710803369188	0.9677446696565951	5	4.935233281299417	0.48406213627003314
0.9481216457960644	3.498366054915504	0.9874809979616189	8	5.433968698673187	0.49488634092937767
0.629695885509839	3.494629931759712	0.8494394840317987	7	4.973765301301349	0.4250950447243401
0.9177101967799642	3.46176280153114	1.0497456534271867	7	5.4292186517382905	0.5382965569164364
0.5992844364937389	3.4513034489519874	0.9092679984288645	6	4.9598558838745905	0.4641084140084023
0.9320214669051878	3.4579382437789437	1.0500050746398304	7	5.439964785323962	0.5353218173149272
0.6135957066189625	3.4468414649077594	0.9096489989313372	6	4.9700861704580594	0.46063788447330833
0.8980322003577818	3.408496479641092	1.1119805540210608	6	5.418509234019935	0.5658594865837892
0.5796064400715564	3.3852919921680993	0.9679936759569137	5	4.932892108196569	0.4823463010276188
0.9481216457960644	3.2537974030860335	1.0373985184004275	7	5.239317567282525	0.5239040041699419
0.629695885509839	3.20867715076603	0.8920454191509702	6	4.73041845542684	0.44731710247082535
0.9123434704830053	3.1703321654993624	1.1080860735072016	6	5.190761709489569	0.5511026573784576
0.59391771019678	3.099494815198025	0.9622203536183196	5	4.655632879013124	0.4646381059812209
0.9320214669051878	3.165870181455135	1.1109029262340866	6	5.208794574594409	0.5490681750462123
0.6135957066189625	3.094140434344951	0.9664723489158049	5	4.674208489879718	0.46219672718252647
0.669051878354204	3.0481264520249507	1.1733877073544219	5	4.890566037733577	0.5780074931155641
0.35062611806797855	2.929028335779675	1.0234427836517623	4	4.303097237499416	0.47665301280329486
0.9320214669051878	3.749614795373983	0.9376419226073357	8	5.6192781848865065	0.4964219907288383
0.6153846153846154	3.781771349426545	0.7821289804507662	7	5.1792849452619265	0.42685007306658085
0.8998211091234347	3.7489042191979727	0.9991594028087659	7	5.647884731130173	0.5534247612040155
0.5831842576028623	3.7863017695632926	0.8372454832109582	6	5.206731510377113	0.4817579856772447
0.9159212880143113	3.7450796614457764	0.9987755548749985	7	5.6597765043350865	0.5468984526216323
0.5992844364937389	3.7818397855190646	0.8367259069084554	6	5.217850128921259	0.4741439589977975
0.8801431127012522	3.7434948002523973	1.0624714161458353	6	5.686109329099485	0.61035588703293
0.5635062611806798	3.7872899769016657	0.8919273226158998	5	5.242723560698246	0.5357419815665877
0.9320214669051878	3.5409388207528667	1.0009447487841112	7	5.473905036442165	0.5389541602701813
0.6153846153846154	3.5436754713773353	0.8398083773360102	6	4.998868464097961	0.46487561792110477
0.8980322003577818	3.5053304861106676	1.0792629858398974	6	5.482625672308347	0.597035105030447
0.5813953488372093	3.5014927999315915	0.9171830755891885	5	5.000071224357989	0.5197570431636082
0.9159212880143113	3.50086850206644	1.0811792617618072	6	5.497969051842559	0.5934735192767899
0.5992844364937389	3.496138419078517	0.9200842056792107	5	5.0155070612514665	0.5154831402592197
0.8747763864042933	3.450124436758517	1.162120495339312	5	5.487021318502123	0.6418583302540724
0.5581395348837209	3.431525816696633	1.0016596860796199	4	4.9913250376599745	0.5564665592264303
0.9302325581395349	3.537810900632281	1.0002493537653199	7	5.468292812537136	0.5378066118557966
0.6118067978533095	3.540026231236652	0.8386810397303914	6	4.990514068820353	0.4635368114376559
0.8980322003577818	3.501681245969985	1.079250727288081	6	5.478964173615848	0.595605242328435
0.5796064400715564	3.497113711762772	0.916934010892497	5	4.993654162726825	0.5180412079211938
0.9141323792486583	3.497219261925757	1.0804271212487746	6	5.49177876242319	0.5921347127933412
0.5957066189624329	3.491759330909697	0.9187253180406953	5	5.0061912679128255	0.5138765724790811
0.8783542039355993	3.4457453485896963	1.1624342262815	5	5.486533778806795	0.6401424950116581
0.5599284436493739	3.426051956485608	1.0017981095349893	4	4.987778509669971	0.5543217651734124
0.9302325581395349	3.2590549477840276	1.0556427891656333	6	5.244930295089196	0.5788139307908582
0.6118067978533095	3.2059621539396232	0.8816172183481781	5	4.699386170141111	0.4978916340761016
0.8926654740608229	3.1599481716196225	1.1458897754887438	5	5.198503421169189	0.6224342999652601
0.5742397137745975	3.0688054852730144	0.9743380222673879	4	4.617383221315	0.532186521365415
0.9141323792486583	3.1545937907665484	1.1513348609735607	5	5.220061030988768	0.6199929211665658
0.5957066189624329	3.0621125092066728	0.9834576917540122	4	4.641276819923117	0.5291347978670471
0.631484794275492	3.0045950313066716	1.228669248495405	4	4.864749074077569	0.6738982552833439
0.31305903398926654	2.8312870694068777	1.0550043548268333	3	4.199350458222978	0.5707225355895782
0.9481216457960644	3.7041296241182264	0.9694896160936598	8	5.6217408860079505	0.5160105651523184
0.627906976744186	3.7297882965628233	0.8253673589258629	7	5.183062632232873	0.44923701526484383
0.9141323792486583	3.6969211663342514	1.0376542281026413	7	5.648707773685551	0.5758117034022785
0.59391771019678	3.7256548745556173	0.8922229406463819	6	5.211795525398779	0.5078760849085515
0.9320214669051878	3.693096608582055	1.0367908974856352	7	5.661908972972878	0.5692853948198953
0.6118067978533095	3.7211928905113894	0.8910320885873447	6	5.224031776952043	0.5002620582291042
0.8944543828264758	3.682847905244722	1.1101366233710146	6	5.687438911442213	0.6364739862642368
0.5742397137745975	3.714513702892455	0.9650521864896658	5	5.253805603156718	0.5670837006441559
0.9481216457960644	3.488955767889145	1.037779586151244	7	5.474856999836453	0.5613411024684443
0.627906976744186	3.48302857636966	0.8924618516739939	6	5.00339740478784	0.49099371715241147
0.9123434704830053	3.4446835911029923	1.1252754857241714	6	5.4823025473101685	0.6231532042617538
0.592128801431127	3.4287165259223813	0.9878288784515963	5	5.008674205805105	0.5510987622411763
0.9320214669051878	3.440221607058765	1.1265204858895466	6	5.498763559853499	0.6195916185080967
0.6118067978533095	3.4233621450693064	0.9897230949068169	5	5.024892037829433	0.5468248593367878
0.889087656529517	3.377348162749307	1.2217979228863531	5	5.488233742165177	0.6614346030899886
0.5688729874776386	3.3405554741851193	1.103833820384684	4	5.013262282047442	0.5809369002713255
0.9463327370304114	3.4858278477685594	1.0370200892573618	7	5.469180674056332	0.5601935540540595
0.6243291592128801	3.479379336228977	0.891244771443248	6	4.994953266885106	0.4896549106689626
0.9123434704830053	3.4410343509623096	1.1251734845472277	6	5.478551305992543	0.6217233415597418
0.590339892665474	3.424337437753562	0.9874451998172141	5	5.00212253023625	0.549382926998762
0.9302325581395349	3.4365723669180817	1.125678602751387	6	5.492483527809004	0.618252812024648
0.6082289803220036	3.418983056900487	0.9882295933306111	5	5.015441630553101	0.5452182915566494
0.8926654740608229	3.372969074580486	1.2219770398908505	5	5.487611588532159	0.6610290574896868
0.5706618962432916	3.335081613974095	1.1037478872772355	4	5.009491397494622	0.5804299682709483
0.9463327370304114	3.1984080527763523	1.0992415633273398	6	5.243982353134103	0.604932030022165
0.6243291592128801	3.1331858799304126	0.9486424326267352	5	4.706157471770028	0.5292333531536697
0.9069767441860465	3.0871718976104114	1.202953528086736	5	5.197102169883194	0.6450441190867072
0.5849731663685152	2.9778351427615015	1.0721560316573702	4	4.634964340787387	0.5604487952672238
0.9302325581395349	3.0818175167573383	1.2073916999367516	5	5.219441774833625	0.6407702161823188
0.6082289803220036	2.971142166695159	1.0795975117526584	4	4.658968658769821	0.5551064166367382
0.6225402504472272	2.9136246887951587	1.3082066323597765	4	4.844371571602163	0.6327217846951086
0.3005366726296959	2.709993279391527	1.2195026326755667	3	4.23003258469679	0.5158205748052647
0.9302325581395349	3.7729692654353926	0.9774263271232323	7	5.680628150698159	0.5619485823963004
0.6100178890876565	3.814377656840282	0.8066117401033497	6	5.231007286031288	0.49170244373491034
0.8944543828264758	3.7760326715736148	1.0639544073549856	6	5.734441461755075	0.6393729132285841
0.5742397137745975	3.8263354224871278	0.8938139375006756	5	5.294389073762401	0.5705624130013729
0.9141323792486583	3.771570687529387	1.0635589487541697	6	5.749262015532215	0.631758886549137
0.59391771019678	3.8209810416340533	0.8932474658066093	5	5.308146217637442	0.5614255809860362
0.8747763864042933	3.774967059314052	1.162115843588333	5	5.811859289306678	0.7248798946281951
0.554561717352415	3.8375790948910526	1.0009748158927476	4	5.393115628136215	0.6602435146940837
0.9302325581395349	3.5334063733876575	1.057807959538044	6	5.521446891065237	0.6224905454724443
0.6100178890876565	3.535183864663979	0.8846893804146163	5	5.0298911341662516	0.5503035716940049
0.8926654740608229	3.4891698823439783	1.1741214070961012	5	5.555956763500903	0.7088949562252156
0.5724508050089445	3.4803326236784593	1.0210980857926863	4	5.07388151448009	0.6402623416903592
0.9141323792486583	3.4838155014909047	1.1772087137386535	5	5.575156594478217	0.7046210533208271
0.59391771019678	3.4736396476121167	1.0262881238755361	4	5.093845481684433	0.6349199630598737
0.8694096601073346	3.4161221697121165	1.313432129851795	4	5.598963959671246	0.7781821427513747
0.5491949910554562	3.3799899206141375	1.223944805899019	3	5.153129717568612	0.7097677188802859
0.9284436493738819	3.5297571332469744	1.0566340290685445	6	5.5148348116894015	0.6211517389889953
0.6064400715563506	3.5308047764951596	0.8826978078414005	5	5.01994265589291	0.5486970039138663
0.8926654740608229	3.484790794175159	1.1738024531035887	5	5.55125872133957	0.7071791209828012
0.5706618962432916	3.474858763467435	1.020182034356888	4	5.065702694067615	0.6381175476373413
0.9123434704830053	3.479436413322084	1.1757799368043171	5	5.567559820609406	0.7030144855406886
0.590339892665474	3.4681657874010923	1.0235223675366982	4	5.082028047603265	0.6329117533347005
0.8729874776386404	3.410648309501091	1.313454071147462	4	5.597089858287194	0.7776752107509974
0.5509838998211091	3.3726914403327712	1.223219765593799	3	5.14689510574768	0.7090918095464496
0.9284436493738819	3.1936392363520096	1.1254216476462793	5	5.247504533372171	0.687029547137709
0.6064400715563506	3.110919316188499	0.9397058829936271	4	4.657065270738476	0.612930580330976
0.8872987477638641	3.053401838288498	1.26391033477066	4	5.204610920823022	0.757694037747273
0.5652951699463328	2.8963628120493135	1.1243602876141778	3	4.586018269609824	0.6824502455414836
0.9123434704830053	3.046708862222156	1.2733402985115012	4	5.232392631216663	0.7523516591167874
0.590339892665474	2.8874388439608567	1.143309269119719	3	4.62108800574605	0.6753270740341695
0.5599284436493739	2.8107488734275226	1.4012327623546852	3	4.771910079431581	0.7259819874366155
0.23792486583184258	2.4538638516382574	1.3991843360738119	2	4.090973053543912	0.5972602739726027
0.9373881932021467	3.876731246211767	0.824955308476995	8	5.639074747890909	0.44085057676830497
0.6207513416815742	3.9270472932411544	0.6323420609760543	7	5.180140695898783	0.36333988568311415
0.8926654740608229	3.894180163012582	0.8632391939052017	7	5.6500848309786065	0.4800929668560847
0.5760286225402504	3.955790370680338	0.647603849858008	6	5.179422843078596	0.39620422560465873
0.8908765652951699	3.8903556052603867	0.8598207321927342	7	5.6410529027482905	0.47006735356631824
0.5742397137745975	3.9513283866361086	0.6428358142653253	6	5.168403914676031	0.3845076767665978
0.7674418604651163	3.9129834013694413	0.8879947183023115	6	5.568419980136869	0.5103432031161363
0.45080500894454384	3.99067629824212	0.6311822645186742	5	5.0726635717053385	0.41572676086643545
0.9373881932021467	3.686214764567476	0.8840474331543758	7	5.507650390923999	0.46562236592225037
0.6207513416815742	3.7131640724943806	0.6767987945664203	6	5.0107142087423755	0.3793218578485187
0.8908765652951699	3.674819087227713	0.9356667978699142	6	5.501362450392797	0.49702242111365347
0.5742397137745975	3.7048791212720444	0.7027587823022736	5	4.981877617348916	0.3997418224634559
0.8908765652951699	3.6703571031834854	0.9333346145016439	6	5.494568282980299	0.4934608353599964
0.5742397137745975	3.6995247404189713	0.6992872234570257	5	4.973051677650594	0.39546791955906757
0.7602862254025045	3.65351075809897	0.9704436053165365	5	5.384240588818011	0.5218431095539202
0.44364937388193204	3.6857587183722	0.6838148504884279	4	4.81322294274256	0.40644753335124006
0.9355992844364938	3.6830868444468905	0.8836230007424443	7	5.502309129625829	0.4644748175078658
0.6171735241502684	3.7095148323536975	0.6760508046104055	6	5.002739161114372	0.3779830513650698
0.8908765652951699	3.67116984708703	0.9360338869677014	6	5.498080299349901	0.4955925584116415
0.5724508050089445	3.700500033103225	0.7030787390799879	5	4.976029577192158	0.39802598722104154
0.889087656529517	3.666707863042801	0.9329618216382152	6	5.488757341210533	0.49212202887654766
0.5706618962432916	3.695145652250152	0.6984973572929162	5	4.964304905786359	0.393861351778929
0.7638640429338104	3.6491316699301506	0.9713263577331303	5	5.384322070597092	0.5201272743115058
0.44543828264758495	3.680284858161175	0.6849016430678069	4	4.810624783876567	0.40430273929822214
0.9355992844364938	3.428543548901073	0.939057999428614	6	5.303200832766181	0.47880124687406467
0.6171735241502684	3.4093484752800762	0.7077100224107096	5	4.734232021841054	0.37787641337594935
0.8855098389982111	3.363334492960076	1.001102671750685	5	5.2499470037089715	0.502419079265108
0.5670840787119857	3.323038386948582	0.7346428304840562	4	4.6247652961446235	0.3821674954902248
0.889087656529517	3.357980112107002	1.0001750683002317	5	5.247242836936751	0.49997770046641365
0.5706618962432916	3.3163454108822394	0.7331413517452307	4	4.620148658870762	0.37911577199185686
0.5330948121645797	3.2588279329822387	1.0268863954856395	4	4.8188091406324585	0.5238792294081537
0.2146690518783542	3.170264271640967	0.654671944367503	3	4.039605267886825	0.37069716775599126
0.9194991055456172	3.9702282621137237	0.8162189247500707	7	5.705946292409411	0.4760514528145706
0.6010733452593918	4.044513152965003	0.5804833338689653	6	5.22606983209336	0.391489125889559
0.8729874776386404	4.006168167698335	0.8638803703739176	6	5.743036015710893	0.5277010539246914
0.554561717352415	4.102498017836791	0.5930458176611365	5	5.250105552850343	0.43655618183670153
0.8729874776386404	4.001706183654107	0.8599077282394558	6	5.734601389532203	0.5160045050866306
0.554561717352415	4.097143636983718	0.5871135706666017	5	5.238818925002735	0.4225203232310285
0.7477638640429338	4.0511296546637166	0.8950635023282999	5	5.693957021034951	0.5735229548504749
0.4293381037567084	4.182782339078132	0.5547924731794643	4	5.166912916014305	0.47104733997193327
0.9194991055456172	3.763541869512378	0.8866899562377762	6	5.569730931295772	0.5108186861685515
0.6010733452593918	3.8113464600136426	0.6273553110962775	5	5.039775116369312	0.41629734052933354
0.8711985688729875	3.7653324776936414	0.9558688916577373	5	5.592399938224367	0.5575380164474952
0.552772808586762	3.82553586786554	0.656248786115518	4	5.03455746256782	0.4510661669682088
0.8729874776386404	3.7599780968405683	0.9535904229998209	5	5.58655599747903	0.5532641135431068
0.554561717352415	3.8188428917991972	0.6524958653642537	4	5.025900474515867	0.4457237883377233
0.740608228980322	3.7613254138991965	1.0047757944738032	4	5.506709437353322	0.6036927758312892
0.4221824686940966	3.840260912863578	0.6044419205832459	3	4.86688530214092	0.4771152296535053
0.9177101967799642	3.759892629371695	0.8859851160430077	6	5.563587942194667	0.5094798796851028
0.5974955277280859	3.8069673718448227	0.6260673739351581	5	5.030530273508067	0.41469077274919497
0.8711985688729875	3.760953389524822	0.956253573077321	5	5.58840553147513	0.555822181205081
0.5509838998211091	3.820062007654515	0.656505460366547	4	5.027551367842171	0.44892137291519085
0.8711985688729875	3.755599008671749	0.9528652814775811	5	5.579662859022317	0.5516575457629683
0.5509838998211091	3.8133690315881728	0.6509028347122431	4	5.015255766121524	0.44371557861255007
0.7441860465116279	3.7558515536881716	1.0059704614562976	4	5.506008061656098	0.6015479817782713
0.42397137745974955	3.8329624325822116	0.6060623316516808	3	4.862996141693642	0.4742555042494814
0.9177101967799642	3.469801831701674	0.951306818141212	5	5.338818846622851	0.5356726073599887
0.5974955277280859	3.4561225603755794	0.6484193932052867	4	4.702037481308952	0.4237344056088256
0.8658318425760286	3.3986050824755787	1.0377597681156103	4	5.302196693167218	0.5794127379702738
0.5456171735241503	3.356633804298754	0.6698689397442895	3	4.572119917567194	0.44474184583881815
0.8711985688729875	3.391912106409236	1.0382467730223375	4	5.301357448304562	0.576361014471906
0.5509838998211091	3.3477098362102975	0.6709320035816025	3	4.569625739613009	0.44067288117432757
0.49552772808586765	3.2710198656769625	1.05912734308315	3	4.82567493684598	0.6336908243960568
0.17531305903398928	3.144270340012418	0.3662974345798379	2	3.685880833626245	0.45882352941176474
0.9355992844364938	3.918245209250002	0.859711375823238	7	5.713555869509734	0.4984383950128337
0.6153846153846154	3.9838662579573274	0.6424574673953976	6	5.24170834073734	0.4176072251208657
0.8872987477638641	3.94552127269066	0.9192135294466397	6	5.752033549901164	0.5538191531559982
0.5670840787119857	4.029721743827581	0.6776726093062171	5	5.274478431845784	0.46789790091426964
0.889087656529517	3.941059288646431	0.9145696115556436	6	5.744716556731592	0.5421226043179375
0.5688729874776386	4.024367362974507	0.6707334486768807	5	5.263973799129026	0.4538620423085967
0.7620751341681574	3.9783533806545064	0.968721918658014	5	5.709150433480678	0.604864673928043
0.4418604651162791	4.091811996566619	0.6802682554556494	4	5.213940717138548	0.5102244888188935
0.9355992844364938	3.702894974504703	0.9396991322130586	6	5.578193391154255	0.5369367853998583
0.6153846153846154	3.738570186004432	0.708496128095198	5	5.062450929484245	0.44763905960690176
0.8855098389982111	3.6925562036844313	1.027048246976093	5	5.605114289658735	0.5888797355250633
0.5652951699463328	3.7345655253540264	0.7775928000394391	4	5.077453495339799	0.490243315815169
0.889087656529517	3.6872018228313577	1.0237628646833752	5	5.60005234404425	0.584605832620675
0.5688729874776386	3.727872549287684	0.7721616898968389	4	5.068907226662161	0.4849009371846835
0.7549194991055456	3.6703550713876836	1.107839182872114	4	5.533113753365344	0.6281631168761844
0.4347048300536673	3.718967122848227	0.8159922074998566	3	4.969664160401751	0.509742351046699
0.9338103756708408	3.6992457343640197	0.9389045493931628	6	5.571960659428023	0.5355979789164094
0.6118067978533095	3.7341910978356125	0.7070735769963881	5	5.05307147268531	0.4460324918267632
0.8855098389982111	3.688177115515612	1.027298314457986	5	5.600985268971809	0.587163900282649
0.5635062611806798	3.729091665143002	0.7776251177276504	4	5.070223044051332	0.48809852176215107
0.8872987477638641	3.682822734662538	1.0229031092234444	5	5.593024591649847	0.5829992648405364
0.5652951699463328	3.7223986890766594	0.7703443026820106	4	5.058038161705003	0.4828927274595103
0.7584973166368515	3.664881211176658	1.1088094932917905	4	5.5321880211053	0.6276561848758071
0.4364937388193202	3.71166864256686	0.8171639054426562	3	4.965326286828836	0.5090664417128625
0.9338103756708408	3.397025557692463	1.018865584875717	5	5.349701518239021	0.5670143264375568
0.6118067978533095	3.365152217864066	0.7637290928227903	4	4.740688108540166	0.4629115544557858
0.8801431127012522	3.3076347399640653	1.1364670315988394	4	5.324244884264157	0.6076750118720826
0.5581395348837209	3.2353400142834032	0.8727069768307368	3	4.666186525997861	0.48242487770789655
0.8872987477638641	3.300941763897723	1.1352758471142306	4	5.323516358775818	0.6023326332415971
0.5652951699463328	3.2264160461949465	0.870413661885378	3	4.662124878026657	0.47530170620058254
0.4865831842576029	3.149726075661612	1.2254041291183764	3	4.861713389037591	0.5787888636117431
0.16457960644007155	2.9623296549893916	0.8813983230454858	2	4.008307584474949	0.3764705882352941
0.9177101967799642	4.034244054975325	0.8541405166773871	6	5.8060947684326765	0.5491040534408986
0.5957066189624329	4.136189082569179	0.5781248813945487	5	5.31002058292616	0.46223978125615006
0.8676207513416816	4.090175100249178	0.933470550077631	5	5.891266401668491	0.6256940948983091
0.5456171735241503	4.23158914605996	0.6182410995467665	4	5.395447419130877	0.536261265031726
0.8711985688729875	4.084820719396104	0.9277244796356264	5	5.883743767904718	0.6116582362926359
0.5491949910554562	4.224896169993617	0.6087088424886883	4	5.382800003537762	0.5187164417746347
0.7423971377459749	4.1673786920936156	1.0057089184676087	4	5.9154847483071995	0.7074697312989426
0.4203935599284436	4.381665283789471	0.6049539340337081	3	5.407012777751623	0.6154845036103764
0.9177101967799642	3.799023542426029	0.9547160305997817	5	5.671449769805775	0.605435253590941
0.5957066189624329	3.867649698781024	0.6538087581492721	4	5.1171650758927285	0.510937713397516
0.8658318425760286	3.810132220881023	1.0850815822944615	4	5.761045645751513	0.6874885582952182
0.5438282647584973	3.9053366555060136	0.7639272564613974	3	5.213092176725909	0.5888429396054105
0.8711985688729875	3.803439244814681	1.0816389557974142	4	5.756276769485083	0.6821461796647326
0.5491949910554562	3.896412687417557	0.7571310574911614	3	5.202738735964174	0.5817197680980966
0.7352415026833632	3.8197227168842223	1.2291912954624404	3	5.784155515030026	0.7727360076867644
0.41323792486583183	3.967324616823307	0.8747333567959256	2	5.255295898485064	0.6673913043478261
0.9159212880143113	3.7946444542572095	0.953358204142841	5	5.663923946414362	0.6038286858108025
0.592128801431127	3.8621758385699994	0.6511612526060939	4	5.105465892607221	0.5089295036723428
0.8658318425760286	3.804658360669998	1.0852217743857886	4	5.755711977631815	0.6853437642422002
0.5420393559928444	3.898038175224647	0.7634387177474972	3	5.203516248964988	0.5859832142013865
0.8694096601073346	3.797965384603656	1.0799294429857016	4	5.747304487696692	0.6801379699395594
0.5456171735241503	3.8891142071361906	0.7529431089711817	3	5.187674489631522	0.5790421551311988
0.738819320214669	3.812424236602856	1.2305787422114711	3	5.781822299028996	0.772060098352928
0.4150268336314848	3.956376896401258	0.8765889283533552	2	5.247992658386098	0.6663774403470716
0.9159212880143113	3.4407189133910627	1.0553623523695446	4	5.412002553774919	0.660156796935835
0.592128801431127	3.412785578852733	0.7040369225128508	3	4.70895130279671	0.5524005911262329
0.8604651162790697	3.336095608319398	1.2502180520856783	3	5.4467787766841465	0.745418534347962
0.5366726296958855	3.241883953976071	0.9361908422979267	2	4.714747425969883	0.6264150943396226
0.8694096601073346	3.327171640230942	1.2519017044314251	3	5.4484830047697015	0.7382953628406481
0.5456171735241503	3.228498001843387	0.9415089614067434	2	4.715624136774281	0.6157303370786515
0.42397137745974955	3.1134630460433845	1.4085961191679266	2	4.9460305426710605	0.6917127071823205
0.1001788908765653	2.702407175080717	1.0	1	3.8025860659572825	0.4
0.9481216457960644	3.814595415351152	0.9251982852784346	8	5.687915346425651	0.49754209668384997
0.631484794275492	3.8560349151147375	0.7666030913468124	7	5.254122800737042	0.42813019415802267
0.9177101967799642	3.8231677848861656	0.9898619463798898	7	5.730739928046019	0.5547048822954574
0.6010733452593918	3.872942596199518	0.8257209224789457	6	5.299736863937856	0.48325146028392696
0.9320214669051878	3.81934322713397	0.9886439944911837	7	5.740008688530341	0.5481785737130741
0.6153846153846154	3.8684806121552895	0.8240336006395289	6	5.307898828179434	0.47563743360447963
0.8980322003577818	3.8301356268886217	1.0584989156220173	6	5.786666742868421	0.6118493616396121
0.5813953488372093	3.891258968865136	0.888206389232794	5	5.360860706935139	0.5375341510946063
0.9481216457960644	3.615202386441059	0.9930715401276822	7	5.556395572364806	0.5402342813616232
0.631484794275492	3.6303162980135606	0.8302777634854237	6	5.092078855774477	0.4663690925277869
0.9159212880143113	3.591971312746893	1.0784521777344196	6	5.586344778495624	0.5985285796371291
0.5992844364937389	3.605461791895061	0.9182046808335926	5	5.122950909222392	0.5215492126916267
0.9320214669051878	3.5875093287026654	1.0792007081194153	6	5.598731503727269	0.5949669938834721
0.6153846153846154	3.600107411041987	0.9193541926182439	5	5.134846219044847	0.5172753097872383
0.8926654740608229	3.5540934287219867	1.1744701908960078	5	5.621229093678817	0.631885053540439
0.5760286225402504	3.5614870566509698	1.0259722076784816	4	5.163487886869702	0.5439999633343886
0.9463327370304114	3.612074466320474	0.9923668094285831	7	5.550774012779469	0.5390867329472384
0.627906976744186	3.6266670578728775	0.8291373559273741	6	5.083711390544438	0.46503028604433805
0.9159212880143113	3.58832207260621	1.078426849230172	6	5.5826702098506935	0.5970987169351172
0.5974955277280859	3.6010827037262416	0.9179360112082551	5	5.116514242662582	0.5198333774492123
0.9302325581395349	3.583860088561982	1.0784354976539519	6	5.592528144355469	0.5936281874000233
0.6118067978533095	3.5957283228731676	0.9179757000510824	5	5.125510820777559	0.5156687420070998
0.8962432915921288	3.549714340553167	1.1747643169095494	5	5.620721949054845	0.6314795079401373
0.5778175313059034	3.5560131964399453	1.026077956252774	4	5.159908683998623	0.5434930313340113
0.9463327370304114	3.345695774420253	1.0568128579891503	6	5.348841369439814	0.5803074053975403
0.627906976744186	3.309931145903093	0.8856101389860751	5	4.823448261633354	0.4996838036041201
0.9105545617173524	3.263917163583092	1.1629624047443037	5	5.337434130044748	0.6154945695371576
0.592128801431127	3.198766725227352	1.0065221000310223	4	4.7974176266895014	0.5235118583302868
0.9302325581395349	3.2585627827300185	1.1666558719237494	5	5.355451212793303	0.6112206666327692
0.6118067978533095	3.1920737491610094	1.0127224056753616	4	4.8166029526896805	0.5181694796998013
0.667262969588551	3.134556271261009	1.2797334767795259	4	5.081552717629085	0.6225093663944551
0.3488372093023256	3.0045687226793274	1.1645922027371458	3	4.517998134718799	0.5022040170710598
0.9302325581395349	3.899215883987307	0.9262320883014229	7	5.755680530428265	0.5408417612894794
0.6135957066189625	3.9616653784841827	0.7353469819972324	6	5.310608067100378	0.4670778191102857
0.8980322003577818	3.9233203932175154	1.0080504294476866	6	5.829403023022984	0.6147482886039597
0.5813953488372093	4.003080688459808	0.8105687350063514	5	5.395044772303369	0.5410128634518234
0.9141323792486583	3.918858409173287	1.0071585010664912	6	5.840149289488436	0.6071342619245124
0.5974955277280859	3.997726307606734	0.8092575586417157	5	5.404479393976535	0.5318760314364867
0.8783542039355993	3.9517123252867328	1.101167106721667	5	5.931233635943999	0.6953303450786457
0.5617173524150268	4.058510677356903	0.9004115283926777	4	5.520639558164607	0.6233065777571468
0.9302325581395349	3.680694095031558	1.0062219116096112	6	5.617148564780704	0.5978659208478196
0.6135957066189625	3.7119291306366593	0.8079210728885909	5	5.1334459101442125	0.5207540221444554
0.8962432915921288	3.665915148316658	1.1203942698683034	5	5.68255270977709	0.679345406675666
0.5796064400715564	3.7012642061443097	0.9325707976907304	4	5.213441443906596	0.6033254047534223
0.9141323792486583	3.660560767463585	1.1227368718402864	5	5.697430018552529	0.6750715037712777
0.5974955277280859	3.694571230077967	0.9365196613226311	4	5.228586419128684	0.5979830261229369
0.8729874776386404	3.637053752177967	1.262065617795936	4	5.772106847612544	0.7412452058144376
0.556350626118068	3.6745653639019387	1.123247663009381	3	5.354163653029388	0.6605184696310367
0.9284436493738819	3.677044854890875	1.0051246538128078	6	5.610613158077565	0.5965271143643709
0.6100178890876565	3.7075500424678394	0.8060445093244194	5	5.123612440879915	0.5191474543643169
0.8962432915921288	3.6615360601478386	1.1201903248848355	5	5.6779696766248025	0.6776295714332516
0.5778175313059034	3.6957903459332853	0.9318464279366729	4	5.205454305175862	0.6011806107004044
0.9123434704830053	3.6561816792947655	1.1214231039149944	5	5.689948253692766	0.6734649359911391
0.59391771019678	3.6890973698669427	0.9339455866655341	4	5.216960666729257	0.5959748163977636
0.8765652951699463	3.6315798919669415	1.262279240773344	4	5.770424427910232	0.7407382738140604
0.5581395348837209	3.6672668836205715	1.1229059860676431	3	5.348312404571935	0.6598425602972002
0.9284436493738819	3.37038450232469	1.0782864143958248	5	5.377114566094397	0.6574799975881594
0.6100178890876565	3.3318508986543494	0.8621651015205768	4	4.804033889262582	0.5759936433940391
0.8908765652951699	3.274333420754349	1.2247715037946556	4	5.389981489844175	0.720757100810336
0.5724508050089445	3.1909382553371137	1.0481185068842496	3	4.811507567230308	0.6332009962922343
0.9123434704830053	3.2676404446880065	1.2329602930845478	4	5.41294420825556	0.7154147221798505
0.59391771019678	3.182014287248658	1.0645851394878927	3	4.840517136933331	0.6260778247849204
0.629695885509839	3.1053243167153233	1.3993125337169507	3	5.134332735942113	0.7651976737111252
0.3112701252236136	2.8957270165699582	1.39953129382685	2	4.606528435620422	0.6560838033843674
0.9266547406082289	3.847232831123585	0.9441670658800616	7	5.718054637611876	0.532583503031221
0.6064400715563506	3.9010184834765074	0.761540652631325	6	5.268999207664183	0.45744318447565113
0.8926654740608229	3.86267349820984	1.0276031256280693	6	5.782942097898733	0.6051136539693249
0.5724508050089445	3.9303044144505974	0.8415248323129223	5	5.344280051772464	0.5294513018902618
0.9087656529516994	3.8582115141656117	1.0260399214903393	6	5.79301708860765	0.5974996272898778
0.5885509838998211	3.9249500335975234	0.839206742313485	5	5.35270775981083	0.520314469874925
0.8711985688729875	3.8789360512775226	1.1211548287128716	5	5.871289448863381	0.683768783517084
0.5509838998211091	3.96754033484539	0.9364361534380133	4	5.454960388104512	0.6088546258051948
0.9266547406082289	3.620047200023883	1.0234506246925534	6	5.570152565324665	0.5882312862131849
0.6064400715563506	3.6391528566274487	0.835391195549002	5	5.080984123732802	0.5091924605828938
0.8908765652951699	3.593138874307448	1.1379029308481496	5	5.621918370450768	0.6677838451141045
0.5706618962432916	3.610293863632797	0.964463654383802	4	5.14541941425989	0.5888734528014703
0.9087656529516994	3.5877844934543743	1.1392386191853308	5	5.635788765591405	0.663509942209716
0.5885509838998211	3.6036008875664542	0.9667343286243669	4	5.158886200090642	0.5835310741709848
0.8658318425760286	3.546083409666454	1.275677848963397	4	5.68759310120588	0.7267932538624857
0.5456171735241503	3.5532715738865868	1.1558956354642933	3	5.25478438287503	0.6412492003617674
0.924865831842576	3.6163979598831997	1.0222636242706233	6	5.563527415996399	0.5868924797297361
0.6028622540250447	3.634773768458629	0.83338001804714	5	5.071016040530814	0.5075858928027552
0.8908765652951699	3.5887597861386284	1.137564371926991	5	5.6172007233607895	0.6660680098716901
0.5688729874776386	3.6048200034217723	0.9635149280669268	4	5.137207918966338	0.5867286587484524
0.9069767441860465	3.5834054052855544	1.1377902373223483	5	5.628172386793949	0.6619033744295775
0.5849731663685152	3.5981270273554298	0.9639358974044522	4	5.147036091128397	0.5815228644458117
0.8694096601073346	3.5406095494554286	1.2756671153779873	4	5.68568632494075	0.7262863218621085
0.5474060822898033	3.545973093605221	1.1551052453969197	3	5.248484421291944	0.6405732910279309
0.924865831842576	3.2976082283154797	1.0921744867918206	5	5.314648546949876	0.6459184360265979
0.6028622540250447	3.2408805561428364	0.8880236439072308	4	4.731766454075112	0.5615416914420872
0.8855098389982111	3.1833630782428353	1.234027610047035	4	5.302900527288082	0.706305148858384
0.5635062611806798	3.069644465321763	1.0720542295089983	3	4.705204956011441	0.613931727022965
0.9069767441860465	3.1766701021764936	1.2405382099455913	4	5.324185056308131	0.7009627702278984
0.5849731663685152	3.0607204972333064	1.0851644833299696	3	4.730858146931791	0.606808555515651
0.5724508050089445	2.9840305266999727	1.3866870052904783	3	4.9431683369993955	0.7102957129268115
0.2504472271914132	2.713786331546932	1.377925238907402	2	4.342158797645747	0.5737308622078969
0.9069767441860465	3.951396280494505	0.9392766883661461	6	5.797649713046697	0.5889400127956839
0.5867620751341681	4.036771753192196	0.7070969676622483	5	5.330630795988612	0.5100429324818924
0.8711985688729875	3.9907577708721944	1.0464022527635837	5	5.908358592508766	0.6872474958743011
0.5509838998211091	4.10731748433873	0.8085736519142895	4	5.4668750360741285	0.6132030162517161
0.889087656529517	3.9854033900191204	1.045277252951478	5	5.919768299500116	0.6781106638589645
0.5688729874776386	4.100624508272388	0.8067431792393761	4	5.476240674989402	0.6017819762325453
0.8497316636851521	4.043107030372386	1.1770092825820517	4	6.069847976639591	0.8060998682852439
0.5295169946332737	4.215969734827831	0.9517807580444644	3	5.697267487505568	0.746991352925445
0.9069767441860465	3.6996062130490457	1.0306905777328326	5	5.637273534967925	0.6669886545669331
0.5867620751341681	3.743378037059794	0.782546051261959	4	5.112686163455922	0.5878794646175062
0.8694096601073346	3.685860559159793	1.1870849027709036	4	5.742355122038031	0.7861186952815195
0.5491949910554562	3.7396411065443735	0.9721599931961514	3	5.260996090795981	0.7203497889204791
0.889087656529517	3.6791675830934514	1.1913440606570214	4	5.75959930027999	0.780776316651034
0.5688729874776386	3.730717138455917	0.9807673629922454	3	5.280357488925801	0.713226617413165
0.8443649373881932	3.654027167922583	1.3993596556910353	3	5.897751761001811	0.9042428570018328
0.5241502683363148	3.7187812933808475	1.3979167248273192	2	5.640848286544482	0.8646515783204288
0.9051878354203936	3.695227124880226	1.02874412487284	5	5.62915908517346	0.6653820867867946
0.5831842576028623	3.7379041768487697	0.7789175017136943	4	5.100005936165326	0.5858712548923329
0.8694096601073346	3.6803866989487686	1.1862440508571441	4	5.736040409913247	0.7839739012285015
0.5474060822898033	3.7323426262630073	0.9697093664720781	3	5.249458075024889	0.7174900635164552
0.8872987477638641	3.673693722882426	1.1886535038402222	4	5.749645974486513	0.7787681069258607
0.5652951699463328	3.7234186581745505	0.9746173264620929	3	5.263331154582977	0.7105490044462675
0.8479427549194991	3.646728687641216	1.3987850144298928	3	5.8934564569906085	0.9035669476679965
0.5259391771019678	3.707833572958798	1.39388603235423	2	5.627658782414995	0.8636377143196743
0.9051878354203936	3.3164472516698327	1.0947893695860642	4	5.316424456676291	0.7587869339221363
0.5831842576028623	3.2470900298910927	0.7871170527277599	3	4.617391340221715	0.6839074404413015
0.8640429338103757	3.1704000593577586	1.279830237028098	3	5.314273230196233	0.8769253836630305
0.5420393559928444	2.993340630533612	1.0377056844707953	2	4.573085670997251	0.8236753683122253
0.8872987477638641	3.1614760912693023	1.2969174581401746	3	5.345692297173341	0.8698022121557165
0.5652951699463328	2.9799546784009268	1.0892345098786023	2	4.634484358225862	0.8129906110512544
0.46153846153846156	2.8649197226009253	1.3959178318223167	2	4.722376015961704	0.8889729811549232
0.13953488372093023	2.2053205281957977	1.0	1	3.3448554119167277	0.7945205479452054
0.9355992844364938	4.044491827801917	0.8006397462718408	7	5.7807308585102515	0.47733157390601266
0.6189624329159212	4.131153979601227	0.5601643622678576	6	5.3102807747850065	0.3929826004962411
0.8908765652951699	4.09280899433456	0.8522812045179182	6	5.835966764147649	0.5291945285313737
0.5742397137745975	4.206467009800262	0.577884886279759	5	5.358591609854618	0.43834835136472017
0.889087656529517	4.088347010290332	0.8471408168465425	6	5.824575483666392	0.5174979796933128
0.5724508050089445	4.201112628947188	0.5702010209798531	5	5.343764454935986	0.42431249275904714
0.7656529516994633	4.155098646627186	0.8912306612592141	5	5.8119822595858635	0.5753151243784934
0.4490161001788909	4.31274357903247	0.5521341004020232	4	5.313893779613385	0.4732875518819566
0.9355992844364938	3.8501826961486025	0.877084737263203	6	5.662866717848299	0.5123121607752337
0.6189624329159212	3.9153154519771127	0.6151853000370389	5	5.149463184930073	0.4180895100573523
0.889087656529517	3.869301469657112	0.9567785892161614	5	5.7151677154027904	0.5593301859755139
0.5724508050089445	3.955497107819877	0.6614946443839266	4	5.1894425572127485	0.4533063788782321
0.889087656529517	3.8639470888040384	0.9527485022528742	5	5.70578324758643	0.5550562830711254
0.5724508050089445	3.9488041317535343	0.6548223597903774	4	5.176077296552856	0.4479640002477465
0.7584973166368515	3.891286653853534	1.0289018032626982	4	5.678685773753084	0.5912261799392474
0.4418604651162791	4.013542566136027	0.660153329503106	3	5.115556360755412	0.4604931017974496
0.9338103756708408	3.84653345600792	0.8763668271160036	6	5.656710658794764	0.5109733542917849
0.6153846153846154	3.9109363638082932	0.6138777579472732	5	5.140198737140182	0.4164829422772136
0.889087656529517	3.8649223814882925	0.957143665707099	5	5.711153703724908	0.5576143507330995
0.5706618962432916	3.9500232476088524	0.6617186437538788	4	5.182403787606023	0.4511615848252142
0.8872987477638641	3.8595680006352184	0.9520037558019878	5	5.69887050420107	0.5534497152909869
0.5688729874776386	3.94333027154251	0.6531966542572899	4	5.165399913277438	0.4459557905225734
0.7620751341681574	3.8858127936425086	1.0300637953641159	4	5.6779517231747825	0.5907192479388702
0.44364937388193204	4.006244085854661	0.6617083908093874	3	5.111601850545981	0.4598171924636133
0.9338103756708408	3.5737708236651438	0.955187831093129	5	5.462769030429113	0.5374647768880073
0.6153846153846154	3.5860838003299165	0.6586174437961834	4	4.860085859510715	0.4259746175188489
0.8837209302325582	3.5285663224299157	1.0697573330692787	4	5.482044585731753	0.5707380749351457
0.5652951699463328	3.5299154575712035	0.7413234609936956	3	4.8365340885112325	0.4331756284586473
0.8872987477638641	3.5218733463635736	1.0673249741337205	4	5.476497068261159	0.5653956963046602
0.5688729874776386	3.5209914894827468	0.7365477971464388	3	4.826412274106824	0.4260524569513332
0.5313059033989267	3.4443015189494126	1.1683421653735289	3	5.143949587721869	0.5651723058775382
0.21288014311270126	3.4041928199210925	0.7163200754771852	2	4.333393038510979	0.356045751633987
0.9177101967799642	4.181531776619225	0.7824454518099845	6	5.881687425209173	0.524479428816274
0.5992844364937389	4.31293434854186	0.4711930484600691	5	5.383411833495668	0.4326902317066005
0.8711985688729875	4.266920366221859	0.849579887441379	5	5.987698822536226	0.5961445453487595
0.552772808586762	4.45252072852581	0.47944126909738666	4	5.484734806209959	0.4993243280947891
0.8711985688729875	4.261565985368785	0.8430891123288047	5	5.975853666570577	0.5821086867430865
0.552772808586762	4.445827752459468	0.4686678375883592	4	5.467268398634589	0.4817795048376978
0.7459749552772809	4.388310274559466	0.9040698640643257	4	6.038355093901073	0.6705327943620056
0.4275491949910555	4.676240727077271	0.40371170644922255	3	5.507501628517549	0.5662352543611273
0.9177101967799642	3.9757688083987097	0.8773022629318286	5	5.770781268110502	0.5758857040413915
0.5992844364937389	4.088581281246874	0.5258037526470568	4	5.21366947038767	0.47400077646057914
0.8694096601073346	4.031063803346873	0.9954785272892925	4	5.8959519907435	0.6505516213582812
0.5509838998211091	4.199912098793814	0.5867570276731392	3	5.337653026288062	0.5395936903561613
0.8711985688729875	4.024370827280531	0.9907947263412961	4	5.886364122494815	0.6452092427277957
0.552772808586762	4.190988130705358	0.5774784798010052	3	5.321239419093125	0.5324705188488472
0.738819320214669	4.114298160172023	1.1263426187663763	3	5.979460099153068	0.7234867584375151
0.4203935599284436	4.4091877817550085	0.5722949703739743	2	5.401876312057427	0.5935174304739522
0.9159212880143113	3.9713897202298902	0.8760594454839324	5	5.763370453728133	0.5742791362612529
0.5957066189624329	4.08310742103585	0.5233479287856196	4	5.202161968783902	0.4719925667354059
0.8694096601073346	4.025589943135849	0.9958104010623602	4	5.890810004305543	0.6484068273052632
0.5491949910554562	4.192613618512447	0.5866518523227207	3	5.328460461890624	0.5367339649521374
0.8694096601073346	4.018896967069507	0.989276895211324	4	5.877583522388165	0.6432010330026224
0.5491949910554562	4.183689650423991	0.5736738946445074	3	5.306558536123955	0.5297929058819497
0.7423971377459749	4.106999679890657	1.128113428878889	3	5.9775102465155205	0.7228108491036788
0.4221824686940966	4.398240061332959	0.5753006320218494	2	5.395723162048904	0.5925035664731977
0.9159212880143113	3.661650495856913	0.9767458039932809	4	5.554317587864506	0.623219859998898
0.5957066189624329	3.7073610221405335	0.5488397069824041	3	4.851907348085371	0.5031513418769837
0.8640429338103757	3.6306710516071994	1.1718247375493236	3	5.666538722966899	0.6961692850987128
0.5438282647584973	3.683747118907772	0.7071185423551036	2	4.934693926021373	0.5525412204657487
0.8694096601073346	3.6217470835187426	1.171026040993172	3	5.662182784619249	0.6890461135913988
0.5491949910554562	3.6703611667750877	0.7049896147582262	2	4.92454577258877	0.5418564632047778
0.4937388193202147	3.5553262109750854	1.4024884755016853	2	5.451553505796985	0.7505362365940852
0.1735241502683363	3.5861335049441188	1.0	1	4.759657655212456	0.5176470588235295
0.9141323792486583	4.120884881611549	0.8089948240813755	6	5.844012084941584	0.5148447941816394
0.59391771019678	4.2401580745326495	0.5126441599031526	5	5.346719944632582	0.42112867014503885
0.8658318425760286	4.194144092212648	0.8810695372038977	5	5.941045471992574	0.5845829837871979
0.5456171735241503	4.361550386014297	0.5346357737615793	4	5.441803333300027	0.48487237614283707
0.8658318425760286	4.188789711359574	0.8735718484565218	5	5.928193402392124	0.5705471251815248
0.5456171735241503	4.354857409947955	0.522184152861216	4	5.422658736333322	0.4673275528857459
0.738819320214669	4.2973399320479535	0.9409837432029079	4	5.977142995465531	0.6560808424100537
0.4186046511627907	4.554946937061921	0.4829629748463766	3	5.456514563071088	0.546965985091858
0.9141323792486583	3.9029925343894996	0.9053059380481873	5	5.722430851686345	0.56432414247983
0.59391771019678	3.9976109387353613	0.5751882995676498	4	5.166716948499791	0.4595488245086272
0.8640429338103757	3.94009346083536	1.028260638075611	4	5.832397032721348	0.6360996694063292
0.5438282647584973	4.078618308778463	0.6577447593657655	3	5.280191332902726	0.520324421086892
0.8658318425760286	3.9334004847690185	1.0218986477362784	4	5.821130975081325	0.6307572907758437
0.5456171735241503	4.069694340690006	0.6451098327109596	3	5.260421346925116	0.5132012495795779
0.7316636851520573	3.9930043701566724	1.1607690994077815	3	5.885437154716511	0.7042174891682458
0.41144901610017887	4.227247096731982	0.6918449426581587	2	5.330541055490319	0.5646135265700483
0.9123434704830053	3.89861344622068	0.9039285066626002	5	5.714885423366286	0.5627175746996913
0.590339892665474	3.992137078524337	0.5725081191433948	4	5.154985090333206	0.457540614783454
0.8640429338103757	3.9346196006243357	1.0283681552858608	4	5.827030689720573	0.6339548753533113
0.5420393559928444	4.071319828497097	0.6571908708897115	3	5.270550055379652	0.5174646956828681
0.8640429338103757	3.927926624557993	1.020156460043489	4	5.812126018411857	0.6287490810506705
0.5420393559928444	4.06239586040864	0.6408565344288264	3	5.24529175083031	0.5105236366126804
0.7352415026833632	3.9857058898753053	1.1620911963946583	3	5.883038588953327	0.7035415798344096
0.41323792486583183	4.216299376309932	0.6935044649291274	2	5.3230417661048905	0.5635996625692938
0.9123434704830053	3.5706801533454	1.0034936004731818	4	5.486517224301587	0.608767908046946
0.590339892665474	3.5860672321251825	0.6077588100621951	3	4.784165934852851	0.48388207260771443
0.8586762075134168	3.509377261591848	1.1975389683605655	3	5.56559243746583	0.6769000158294436
0.5366726296958855	3.501806433884746	0.8005317651487981	2	4.839010828729429	0.5236373165618449
0.8640429338103757	3.500453293503392	1.1933838930217422	3	5.5578801203355095	0.6697768443221295
0.5420393559928444	3.488420481752061	0.788333701203905	2	4.81879353894881	0.5129525593008738
0.4347048300536673	3.3733855259520595	1.3862179451417163	2	5.1943083011474425	0.6681832954176146
0.11270125223613596	3.222252134898066	1.0	1	4.3349533871342025	0.3529411764705883
0.8944543828264758	4.3006114309542465	0.7774489542138926	5	5.972514767994615	0.5789248641290783
0.5724508050089445	4.494634559441295	0.3587044541819228	4	5.425789818632162	0.47779972657018754
0.8443649373881932	4.4371170815412935	0.8730993756935294	4	6.154581394623016	0.6821176186228863
0.5223613595706619	4.741316469719707	0.3406444899444642	3	5.604322319234833	0.581681686708968
0.8461538461538461	4.430424105474951	0.8626362384387187	4	6.1392141900675155	0.6645727953657949
0.5241502683363148	4.73239250163125	0.31980726945870186	3	5.576350039426266	0.5582885890328464
0.7173524150268337	4.655702531097916	0.958111702162815	3	6.331166648287564	0.8099596417319235
0.3953488372093023	5.2212943381438475	0.06353951695184377	2	5.680182692304993	0.7232267554155647
0.8944543828264758	4.073177634262358	0.8976885043882158	4	5.86532052147705	0.6567940669886763
0.5724508050089445	4.2560638733477925	0.3901397961316791	3	5.2186544744884165	0.5479169511966882
0.8425760286225402	4.179373902814459	1.0969897251683305	3	6.118939656605329	0.7833180777269575
0.5205724508050089	4.506801395718662	0.4808575702903397	2	5.50823141681401	0.6832644094081157
0.8461538461538461	4.170449934726002	1.0883317658046299	3	6.1049355466844775	0.7761949062196435
0.5241502683363148	4.4934154435859766	0.45515085427081514	2	5.472716566193107	0.6725796521471448
0.7101967799642218	4.378380487785975	1.4042444104234697	2	6.492821678173667	0.9591040115301466
0.3881932021466905	5.232242058565897	1.0	1	6.620435260712588	0.9347826086956522
0.8926654740608229	4.067703774051333	0.8951161983670762	4	5.855485446479232	0.654785857263503
0.5688729874776386	4.248765393066427	0.38422626119284603	3	5.201864641736912	0.5452393382297904
0.8425760286225402	4.172075422533092	1.0966515854985077	3	6.11130303665414	0.7804583523229336
0.518783542039356	4.495853675296612	0.4775363825912092	2	5.492173599927177	0.6789748213020799
0.8443649373881932	4.163151454444636	1.084294216328728	3	6.091810608161557	0.7735172932527459
0.5205724508050089	4.482467723163928	0.44073143715344665	2	5.443771611122383	0.6685632326967983
0.7137745974955277	4.367432767363925	1.406551179113132	2	6.487758543972585	0.958090147529392
0.38998211091234347	5.2103466177217985	1.0	1	6.600328728634142	0.9327548806941431
0.8926654740608229	3.686822826161178	1.015292730448223	3	5.594781030670224	0.7468757292477799
0.5688729874776386	3.767974780738741	0.23441096383388235	2	4.5712587320502625	0.6286008866893493
0.8372093023255814	3.652939824938739	1.405867194791182	2	5.896016322055503	0.9181278015219431
0.5134168157423972	3.7813607328714256	1.0	1	5.294777548613823	0.8528301886792452
0.8443649373881932	3.6395538728060544	1.405600032719605	2	5.889518842913853	0.907443044260972
0.5205724508050089	3.7545888286060562	1.0	1	5.275161279411066	0.8314606741573032
0.32379248658318427	3.5245189170060525	1.0	1	4.8483114035892365	0.9834254143646409
best score
1	6.620435260712588	0.9347826086956522
0.9834254143646409
1