coverage		internal		external		size		score		f1
0.9495798319327731	2.675531855585118	1.2159730468275856	4	4.841084734345476	0.41632796427316976
0.7394957983193278	2.6052878007818516	1.2908283825504379	3	4.635611981651618	0.3907203907203908
0.7058823529411765	1.9972910582164545	1.3247919288864802	3	4.027965340044111	0.44865484591511995
0.2605042016806723	1.5528045773272219	1.4034907274916046	2	3.2167995064994988	0.42640692640692657
0.7563025210084033	3.0191689281654597	1.0575368471920343	3	4.833008296365898	0.30113569839597243
0.5378151260504201	3.0856213822507303	1.0932391921928981	2	4.716675700494049	0.20512820512820507
0.5042016806722689	2.173626268402635	1.2269032752368414	2	3.904731224311745	0.29202988792029894
0.05042016806722689	1.4609885168103502	1.0	1	2.511408684877577	0.09090909090909094
0.9327731092436975	3.080379635176708	1.1907350286813896	3	5.203887773101795	0.5551039523642263
0.7226890756302521	3.177437442767602	1.3757552279668108	2	5.275881746364665	0.5860805860805862
0.6554621848739496	2.2654423289195065	1.3439817839309953	2	4.264886297724451	0.6275277234181345
0.21008403361344538	1.6446206378440935	1.0	1	2.854704671457539	0.7619047619047621
0.7394957983193278	3.7982591338430147	0.8524680741463626	2	5.390223006308705	0.4517035475939586
0.5210084033613446	4.71025424769111	1.0	1	6.231262651052455	0.41025641025641024
0.453781512605042	2.8862640199949197	1.0	1	4.340045532599962	0.4931506849315068
best score
1	6.231262651052455	0.41025641025641024
0.7619047619047621
1