coverage		internal		external		size		score		f1
0.881578947368421	1.8951046241183762	1.3071340696536409	9	4.083817641140438	0.5338085640503807
0.6622807017543859	1.9014273543320461	1.2925963609952693	8	3.8563044170817014	0.5190128954262434
0.7850877192982456	1.8578882149149936	1.3048806515177291	8	3.9478565857309684	0.5075067874050637
0.5394736842105263	1.8597975624158476	1.2834612124311229	7	3.682732459057497	0.4868400551710046
0.7675438596491229	1.8791557278396962	1.306269882348387	8	3.952969469837206	0.5623990413363392
0.543859649122807	1.8841032914726503	1.2885723977446009	7	3.7165353383400586	0.5495740596638908
0.6052631578947368	1.834344274996019	1.2832087488563277	7	3.7228161817470835	0.5295875889671318
0.3508771929824561	1.8326478570938525	1.2474668660723545	6	3.4309919161486633	0.5091565349544074
0.8508771929824561	1.8144184148780487	1.3338280591300335	8	3.9991236669905383	0.5151966112210571
0.631578947368421	1.8101177909450532	1.3281872127678565	7	3.7698839510813307	0.4956284252464255
0.75	1.7603587744684217	1.3424331821208966	7	3.8527919565893187	0.4824785875079344
0.5043859649122807	1.746331439811656	1.334399883682902	6	3.585117288406839	0.4541960332520105
0.7324561403508771	1.7846645035252247	1.3444275773468168	7	3.861548221222919	0.5452125920008206
0.5087719298245614	1.7746881237112595	1.3417544655541642	6	3.625214519089985	0.5273857051603776
0.5657894736842105	1.716635937821856	1.331259038562915	6	3.6136844500689813	0.5040681560141589
0.31140350877192985	1.6910585689044235	1.3142379055693687	5	3.316699983245722	0.4744470046082949
0.8552631578947368	1.8384436695585087	1.2980230321044692	8	3.991729859557715	0.5505346345566782
0.6359649122807017	1.8375752248655792	1.275358195981392	7	3.7488983331276726	0.5360147376299924
0.7587719298245614	1.7878162083889477	1.296993015781858	7	3.843581153995367	0.5228648998915014
0.5131578947368421	1.7783651127189362	1.263659077754919	6	3.5551820852106975	0.5013133976995054
0.7412280701754386	1.8121219374457505	1.2988024430423122	7	3.8521524506635014	0.5855989043843877
0.5175438596491229	1.8067217966185394	1.2707547044745284	6	3.5950203607421907	0.5745030696078726
0.5789473684210527	1.748669610729136	1.2706036681096753	6	3.598220647259864	0.5511855204616536
0.32456140350877194	1.7294989763931596	1.2125679903095155	5	3.266628370211447	0.5309878419452888
0.8245614035087719	1.7381364369181533	1.3355423912346385	7	3.898240231661564	0.5316532699669223
0.6052631578947368	1.720405379336343	1.326209442983936	6	3.6518779802150156	0.5115664961208297
0.7236842105263158	1.662353193446939	1.3535118721569215	6	3.7395492761301763	0.49622501875925673
0.4780701754385965	1.625919275654524	1.3429585129406112	5	3.4469479640337317	0.4650352399024126
0.706140350877193	1.6907098773465428	1.3562439927539502	6	3.753094220977686	0.5694146906676241
0.4824561403508772	1.6599472963340478	1.353900336668616	5	3.496303773353541	0.5528628461924534
0.5394736842105263	1.5902846732667637	1.3491943042998351	5	3.478952661777125	0.5248817872169905
0.2850877192982456	1.5267251459812003	1.3279070227659855	4	3.1397198880454313	0.4930587557603686
0.8552631578947368	1.9922822178974071	1.321897894786011	8	4.169443270578155	0.5880346345566783
0.6359649122807017	2.0133907086814626	1.3072895310047628	7	3.956645151966927	0.5788718804871353
0.7587719298245614	1.9636316922048314	1.3284202893737909	7	4.050823911403183	0.5657220427486442
0.5131578947368421	1.9834831771708006	1.307794719477465	6	3.804435791385108	0.5513133976995053
0.7412280701754386	1.9879374212616343	1.3304814643959233	7	4.059646955832996	0.6284560472415306
0.5175438596491229	2.011839861070404	1.3152427930634247	6	3.8446265137829516	0.6245030696078726
0.5789473684210527	1.9537876751810004	1.3143860706945587	6	3.8471211142966117	0.6011855204616536
0.32456140350877194	1.9756406537353972	1.2784477822276	5	3.578649839471769	0.5909878419452887
0.8245614035087719	1.9139519207340372	1.3535586148361707	7	4.09207193907898	0.5565380625936505
0.6052631578947368	1.9255234437882072	1.3515696147199217	6	3.8823562164028655	0.5405987541853459
0.7236842105263158	1.8674712578988037	1.3781663578888945	6	3.9693218263140144	0.5252572768237729
0.4780701754385965	1.8720609529967613	1.3801464295793306	5	3.7302775580146883	0.4998739495798319
0.706140350877193	1.8958279417984072	1.3812509253522731	6	3.983219218027873	0.5984469487321402
0.4824561403508772	1.9060889736762854	1.39161692360686	5	3.780162037634023	0.5877015558698726
0.5394736842105263	1.8364263506090013	1.3858523622320593	5	3.7617523970515867	0.5597204968944098
0.2850877192982456	1.8344022426589972	1.3893474327209603	4	3.508837394678203	0.5366071428571428
0.8245614035087719	1.941409354654563	1.2969203959663087	7	4.062891154129644	0.6148967252076323
0.6008771929824561	1.9575571166954873	1.2651515352487857	6	3.823585844926729	0.6086838605683245
0.7280701754385965	1.8995049308060838	1.302092669044154	6	3.9296677752888343	0.5933423832067517
0.4780701754385965	1.910501360485497	1.2553490367322264	5	3.6439205726563197	0.5815760772394064
0.7105263157894737	1.927861614705687	1.30491828135588	6	3.9433062118510405	0.666532055115119
0.4824561403508772	1.9445293811650213	1.2664310980322768	5	3.6934166195481755	0.6694036835294471
0.5482456140350878	1.874866758097737	1.2761831225970703	5	3.699295494729895	0.6414226245539844
0.2894736842105263	1.8824527520199172	1.1887539340293216	4	3.3606803702597654	0.638734802431611
0.793859649122807	1.8415451974234907	1.3372202894490761	6	3.972625135995374	0.5826277396925923
0.5701754385964912	1.8409496804263852	1.3209123267322975	5	3.7320374457551737	0.5687185050224149
0.6929824561403509	1.771287057359101	1.3718445496038494	5	3.8361140631033015	0.5503087321885275
0.44298245614035087	1.7529781260966222	1.3582366733076636	4	3.554197255544637	0.5248424369747899
0.6754385964912281	1.8053150780386251	1.3763813517200283	5	3.857135026249882	0.6381363384785683
0.4473684210526316	1.7955131519460275	1.3772040815553979	4	3.6200856545540567	0.6346269448373408
0.5087719298245614	1.7084348731119219	1.3859916594608854	4	3.603198462397369	0.5996506211180124
0.25	1.6630722366795574	1.3651721823726912	3	3.278244419052249	0.5821428571428571
0.8640350877192983	1.7809014807963586	1.3315080433981559	8	3.976444611913813	0.51133631710341
0.6447368421052632	1.7718127234231216	1.3245378541201243	7	3.741087419648509	0.49121666054054314
0.7675438596491229	1.72205370694649	1.341060872277935	7	3.830658438873548	0.47806682280205204
0.5219298245614035	1.7016421943694027	1.331700243828769	6	3.5552722627595754	0.44904897442848113
0.75	1.7463594360032932	1.3433288700322155	7	3.8396883060355087	0.5408008272949383
0.5263157894736842	1.729998878269006	1.3394378692397357	6	3.5957525369824257	0.5222386463368482
0.5877192982456141	1.6719466923796025	1.3321303105751645	6	3.591796301200381	0.4989210971906294
0.3333333333333333	1.6374314743737195	1.3143772044767634	5	3.285142012183816	0.4682705340200596
0.7105263157894737	1.672373935475696	1.3302161920964795	7	3.713116443361649	0.45838463501157334
0.49122807017543857	1.643682460986809	1.3250989311698558	6	3.4600094623321036	0.426086422006256
0.6052631578947368	1.5856302750974056	1.3452448380431237	6	3.5361382710352665	0.40882645921370997
0.35964912280701755	1.5338517736350838	1.3400772122389282	5	3.2335781086810296	0.36015696844775646
0.5921052631578947	1.6139869589970093	1.3486189573315097	6	3.554711179486414	0.4820161311220773
0.3684210526315789	1.5678797943146077	1.3519820340039688	5	3.288282880950155	0.4479845747377972
0.42105263157894735	1.4982171712473236	1.3365412181856113	5	3.2558110210118825	0.4200035157623344
0.16666666666666666	1.4116407684569001	1.3226839633573027	4	2.9009913984808695	0.36196091644204853
0.8377192982456141	1.6998313693962217	1.3325430905019164	7	3.870093758143752	0.52724150526104
0.618421052631579	1.6757161338940891	1.3212320158841384	6	3.6153692024098065	0.5064194372973003
0.7412280701754386	1.6176639480046857	1.3517223133838023	6	3.710614331563926	0.49107795993572734
0.4956140350877193	1.5722921811238197	1.339106565669952	5	3.407012781881491	0.45885876931417724
0.7236842105263158	1.6460206319042892	1.3548374775205358	6	3.7245423199511407	0.5642676318440947
0.5	1.6063202018033436	1.3506229547075137	5	3.4569431565108575	0.5466863756042181
0.5614035087719298	1.5366575787360595	1.3506987248287503	5	3.4487598123367396	0.5187053166287552
0.30701754385964913	1.4596912778178202	1.3284683751292108	4	3.09517719680668	0.4853381675250745
0.6842105263157895	1.5597042146220925	1.3364737258873547	6	3.5803884668252364	0.46811540751350234
0.4649122807017544	1.5027405010647077	1.3291055438179686	5	3.2967583255844306	0.43130370640750715
0.5789473684210527	1.4330778779974236	1.3703615122459636	5	3.38238675866444	0.41059175105645207
0.3333333333333333	1.3302166518945255	1.3712867150916102	4	3.034836700319469	0.35019621055969563
0.5657894736842105	1.4671058986769476	1.375332642099654	5	3.4082280144608124	0.4984193573464928
0.34210526315789475	1.3727516777439304	1.390978002901863	4	3.1058349438036883	0.4599807184222465
0.39473684210526316	1.2856733989098252	1.3836384900680887	4	3.064048731083177	0.42500439470291806
0.14035087719298245	1.0993902710767613	1.3915093850146096	3	2.631250533284353	0.34928122192273137
0.8377192982456141	1.8756468532121056	1.3499266156664809	7	4.063292767124201	0.5521262978877681
0.618421052631579	1.8808341983459538	1.3457064098083689	6	3.8449616607859016	0.5354516953618165
0.7412280701754386	1.8227820124565504	1.3754910213040197	6	3.9395011039360086	0.5201102180002435
0.4956140350877193	1.8184338584660573	1.3749658155910383	5	3.689013709144815	0.49369747899159666
0.7236842105263158	1.8511386963561538	1.378958632307103	6	3.9537815391895728	0.5932998899086108
0.5	1.8524618791455811	1.3870108749281247	5	3.739472754073706	0.5815250852816374
0.5614035087719298	1.782799256078297	1.3860281160433416	5	3.7302308808935685	0.5535440263061746
0.30701754385964913	1.767368374495617	1.3876943405547972	4	3.4620802589100634	0.5288865546218487
0.6578947368421053	1.7648222790739572	1.3414669638210117	6	3.7641839797370746	0.49714766557801837
0.43859649122807015	1.748882178406945	1.3368015887592146	5	3.5242802583942296	0.46614241608492646
0.5526315789473685	1.679219555339661	1.3769990281811897	5	3.6088501624682188	0.4453087321885275
0.30701754385964913	1.6378937485723224	1.382692888384921	4	3.3276041808168926	0.39359243697478996
0.5394736842105263	1.7132475760191852	1.3824988283344049	5	3.6352200885641164	0.5331363384785683
0.3157894736842105	1.6804287744217272	1.4032652933610483	4	3.399483541466986	0.5033769448373409
0.3684210526315789	1.593350495587622	1.3941615655172415	4	3.3559331137364428	0.4684006211180124
0.11403508771929824	1.5096263999804904	1.4132428293821164	3	3.036904317081905	0.40714285714285714
0.8070175438596491	1.796855951981237	1.332267165618537	6	3.936140661459423	0.5774806808690629
0.5833333333333334	1.7873225858956812	1.3123150318755084	5	3.6829709511045228	0.5625420344341797
0.7105263157894737	1.717659962828397	1.368029057237078	5	3.7962153358549484	0.5441322616002922
0.4605263157894737	1.685944257933242	1.3499315041780777	4	3.496402077900793	0.5171218487394957
0.6929824561403509	1.7516879835079209	1.373140424662814	5	3.817810864311086	0.631959867890333
0.4649122807017544	1.7284792837826473	1.3698565212750733	4	3.563248085759475	0.6269063566020467
0.5307017543859649	1.6414010049485417	1.386613769997257	4	3.5587165293317637	0.5919300328827182
0.2719298245614035	1.5736937457950504	1.3625243730755008	3	3.2081479434319546	0.5718487394957983
0.6271929824561403	1.6481082827692852	1.3168939181489523	5	3.5921951833743777	0.5165771986936221
0.40350877192982454	1.5990046578593522	1.2861593713523476	4	3.2886728011415243	0.4826780201061581
0.5219298245614035	1.511926379025247	1.3715502839191283	4	3.405406487505779	0.4566359152356594
0.2719298245614035	1.4010609112306573	1.3524914561199972	3	3.025482191912058	0.3914565826330533
0.5087719298245614	1.554461404874652	1.3805665357096715	4	3.443799870408885	0.5664204230982104
0.2807017543859649	1.457774279029864	1.3933361024759554	3	3.131812135891784	0.5378359264497878
0.33771929824561403	1.3416699072510572	1.4119190071819858	3	3.091308212678657	0.4912008281573498
0.07894736842105263	1.0902434696720773	1.4125217329364523	2	2.5817125710295823	0.4107142857142857
0.8640350877192983	1.9895322496957375	1.2976026381474206	8	4.151169975562457	0.5916329123040811
0.6447368421052632	2.010247887879555	1.279977831246669	7	3.934962561231487	0.5829841979127388
0.7675438596491229	1.9604888714029232	1.2938512925348085	7	4.021884023586855	0.5629977272159796
0.5219298245614035	1.9798165529019078	1.2665128899669276	6	3.7682592674302384	0.5481350295780631
0.7368421052631579	1.984794600459726	1.2898054221409188	7	4.011442127863803	0.6070274758129591
0.5131578947368421	2.008173236801511	1.2654110999704564	6	3.7867422315088097	0.5995030696078727
0.5745614035087719	1.9501210509121079	1.2543941616883458	6	3.7790766161092257	0.5761855204616537
0.3201754385964912	1.9712407046127258	1.199132067814338	5	3.4905482110235546	0.5609878419452887
0.8333333333333334	1.910809099932129	1.328452205201242	7	4.072594638466704	0.5786227302496685
0.6140350877192983	1.9218568195193144	1.3235354072950594	6	3.859427314533672	0.5663641997840336
0.7324561403508771	1.863804633629911	1.339971934550788	6	3.936232708531576	0.5430466506378147
0.4868421052631579	1.86766100387409	1.3335269436682273	5	3.688030052805475	0.5212211981566821
0.7017543859649122	1.8921613175295144	1.3345066384317361	6	3.928422341926163	0.5944146906676242
0.4780701754385965	1.9016890245536142	1.332172642322111	5	3.7119318423143217	0.5828628461924532
0.5350877192982456	1.8320264014863301	1.3111677570774443	5	3.6782818778620197	0.5548817872169906
0.2807017543859649	1.8289023062556584	1.282660005956695	4	3.3922640665983184	0.5305587557603687
0.8377192982456141	1.9382665338526548	1.2873437004941375	7	4.063329532592406	0.6190090426332356
0.618421052631579	1.9538904924265947	1.2588589276517834	6	3.831170472709957	0.6134815642315286
0.7412280701754386	1.8958383065371913	1.2856398455339078	6	3.9227062222465374	0.5901640150853096
0.4956140350877193	1.906101411362826	1.2413419505629135	5	3.6430573970134588	0.5777620354936759
0.7105263157894737	1.9241949904367945	1.2799155942632034	6	3.9146369004894717	0.6415320551151189
0.4868421052631579	1.9401294320423499	1.2395992164893181	5	3.6665707537948258	0.6394036835294472
0.5482456140350878	1.8704668089750658	1.2341109171842457	5	3.652823340194399	0.6114226245539844
0.29385964912280704	1.8769528156165785	1.1364205068347073	4	3.3072329715740927	0.601234802431611
0.8070175438596491	1.8378785731545977	1.3340150880245052	6	3.9789112050387523	0.6083931852912801
0.5877192982456141	1.8365497313037142	1.3267766736914974	5	3.7510457032408255	0.5996370397408405
0.706140350877193	1.7668871082364301	1.3624685726931833	5	3.8354960318068065	0.5716559807653777
0.4605263157894737	1.7474781896932834	1.360396960283314	4	3.5684014657660708	0.5515264976958525
0.6754385964912281	1.800915128915954	1.354180579435717	5	3.8305343048428986	0.6332976288011489
0.4517543859649123	1.7900132155426882	1.3579897095749718	4	3.5997573110825725	0.6285785577405666
0.5087719298245614	1.702934936708583	1.3413767476973495	4	3.553083614230494	0.5936022340212381
0.2543859649122807	1.6557389881417723	1.311516189165806	3	3.221641142219859	0.5740783410138248
0.8377192982456141	2.114082017668539	1.3161555370173965	7	4.267956852931549	0.6618661854903785
0.618421052631579	2.159008556878459	1.299332957478186	6	4.076762566988224	0.6634815642315286
0.7412280701754386	2.1009563709890555	1.325408189356298	6	4.167592630520792	0.6401640150853096
0.4956140350877193	2.1522430887050636	1.3012006543372583	5	3.949057778130041	0.6377620354936758
0.7105263157894737	2.129313054888659	1.320036384951943	6	4.159875755630076	0.691532055115119
0.4868421052631579	2.1862711093845872	1.2999865905631878	5	3.973099805210933	0.6994036835294472
0.5482456140350878	2.116608486317303	1.2934397622520957	5	3.958293862604487	0.6714226245539844
0.29385964912280704	2.184629912294375	1.235645562015725	4	3.7141351234329067	0.6762348024316109
0.8070175438596491	2.0429966376064623	1.3550079618603343	6	4.205022143326445	0.6374254433557962
0.5877192982456141	2.0826914086459514	1.3584721724860018	5	4.0288828793775675	0.6344757494182598
0.706140350877193	2.0130287855786673	1.3931055424816683	5	4.112274678937529	0.606494690442797
0.4605263157894737	2.0551552863710802	1.4118022233320564	4	3.9274838254926108	0.5950748847926267
0.6754385964912281	2.0470568062581913	1.385346219523726	5	4.1078416222731455	0.6681363384785682
0.4517543859649123	2.097690312220485	1.4102760897895885	4	3.9597207879749856	0.6721269448373408
0.5087719298245614	2.01061203338638	1.391898912901933	4	3.9112828761128746	0.6371506211180124
0.2543859649122807	2.0659751170455007	1.4132478130441752	3	3.733608895001957	0.6321428571428571
0.8070175438596491	2.075030310513742	1.2849985993003015	6	4.167046453673692	0.7055105497387748
0.5833333333333334	2.1211318161346875	1.242771269065958	5	3.947236418533979	0.7161778770778342
0.7105263157894737	2.0514691930674034	1.2929212250012185	5	4.054916733858096	0.6881968181023714
0.4605263157894737	2.1032057957320003	1.2270169282313168	4	3.7907490397527903	0.6972025443670948
0.6798245614035088	2.085497213746927	1.2847734693157977	5	4.050095244466233	0.7498384661381428
0.4517543859649123	2.145740821581405	1.2248434068097174	4	3.8223386143560347	0.7742546044118089
0.5175438596491229	2.0586625427473	1.2323272064880524	4	3.808533608884475	0.7392782806924805
0.25877192982456143	2.130042462860061	1.0584815349497674	3	3.44729592763439	0.7683130699088145
0.7763157894736842	1.9819175130082916	1.3372218308936603	5	4.095455133375636	0.6849105320269554
0.5526315789473685	2.01626619565811	1.322304370373199	4	3.891202144978678	0.6930946867728247
0.6754385964912281	1.929187916824005	1.398421833896131	4	4.003048347211364	0.6581183630534962
0.42543859649122806	1.9574096282956681	1.4107648449666785	3	3.793613069753575	0.660099846390169
0.6447368421052632	1.9717229426734102	1.3853395471680796	4	4.001799331946753	0.7351704230982103
0.4166666666666667	2.0141229960948746	1.407412414285447	3	3.8382020770469882	0.7628359264497878
0.4780701754385965	1.8980186243160677	1.4074484209037799	3	3.783537220658444	0.7162008281573498
0.21929824561403508	1.9247665452695932	1.412700840779863	2	3.556765631663491	0.7482142857142857
0.8464912280701754	1.8725040324101976	1.3251698356736599	7	4.044165096154033	0.5742109655437861
0.6271929824561403	1.8771675740770608	1.318161683882457	6	3.8225222404156582	0.5612171409605042
0.75	1.8191153881876574	1.3377860794648637	6	3.9069014676525207	0.5378995918142853
0.5043859649122807	1.814033909343386	1.3290805519283615	5	3.647500426184028	0.5150447275684468
0.7192982456140351	1.847472072087261	1.3327038268855165	6	3.899474144586813	0.5892676318440948
0.4956140350877193	1.8480619300229097	1.3283008158918022	5	3.671976781002431	0.576686375604218
0.5570175438596491	1.778399306955626	1.3120777331371527	5	3.6474945839524278	0.5487053166287553
0.3026315789473684	1.7618684380922782	1.2822306175379095	4	3.3467306345775563	0.5228381675250746
0.6842105263157895	1.7611556548050642	1.3170096440675312	6	3.7623758251883848	0.5209946257457332
0.4649122807017544	1.744482229284274	1.3107877582250507	5	3.5201822682110793	0.49475876828618426
0.5789473684210527	1.67481960621699	1.3357448737771596	5	3.5895118484152024	0.4667777093107215
0.3333333333333333	1.6323938121689836	1.331722879538298	4	3.297450025040615	0.4204286583775324
0.5526315789473685	1.7088476268965143	1.3284198785567292	5	3.589899084400612	0.5284193573464928
0.32894736842105265	1.6749288380183884	1.330920625558349	4	3.33479683199779	0.4974807184222465
0.3815789473684211	1.5878505591842833	1.2964163579314318	4	3.2658458644841364	0.46250439470291804
0.12719298245614036	1.5022931514427054	1.2533262445306848	3	2.8828123784295308	0.3992812219227314
0.8201754385964912	1.7931893277123443	1.3295514456929167	6	3.9429162120017525	0.6032461264677507
0.6008771929824561	1.78292263677301	1.3189136010831348	5	3.7027134308386005	0.5934605691526051
0.7236842105263158	1.713260013705726	1.3593873025748384	5	3.7963315268068802	0.5654795101771424
0.4780701754385965	1.6804443215299032	1.3533154949011053	4	3.5118299918696048	0.5438059094605584
0.6929824561403509	1.74728803438525	1.3516738746269286	5	3.7919443651525295	0.6271211582129137
0.4692982456140351	1.7229793473793085	1.3518658530420247	4	3.5441434460353682	0.6208579695052725
0.5307017543859649	1.635901068545203	1.343222561981098	4	3.509825384912266	0.585881645785944
0.27631578947368424	1.5663604972572653	1.3113157873633703	3	3.1539920740943197	0.563784223366766
0.6578947368421053	1.643708333646614	1.3281235966152256	5	3.629726667103945	0.54519355089488
0.43859649122807015	1.5935047214560134	1.3226624172895634	4	3.3547636299736467	0.5184484603577304
0.5526315789473685	1.5064264426219083	1.3826527900732337	4	3.4417108116425106	0.48347213663840194
0.30701754385964913	1.393727662692872	1.4102702987483962	3	3.1110155053009176	0.42723821117004324
0.5263157894736842	1.548961468471313	1.3702943829077008	4	3.445571640852698	0.560524196683116
0.3026315789473684	1.4504410304920785	1.4083656271922018	3	3.161438236631649	0.5299742912296621
0.35526315789473684	1.3343366587132717	1.3761474523320116	3	3.0657472689400205	0.48333919293722405
0.10087719298245613	1.0792435968653993	1.4119285593470925	2	2.592049349194948	0.3989218328840971
0.8201754385964912	1.998307392164209	1.3496585417169908	6	4.168141372477691	0.6322783845322668
0.6008771929824561	2.029064314115247	1.3492804331600061	5	3.979221940257709	0.6282992788300245
0.7236842105263158	1.959401691047963	1.3886956056456898	5	4.071781507219969	0.6003182198545617
0.4780701754385965	1.9881214182077	1.4025063134204592	4	3.8686979070667555	0.5873542965573326
0.6929824561403509	1.9934297117274873	1.3815108479973048	5	4.0679230158651425	0.661959867890333
0.4692982456140351	2.030656444057105	1.4019377887272533	4	3.901892478398393	0.6644063566020467
0.5307017543859649	1.9435781652229998	1.3915302826562936	4	3.8658102022652585	0.6294300328827183
0.27631578947368424	1.976596626160994	1.408618522182963	3	3.6615309378176413	0.6218487394957983
0.631578947368421	1.8898500109888512	1.3292686947062364	5	3.8506976530635084	0.5799105320269554
0.41228070175438597	1.9011818181338098	1.3249145608425164	4	3.638377080730712	0.5618446867728247
0.5263157894736842	1.8141035392997047	1.383140718616154	4	3.723560047389543	0.5268683630534963
0.2807017543859649	1.8039637915966011	1.4119334493034377	3	3.4965989952860035	0.485099846390169
0.5	1.85663856514911	1.3716634286164953	4	3.728301993765605	0.6039204230982104
0.27631578947368424	1.8606771593958076	1.4117910120789923	3	3.5487839609484837	0.5878359264497879
0.32894736842105265	1.7445727876170007	1.3760444071987366	3	3.44956456323679	0.5412008281573499
0.07456140350877193	1.694597790220993	1.4136813043548722	2	3.182840498084637	0.48571428571428577
0.7894736842105263	1.9282904184775873	1.3293952131891853	5	4.047159315877299	0.6787340614387201
0.5657894736842105	1.9492323274947299	1.3073139923474404	4	3.822335793526381	0.6853740985375306
0.6929824561403509	1.8621540486606247	1.3914011266870687	4	3.9465376314880443	0.6503977748182022
0.44298245614035087	1.8680311374111611	1.3928314001786202	3	3.703844993730132	0.64980572874311
0.6622807017543859	1.90468907451003	1.3792764488082787	4	3.946246225072694	0.7274498348629163
0.4342105263157895	1.9247445052103676	1.3913941871959115	3	3.750349218722069	0.7525418088027289
0.5	1.8086401334315607	1.4073695354476368	3	3.716009668879197	0.705906710510291
0.2412280701754386	1.7906988089428328	1.4007880933016321	2	3.4327149724199035	0.7327731092436974
0.6008771929824561	1.775214448586735	1.2921911870152891	4	3.6682828285844806	0.6248881650336943
0.37719298245614036	1.7521116706459743	1.237317718810687	3	3.3666223719128014	0.6157929156970996
0.4956140350877193	1.6360072988671674	1.3905603947516065	3	3.522181728706493	0.5691578174046616
0.24561403508771928	1.5317495570962432	1.4106428368158035	2	3.188006428999766	0.5276497695852534
0.4692982456140351	1.6927206666663743	1.3673056511559933	3	3.5293245634364023	0.6718938974642805
0.2412280701754386	1.616819608795053	1.4093150343535783	2	3.26736271332407	0.6817538896746818
0.2982456140350877	1.4426630511268428	1.4124463008937433	2	3.153354966055674	0.6118012422360248
0.039473684210526314	1.040803319844669	1.0	1	2.080277004055195	0.5714285714285714
0.8421052631578947	2.0018922871525895	1.2776000644552865	8	4.12159761476577	0.5291060631281068
0.6228070175438597	2.0243736449731	1.2533866526656314	7	3.900567315182591	0.5115249417116252
0.7456140350877193	1.9746146284964685	1.2696165987650931	7	3.989845262349281	0.4983751039731341
0.5	1.9962966028443774	1.2326948062345244	6	3.7289914090789016	0.47274196912807676
0.7280701754385965	1.9989203575532717	1.2715321352279811	7	3.9985226682198496	0.5611091084660202
0.5043859649122807	2.024653286743981	1.2399389858375423	6	3.768978237493804	0.5459316410364441
0.5657894736842105	1.9666011008545776	1.232221126291282	6	3.76461170083007	0.5226140918902251
0.31140350877192985	1.9910167645436894	1.1660382460365404	5	3.4684585193521595	0.49670212765957444
0.8114035087719298	1.9249348570256744	1.3078070974361684	7	4.0441454632337726	0.5071634740485549
0.5921052631578947	1.938336869461784	1.294742743969155	6	3.8251848765888337	0.48299506754940114
0.7105263157894737	1.8802846835723805	1.314478349960734	6	3.905289349322588	0.46765359018782826
0.4649122807017544	1.8874370638050535	1.2954522981009444	5	3.647801642607752	0.4307495256166982
0.6929824561403509	1.908641367471984	1.3173590234411707	6	3.9189828470535053	0.5408432620961954
0.4692982456140351	1.9214650844845778	1.3066169511540608	5	3.697380281252674	0.518577131906739
0.5263157894736842	1.8518024614172937	1.29056068401317	5	3.6686789349041478	0.49059607293127616
0.2719298245614035	1.8536223811693624	1.2485911030459016	4	3.3741433087766675	0.4502016129032258
0.8157894736842105	1.9523922909462001	1.260681023833189	7	4.0288627884635995	0.547549786432122
0.5964912280701754	1.9703705423690643	1.2216416678716542	6	3.7885034383108938	0.530112431996896
0.7192982456140351	1.9123183564796609	1.2517216644896294	6	3.8833382665833254	0.5147709546353232
0.47368421052631576	1.9258774712937896	1.190630410314294	5	3.5901920921343997	0.4872903629536921
0.7017543859649122	1.940675040379264	1.2543433828184132	6	3.8967728091625897	0.5879606265436903
0.4780701754385965	1.9599054919733134	1.2014066306399311	5	3.6393822980518413	0.5751179692437328
0.5394736842105263	1.8902428689060293	1.2008669494386346	5	3.63058350255519	0.54713691026827
0.2850877192982456	1.9016728905302824	1.0812901127883525	4	3.2680507226168807	0.5208776595744681
0.7850877192982456	1.8543586230970674	1.3051223273867252	6	3.944568669782038	0.5250240530566475
0.5657894736842105	1.8563257912346778	1.2836032640526251	5	3.7057185289715138	0.4995940810592814
0.6842105263157895	1.7866631681673932	1.3242437811580867	5	3.7951174756412693	0.4811843082253938
0.43859649122807015	1.7721982646069878	1.296965193254484	4	3.507759949089542	0.4384369070208729
0.6666666666666666	1.8206911888469175	1.3284747422998524	5	3.8158325978134364	0.5690119145154346
0.44298245614035087	1.8147332904563926	1.3154228665448624	4	3.573138613141606	0.5482214148834238
0.5	1.7276550116222875	1.3070576015068667	4	3.5347126131291544	0.5132450911640953
0.24561403508771928	1.688699088026711	1.2434303345108348	3	3.1777434576252652	0.4669354838709677
0.8157894736842105	2.128207774762084	1.2924307100272556	7	4.23642795847355	0.5904069292892649
0.5964912280701754	2.1754886068209287	1.2662286872371875	6	4.038208522128292	0.580112431996896
0.7192982456140351	2.1174364209315253	1.2956029978511496	6	4.13233766439671	0.564770954635323
0.47368421052631576	2.172019148636027	1.256658598397335	5	3.902361957559678	0.547290362953692
0.7017543859649122	2.1457931048311285	1.2985771630462835	6	4.146124653842325	0.6379606265436903
0.4780701754385965	2.206047169315551	1.2679634890224971	5	3.952080833776644	0.6351179692437329
0.5394736842105263	2.1363845462482667	1.2663652788151811	5	3.9422235092739744	0.60713691026827
0.2850877192982456	2.2093499872080793	1.190797641817197	4	3.685235348323522	0.595877659574468
0.7850877192982456	2.059476687548932	1.330228190761685	6	4.174792597608863	0.5540563111211636
0.5657894736842105	2.102467468576915	1.321468247155826	5	3.9897251894169514	0.5344327907367007
0.6842105263157895	2.032804845509631	1.3610502352552682	5	4.078065607080688	0.5160230179028132
0.43859649122807015	2.0798753612847847	1.358652930151053	4	3.877124782663908	0.481985294117647
0.6666666666666666	2.066832866189155	1.365809866696559	5	4.09930939955238	0.603850624192854
0.44298245614035087	2.1224103871341895	1.3779917206073058	4	3.943384563881846	0.591769801980198
0.5	2.0353321083000844	1.3678622405592773	4	3.903194348859362	0.5567934782608694
0.24561403508771928	2.0989352169304403	1.365726906084858	3	3.7102761581030173	0.5249999999999999
0.7850877192982456	2.091510360456212	1.2517942317474273	6	4.1283923115018855	0.6221414175041424
0.5614035087719298	2.140907876065651	1.1931304490544452	5	3.895441833892026	0.6161349183962752
0.6885964912280702	2.071245252998367	1.2482290230934816	5	4.008070767319919	0.5977251455623878
0.43859649122807015	2.1279258706457043	1.1528061439147523	4	3.7193285057885266	0.5841129536921151
0.6710526315789473	2.1052732736778905	1.252600221807293	5	4.028926127064131	0.6855527518524285
0.44298245614035087	2.1704608964951095	1.1714975464918738	4	3.784940899127334	0.693897461554666
0.5087719298245614	2.083382617661004	1.1872290430098356	4	3.7793835904954007	0.6589211378353376
0.25	2.163002562745	0.9688376457193275	3	3.3818402084643275	0.6611702127659573
0.7543859649122807	2.001693572939255	1.3000677595956702	5	4.056147297447206	0.5848675733453963
0.5307017543859649	2.0409862705718145	1.2606571370728796	4	3.8323451620306592	0.5680409884208759
0.6535087719298246	1.9539079917377093	1.3450222974354389	4	3.9524390611029725	0.5450287723785165
0.40350877192982454	1.9903697281806068	1.304518209771288	3	3.6983967098817194	0.509313725490196
0.6359649122807017	1.9964430175871142	1.352804934706108	4	3.9852128645739238	0.6548132802410674
0.40789473684210525	2.0470830959798136	1.3428956270874979	3	3.797873459909417	0.6556930693069307
0.4692982456140351	1.9309787242010064	1.3594270273850846	3	3.759703997200126	0.6090579710144925
0.21052631578947367	1.9742066950970016	1.270293973401758	2	3.4550269842882333	0.5874999999999999
0.8245614035087719	1.886629789503743	1.3052810168164382	7	4.016472209828953	0.5027517093426725
0.6052631578947368	1.8936476240195306	1.2904278250275454	6	3.789338606941813	0.47784800872587174
0.7280701754385965	1.8355954381301272	1.3133512993458027	6	3.8770169129145264	0.46250653136429887
0.4824561403508772	1.8338099692743495	1.292594113067568	5	3.608860222692795	0.424573055028463
0.7105263157894737	1.8639521220297306	1.316615016365944	6	3.891093454185148	0.535696203272666
0.4868421052631579	1.8678379899538733	1.3043333314302408	5	3.659013426647272	0.5124006613185037
0.5482456140350878	1.7981753668865892	1.2930588667793679	5	3.639479847701045	0.48441960234304093
0.29385964912280704	1.7865885130059822	1.2508087258045977	4	3.331256887933387	0.4424810246679317
0.6710526315789473	1.777635704747534	1.2976002843549685	6	3.7462886206814496	0.43954397894207375
0.4517543859649123	1.7642582892152372	1.281839449974004	5	3.4978521251541537	0.3970179921217929
0.5657894736842105	1.694595666147953	1.3117451836298892	5	3.5721303234620527	0.3763060367707378
0.3201754385964912	1.6571138870826876	1.2919996148225106	4	3.2692889405016894	0.3073390677025527
0.5526315789473685	1.7286236868274774	1.3169391428086912	5	3.598194408583537	0.46413364306077853
0.32894736842105265	1.6996489129320924	1.3120622848412824	4	3.3406585661944277	0.4171235755651037
0.3815789473684211	1.6125706340979873	1.285805714053992	4	3.2799552955204003	0.38214725184577514
0.12719298245614036	1.535253251327644	1.2326573945017996	3	2.895103628285584	0.2921383647798742
0.7982456140350878	1.8096693776548138	1.3017174895261294	6	3.9096324812160312	0.5198769942331181
0.5789473684210527	1.8026986967039733	1.2773283981507517	5	3.658974463275778	0.49341761047104604
0.7017543859649122	1.7330360736366892	1.322750717746231	5	3.7575411773478327	0.4750078376371586
0.45614035087719296	1.7051643964436076	1.2925307390497567	4	3.4538354863705574	0.4307163187855788
0.6842105263157895	1.7670640943162135	1.3275562441975537	5	3.7788308648295565	0.5628354439271994
0.4605263157894737	1.7476994222930125	1.311946021189397	4	3.520171759271883	0.5405008266481297
0.5219298245614035	1.6606211434589073	1.311550426968097	4	3.494101394988408	0.5055245029288011
0.2675438596491228	1.599320597142204	1.2485239550633624	3	3.1153884118546893	0.45664136622390894
0.6447368421052632	1.6634843935775774	1.2990251423963655	5	3.607246378079206	0.4474527747304885
0.42543859649122806	1.6182247963697174	1.2744412124544602	4	3.3181046053154057	0.3962724901522411
0.5394736842105263	1.5311465175356123	1.3426792820777578	4	3.413299483823897	0.37038254596342224
0.29385964912280704	1.4266877625778112	1.3308757204834372	3	3.0514231321840555	0.27645209027007034
0.5263157894736842	1.5736815433850175	1.3511857989109455	4	3.451183131769647	0.48016705382597313
0.3026315789473684	1.4834011303770176	1.3707008969246848	3	3.1567336062490705	0.4228314340868049
0.35526315789473684	1.3672967585982108	1.3549781157437482	3	3.0775380322366956	0.37619633579436684
0.10087719298245613	1.1286837466928077	1.3500778627602839	2	2.5796388024355474	0.2382075471698113
0.7982456140350878	2.0147874421066785	1.325937575089334	6	4.1389706312311	0.5489092522976342
0.5789473684210527	2.0488403740462107	1.3138647145363191	5	3.9416524570035825	0.5282563201484655
0.7017543859649122	1.9791777509789266	1.358228505125779	5	4.039160642069618	0.5098465473145779
0.45614035087719296	2.0128414931214045	1.3520040314169375	4	3.820985875415535	0.4742647058823529
0.6842105263157895	2.013205771658451	1.3635627018766265	5	4.060978999850867	0.5976741536046186
0.4605263157894737	2.0553765189708093	1.3723004307224522	4	3.888203265482735	0.5840492137449038
0.5219298245614035	1.9682982401367042	1.3701406214911198	4	3.8603686861892275	0.5490728900255754
0.2675438596491228	2.009556726045933	1.366391637578609	3	3.6434922232736646	0.5147058823529411
0.618421052631579	1.9096260709198147	1.3063397247960726	5	3.8343868483474663	0.4822914844079078
0.3991228070175439	1.9259018930475142	1.2869758298552398	4	3.612000529920298	0.4398208772490152
0.5131578947368421	1.8388236142134091	1.3534496844685044	4	3.7054311934187556	0.41377877237851657
0.2675438596491228	1.8369238914815404	1.3531038187341327	3	3.457571569864796	0.3343137254901961
0.5	1.8813586400628144	1.3628373184675668	4	3.7441959585303812	0.5235632802410675
0.27631578947368424	1.8936372592807469	1.394691229507129	3	3.56464427826156	0.4806930693069307
0.32894736842105265	1.77753288750194	1.3754400183061273	3	3.48192027422912	0.4340579710144926
0.07456140350877193	1.7440379400484014	1.413525450855025	2	3.232124794412198	0.32499999999999996
0.7675438596491229	1.9480664784085509	1.2938293485976846	5	4.009439686655359	0.5786911027571611
0.543859649122807	1.9739524024084343	1.2483137702246028	4	3.766125821755844	0.5603204001855818
0.6710526315789473	1.8868741235743292	1.340648601403858	4	3.8985753565571346	0.5373081841432225
0.42105263157894735	1.9009912372960998	1.2918787873381927	3	3.61392265621324	0.49901960784313726
0.6535087719298246	1.929409149423734	1.349388847523789	4	3.932306768877347	0.6470926920057734
0.42543859649122806	1.9577046050953069	1.3321714223529257	3	3.7153146239394608	0.6453989516598717
0.49122807017543857	1.8416002333164994	1.3646421642839048	3	3.697470467775843	0.5987638533674338
0.2324561403508772	1.8401389587702413	1.2742632929884175	2	3.346858392109536	0.5720588235294117
0.5877192982456141	1.7999345235004394	1.254002212748324	4	3.6416560344943774	0.5028643555098847
0.36403508771929827	1.7850717705309134	1.16149220800275	3	3.3105990662529616	0.4530945029986869
0.4824561403508772	1.6689673987521065	1.3312302776229235	3	3.4826538167259073	0.41837169650468875
0.2324561403508772	1.5811897069236516	1.2343097986077356	2	3.047955645882264	0.30147058823529416
0.4692982456140351	1.725680766551313	1.3497053820247518	3	3.5446843941900994	0.5647510403214233
0.2412280701754386	1.6662597586224615	1.3581715401378356	2	3.2656593689357356	0.521039603960396
0.2982456140350877	1.4921032009542512	1.410788987715762	2	3.2011378027051007	0.451086956521739
0.039473684210526314	1.1396836194994857	1.0	1	2.179157303710012	0.25
0.8245614035087719	2.125064953960176	1.260065280870533	7	4.20969163833948	0.5945192467148683
0.6052631578947368	2.1718219825520357	1.228031852481814	6	4.005116992928587	0.5849101356601001
0.7280701754385965	2.1137697966626323	1.247245947182532	6	4.089085919283761	0.5615925865138811
0.4824561403508772	2.167619199513356	1.1947951714904648	5	3.8448705113546975	0.5434763212079615
0.6973684210526315	2.142126480562236	1.2416702487952351	6	4.0811651504101025	0.6129606265436904
0.47368421052631576	2.2016472201928794	1.1932752667419808	5	3.868606697461176	0.605117969243733
0.5350877192982456	2.1319845971255957	1.1764367326647986	5	3.84350904908864	0.5771369102682702
0.2807017543859649	2.20385005080474	1.0587036467266533	4	3.543255451917358	0.558377659574468
0.793859649122807	2.055810063280039	1.2951187621787423	6	4.144788474581588	0.5798217567198514
0.5745614035087719	2.0980675194542435	1.2794762533774686	5	3.952105176340484	0.5653513254551261
0.6929824561403509	2.0284048963869594	1.3038179176070446	5	4.0252052701343555	0.5373702664796633
0.4473684210526316	2.0743754248814454	1.2810526492307739	4	3.8027964951648507	0.5086693548387097
0.6622807017543859	2.0624329170664835	1.2957527536746893	5	4.020466372495559	0.5990119145154347
0.43859649122807015	2.1169104507308507	1.2790167807309507	4	3.8345237226898714	0.5857214148834238
0.4956140350877193	2.0298321718967456	1.2434867608998117	4	3.7689329678842762	0.5507450911640953
0.2412280701754386	2.0916019683926548	1.1525497770861142	3	3.4853798156542077	0.5169354838709677
0.7982456140350878	2.087843736187319	1.238426402992345	6	4.124515753214752	0.6269391211673463
0.5789473684210527	2.13650792694298	1.1837508550178781	5	3.899206150381911	0.6218921627921199
0.7017543859649122	2.066845303875696	1.2236091051870486	5	3.992208795027657	0.5939111038166571
0.45614035087719296	2.1224259342423655	1.1295598625641243	4	3.708126147683683	0.579345401509952
0.6710526315789473	2.1008733245552196	1.2151555085272143	5	3.9870814646613812	0.6555527518524285
0.4473684210526316	2.1649609600917703	1.1268766061851692	4	3.739205987329571	0.656397461554666
0.5087719298245614	2.077882681257665	1.1172075629200207	4	3.7038621740022473	0.6214211378353376
0.2543859649122807	2.155669314207215	0.8643685158598854	3	3.274423794979381	0.6111702127659575
0.7675438596491229	1.9972936238165837	1.2953192748177504	5	4.060156758283457	0.6157861080638217
0.5482456140350878	2.0354863341684757	1.2705299109364399	4	3.8542618591400033	0.6066891568189077
0.6666666666666666	1.9484080553343703	1.3294945315158886	4	3.9445692535169257	0.5717128330995792
0.42105263157894735	1.9830364796428217	1.309036508252375	3	3.7131256194741438	0.5448924731182796
0.6359649122807017	1.9909430811837754	1.3159025098304813	4	3.9428105032949583	0.6487648931442933
0.41228070175438597	2.039749847442028	1.3046646076564326	3	3.756695156852847	0.6476285531778985
0.4692982456140351	1.9236454756632213	1.2703949283877987	3	3.663338649665055	0.6009934548854605
0.2149122807017544	1.9632068222903238	1.109919167370463	2	3.288038270362541	0.5754032258064516
0.7982456140350878	2.292961800639184	1.278646124457722	6	4.369853539131993	0.6769391211673463
0.5789473684210527	2.382649604285217	1.2442866252567044	5	4.205883597962974	0.68189216279212
0.7017543859649122	2.312986981217933	1.2830863464198552	5	4.2978277136027	0.6539111038166572
0.45614035087719296	2.4301030309201623	1.229032244686736	4	4.115275626484092	0.6543454015099519
0.6710526315789473	2.347015001897457	1.2751614200595454	5	4.29322905353595	0.7155527518524285
0.4473684210526316	2.472638056769567	1.2272301054736556	4	4.147236583295854	0.7313974615546661
0.5087719298245614	2.385559777935462	1.2157968471984744	4	4.110128554958497	0.6964211378353377
0.2543859649122807	2.565905443110944	1.062234377885994	3	3.882525785909219	0.7111702127659574
0.7675438596491229	2.2434353011588213	1.326633311070716	5	4.337612471878661	0.6506248177412411
0.5482456140350878	2.343163430846272	1.3230636180926507	4	4.214472662974011	0.6502375439156819
0.6666666666666666	2.256085152012167	1.3802640236620667	4	4.3030158423409	0.6152612201963534
0.42105263157894735	2.393272608546551	1.4112627860139326	3	4.225588026139431	0.6029569892473117
0.6359649122807017	2.2986201778615722	1.3675531191425339	4	4.3021382092848075	0.6923132802410675
0.41228070175438597	2.4499859763457574	1.4086531197497392	3	4.270919797849883	0.7056930693069307
0.4692982456140351	2.3338816045669506	1.3708550104610397	3	4.174034860642026	0.6590579710144928
0.2149122807017544	2.578561015645917	1.4133612939977909	2	4.206834590345462	0.6625
0.7675438596491229	2.281875708647557	1.2229085883359905	5	4.27232815663267	0.7323269454008157
0.543859649122807	2.391213940207192	1.1323776475681178	4	4.067451236898117	0.75236520349015
0.6710526315789473	2.304135661373087	1.2154390297035242	4	4.190627322655558	0.7173888797708214
0.42105263157894735	2.4573399543611107	1.0459899328302005	3	3.9243825187702583	0.7391272020132693
0.6403508771929824	2.346670687222492	1.2020807373048599	4	4.189102301720334	0.7944409398155357
0.41228070175438597	2.514053322160317	1.0420854908077437	3	3.968419514722447	0.8418632820728881
0.4780701754385965	2.3979489503815103	1.0560093346510253	3	3.932028460471132	0.7952281837804501
0.21929824561403508	2.674662034367757	0.36195567076780705	2	3.2559159507495994	0.8667553191489361
0.7368421052631579	2.217196061299197	1.2878522160156025	4	4.2418903825779575	0.7132810221765514
0.5131578947368421	2.341420487595924	1.233722503429983	3	4.088300885762749	0.7336500585542425
0.6359649122807017	2.225316115817117	1.3849136749624587	3	4.246194703060278	0.6870149602618045
0.38596491228070173	2.4157127825211675	1.4089508573043699	2	4.210628552106239	0.7044354838709677
0.6052631578947368	2.282029483616324	1.3591917023270976	3	4.2464843438381585	0.7897510403214234
0.37719298245614036	2.5007828342199776	1.4002213677229	2	4.278197184399018	0.858539603960396
0.43859649122807015	2.326626276551767	1.397198121037734	2	4.1624208888175716	0.788586956521739
0.17982456140350878	2.8087297706945176	1.0	1	3.988554332098026	0.9249999999999999
0.8070175438596491	2.0111208178377855	1.2913176280053422	6	4.109455989702777	0.574674697896322
0.5877192982456141	2.0444404249235393	1.2726069430063878	5	3.9047666661755414	0.5591748548668909
0.7105263157894737	1.9747778018562552	1.3017304097259816	5	3.9870345273717107	0.5311937958914281
0.4649122807017544	2.0073415567180652	1.275627454244036	4	3.7478812916638553	0.5009487666034156
0.6798245614035088	2.0088058225357797	1.2942398111031834	5	3.9828701950424716	0.5928354439271993
0.45614035087719296	2.04987658256747	1.2745491945934744	4	3.7805661280381377	0.5780008266481297
0.5175438596491229	1.9627983037333652	1.2469888455790314	4	3.72733100896152	0.5430245029288012
0.2631578947368421	2.002223477508148	1.15566191607462	3	3.42104328831961	0.5066413662239089
0.6447368421052632	1.9052261217971433	1.2697130625247883	5	3.819676026427195	0.5109078366091657
0.42543859649122806	1.9204019566441752	1.2437183078965266	4	3.5895588610319296	0.4755913175005876
0.5394736842105263	1.83332367781007	1.284791622726681	4	3.657588984747277	0.4406149937812591
0.29385964912280704	1.829590642943755	1.251361525570673	3	3.374811817637235	0.37009535402718596
0.5131578947368421	1.8758587036594754	1.272804597769667	4	3.6618211961659846	0.5176670538259732
0.2894736842105263	1.8863040107429614	1.2501996184315167	3	3.4259773133850047	0.47283143408680495
0.34210526315789475	1.7701996389641546	1.1801473276642942	3	3.2924522297863437	0.426196335794367
0.08771929824561403	1.7330380672417234	0.934368869890089	2	2.7551262353774266	0.31320754716981136
0.7807017543859649	1.9436665292858795	1.2898150860681905	5	4.014183369740035	0.6096096374755865
0.5614035087719298	1.9684524660050953	1.2594102478355402	4	3.7892662226125653	0.5989685685836136
0.6842105263157895	1.8813741871709901	1.326344539231685	4	3.891929252718465	0.5639922448642851
0.43859649122807015	1.8936579887583147	1.2988444933140346	3	3.6310989733004195	0.5345983554712208
0.6535087719298246	1.9239092130203952	1.3137101263955395	4	3.8911281113457594	0.6410443049089992
0.4298245614035088	1.9503713565575216	1.296387810416615	3	3.6765837283776452	0.6373344355308397
0.49122807017543857	1.8342669847787143	1.2780574727813736	3	3.6035525277355265	0.5906993372384017
0.23684210526315788	1.8291390859635634	1.1212307094413863	2	3.1872119006681077	0.5599620493358634
0.618421052631579	1.7944345870971004	1.272817205790339	4	3.6856728455190186	0.5386347957614571
0.3991228070175439	1.777738521993128	1.2346960244069687	3	3.41155735341764	0.5007884233341167
0.5131578947368421	1.6616341502143213	1.3536330144609214	3	3.5284250594120845	0.4541533250416788
0.2675438596491228	1.5701898341169738	1.4082395000822925	2	3.245973193848389	0.35514303104077904
0.4868421052631579	1.718347518013528	1.3293588009505972	3	3.5345484242272827	0.5568894051012976
0.2631578947368421	1.6552598858157834	1.4038532878759347	2	3.3222710684285603	0.5092471511302074
0.3157894736842105	1.4811033281475732	1.304067496755199	2	3.100960298586983	0.43929450369155043
0.06140350877192982	1.1176838738861299	1.0	1	2.17908738265806	0.2264150943396227
0.7807017543859649	2.189808206628117	1.3198004556035234	5	4.290310416617605	0.6444483471530058
0.5614035087719298	2.276129562682892	1.3097295104623627	4	4.147262581917184	0.6425169556803878
0.6842105263157895	2.1890512838487868	1.3748995868484748	4	4.248161397013051	0.6075406319610592
0.43859649122807015	2.3038941176620438	1.3966418820168158	3	4.139132490906929	0.5926628716002529
0.6535087719298246	2.231586309698192	1.363146291178204	4	4.248241372806221	0.6845926920057734
0.4298245614035088	2.36060748546125	1.395947433451145	3	4.186379480315904	0.6953989516598718
0.49122807017543857	2.2445031136824434	1.3740886657958382	3	4.109819849653721	0.6487638533674338
0.23684210526315788	2.4444932793191567	1.4113861688923846	2	4.092721553474699	0.6470588235294117
0.5921052631578947	2.102111683774897	1.2744335784407281	4	3.96865052537352	0.5820310221765514
0.37280701754385964	2.187974650896857	1.2386160631769478	3	3.799397731617664	0.5586500585542424
0.4868421052631579	2.07187027911805	1.3540246232108348	3	3.912737007592043	0.5120149602618045
0.2412280701754386	2.1855440274725675	1.4114762067396371	2	3.838248304387643	0.4419354838709677
0.4605263157894737	2.128583646917257	1.3315126440322598	3	3.9206226067389904	0.6147510403214234
0.23684210526315788	2.270614079171377	1.4123766975285266	2	3.9198328819630617	0.596039603960396
0.2894736842105263	2.096457521503167	1.3020056163475944	2	3.687936822061288	0.5260869565217391
0.03508771929824561	2.348392260597317	1.0	1	3.383479979895563	0.4
0.75	2.150162193135817	1.276793311087849	4	4.176955504223666	0.7055604339412573
0.5263157894736842	2.252041996711417	1.207712663204543	3	3.9860704493896444	0.7233559409071837
0.6535087719298246	2.1359376249326103	1.3748431763704112	3	4.164289573232846	0.6767208426147457
0.40350877192982454	2.281645046194407	1.3670632704184253	2	4.0522170885426565	0.6889943074003795
0.6228070175438597	2.1926509927318167	1.3510364214335728	3	4.166494431709249	0.7794569226743645
0.39473684210526316	2.366715097893217	1.3640794339325244	2	4.125531373931005	0.8430984274898077
0.4605263157894737	2.1925585402250065	1.4088742121475353	2	4.0619590681620155	0.7731457800511508
0.20175438596491227	2.540594298040997	1.0	1	3.742348684005909	0.8941176470588235
0.5614035087719298	2.020018158167424	1.1735809833428699	3	3.755002650282224	0.6427080295687353
0.33771929824561403	2.107765846046627	0.8919952852626792	2	3.3374804295549203	0.6379750878313637
0.45614035087719296	1.9336092883784168	1.3485920465452728	2	3.738341685800883	0.5680224403927068
0.20614035087719298	2.0226957943478174	1.0	1	3.2288361452250105	0.4838709677419355
0.4298245614035088	2.018679340077227	1.2801556182206582	2	3.7286595197013943	0.7221265604821351
0.20175438596491227	2.192835897745437	1.0	1	3.3945902837103494	0.792079207920792
0.25877192982456143	1.8445227824090165	1.0	1	3.103294712233578	0.6521739130434782
best score
6	4.369853539131993	0.6769391211673463
0.9249999999999999
1