coverage		internal		external		size		score		f1
0.7669172932330827	1.7053099285176345	1.2464871461799687	7	3.7187143679306858	0.5401376737004633
0.5639097744360902	1.5070483434097248	1.2133716227500184	6	3.284329740595833	0.3677238805970149
0.6466165413533834	1.7239983405465031	1.228357044630364	6	3.5989719265302504	0.4639471975099869
0.42857142857142855	1.489822120822785	1.1596174064211475	5	3.078010955815361	0.29153340440653874
0.706766917293233	1.766924369224692	1.246321410195611	6	3.7200126967135363	0.5276376737004632
0.48872180451127817	1.5413333552366113	1.2070202509803094	5	3.237075410728199	0.35522388059701493
0.5864661654135338	1.8016733518007455	1.2337231981160692	5	3.6218627153303484	0.45144719750998696
0.3533834586466165	1.5283718299596583	1.1431812435524493	4	3.024936532158724	0.34879175550817343
0.6541353383458647	1.6542612024444259	1.2735880830406952	6	3.5819846238309854	0.45158045977011496
0.45112781954887216	1.406137555100292	1.2520454402745513	5	3.1093108149237154	0.2791666666666667
0.5338345864661654	1.6664775516644261	1.2749035082597227	5	3.475215646390314	0.3753899835796387
0.3157894736842105	1.359377079789259	1.218690393836232	4	2.8938569473097013	0.25372023809523814
0.5413533834586466	1.7179887860782528	1.2569464373719659	5	3.5162886069088652	0.439080459770115
0.3233082706766917	1.4237661228065424	1.222855769375456	4	2.96993016285869	0.33333333333333337
0.42105263157894735	1.7491911185117097	1.2679939065428099	4	3.438237656633467	0.4536124794745484
0.18796992481203006	1.3672950116272482	1.174035935025006	3	2.729300871464284	0.31746031746031755
0.7368421052631579	1.716222422199875	1.2531065831263888	6	3.7061711105894215	0.5401376737004633
0.5338345864661654	1.480491018806831	1.2229035864850082	5	3.2372291917580047	0.3677238805970149
0.6165413533834586	1.740831015370965	1.2455191301953765	5	3.6028914989498	0.4639471975099869
0.39849624060150374	1.4523189094224327	1.1723504238655154	4	3.023165573889452	0.36441675550817343
0.6766917293233082	1.7923422497847916	1.2566082607913653	5	3.7256422398994653	0.5276376737004632
0.45864661654135336	1.5167079524397158	1.2249261352109813	4	3.2002807041920507	0.44402985074626866
0.556390977443609	1.8421329481448834	1.2696600652536643	4	3.6681839908421567	0.5643089968874837
0.3233082706766917	1.4912174511381464	1.1826362393864354	3	2.9971619612012734	0.46505567401089787
0.6015037593984962	1.6571464496484722	1.2749743672651834	5	3.533624576312152	0.43669950738916263
0.39849624060150374	1.3477132022693166	1.2624116127117055	4	3.008621055582526	0.3303571428571429
0.48120300751879697	1.6731381979744842	1.300737410836741	4	3.455078616330022	0.45063628899835795
0.2631578947368421	1.2658911175776142	1.2585415306413086	3	2.7875905429557646	0.3134920634920636
0.48872180451127817	1.7375272409917673	1.2443799297706764	4	3.470628975273722	0.5165376495425757
0.2706766917293233	1.3517431749339917	1.2140142225468162	3	2.8364340892101314	0.4013605442176872
0.3684210526315789	1.7856431692075485	1.304748533181025	3	3.458812755020152	0.49370552818828684
0.13533834586466165	1.2310250342287756	1.2364828118445488	2	2.602846191937986	0.30952380952380953
0.7593984962406015	1.773746789644233	1.296401845299615	6	3.8295471311844493	0.5401376737004633
0.556390977443609	1.5495202597400606	1.274328133373284	5	3.3802393705569536	0.3677238805970149
0.6090225563909775	1.8098602563041948	1.270155810053555	5	3.6890386227487273	0.3972805308433204
0.38345864661654133	1.53860546058897	1.190880979676541	4	3.1129450868820525	0.28108342217484017
0.6992481203007519	1.8613714907180214	1.3192181803812792	5	3.8798377914000524	0.5276376737004632
0.48120300751879697	1.602994503606253	1.306745423908233	4	3.3909429350332827	0.44402985074626866
0.5488721804511278	1.9284194993114205	1.306832908900753	4	3.7841245886633015	0.48097566355415045
0.3082706766917293	1.606266186026863	1.2119207721087353	3	3.126457634827328	0.3539445628997868
0.6390977443609023	1.726175690581702	1.3373097211523917	5	3.702583156094996	0.45158045977011496
0.43609022556390975	1.4339997534358537	1.343773291904447	4	3.2138632709042105	0.34895833333333337
0.48872180451127817	1.7594247491410213	1.3374526449793196	4	3.585599198631619	0.38590414614121515
0.2631578947368421	1.3809398524663303	1.2869108443545885	3	2.931008591557761	0.22718253968253965
0.5263157894736842	1.8238137921583046	1.3443838967994808	4	3.6945134784314693	0.5488505747126438
0.3082706766917293	1.4667919098227078	1.368961002032548	3	3.144023588546985	0.44444444444444453
0.37593984962406013	1.9006919040962647	1.3704024225664302	3	3.647034176286755	0.49370552818828684
0.13533834586466165	1.4035981365618502	1.298261016285133	2	2.8371974987116446	0.30952380952380953
0.7293233082706767	1.8005291542882407	1.3053760333556055	5	3.8352284959145226	0.5401376737004633
0.5263157894736842	1.5269415830690274	1.2931844723796633	4	3.346441844922375	0.45965485074626866
0.5789473684210527	1.852366578774195	1.2864596183298647	4	3.7177735655251123	0.49660066355415045
0.3533834586466165	1.5048622919772285	1.1901927779953994	3	3.0484385286192444	0.3747778962331202
0.6691729323308271	1.916755621791478	1.341801205956268	4	3.9277297600785737	0.659547092125579
0.45112781954887216	1.590714349333606	1.3690636072858433	3	3.4109057761683212	0.592039800995025
0.518796992481203	2.024614343607163	1.3696966135703834	3	3.913107949658749	0.6413008847388673
0.2781954887218045	1.5894817958281973	1.3119475501161537	2	3.1796248346661553	0.5309168443496802
0.5714285714285714	1.7477608716210788	1.3343972692517758	4	3.6535867123014256	0.5458743842364533
0.3684210526315789	1.3653880157730738	1.3680063339655788	3	3.1018154023702316	0.4404761904761906
0.42105263157894735	1.7992880100466306	1.3558230764148245	3	3.5761637180404025	0.4897372742200329
0.19548872180451127	1.2514922954873988	1.3115787389156368	2	2.7585597562075472	0.3035714285714286
0.45864661654135336	1.885140067403008	1.3168275208822064	3	3.660614204826568	0.6206896551724139
0.24060150375939848	1.380270381521965	1.3991550344306936	2	3.0200269197120573	0.5
0.3082706766917293	2.0311203729323	1.4048534049308428	2	3.744244454554872	0.5738916256157636
0.06766917293233082	1.1673613066995063	1.0	1	2.2350304796318374	0.2857142857142858
0.7142857142857143	1.7949680321539894	1.2142634342170895	6	3.723517180656793	0.48382814989093936
0.5112781954887218	1.5749857507517684	1.1643149189658115	5	3.2505788652063017	0.3114143567874911
0.5939849624060151	1.8353257473159026	1.1862232147363148	5	3.6155339244582327	0.4076376737004631
0.37593984962406013	1.5704373243536047	1.0729839911750003	4	3.019361165152665	0.29402985074626864
0.6541353383458647	1.8868369817297292	1.2044121335326798	5	3.745384453608274	0.47049481655760617
0.43609022556390975	1.6348263673708876	1.1373926828544274	4	3.2083092757892246	0.37260127931769726
0.5338345864661654	1.9602513630760552	1.1809478663306683	4	3.675033815872889	0.4928804254589123
0.3007518796992481	1.6487086710463756	1.0041320276896195	3	2.9535925784352433	0.36981757877280264
0.6015037593984962	1.7516411815934099	1.2453490239203575	5	3.5984939649122634	0.39527093596059104
0.39849624060150374	1.4658316172004884	1.212496133544917	4	3.076823991346909	0.27857142857142847
0.48120300751879697	1.791256612905656	1.2496431851035106	4	3.5221028055279633	0.3988505747126436
0.2631578947368421	1.4233823374858432	1.155273265324024	3	2.8418134975467093	0.24444444444444446
0.48872180451127817	1.8556456559229393	1.2051186843714068	4	3.5494861448056243	0.47742200328407225
0.2706766917293233	1.509234394842221	1.1344119178974532	3	2.9143230044689976	0.3492063492063492
0.3684210526315789	1.9431343891157775	1.2227887353987779	3	3.534344177146134	0.5095785440613025
0.13533834586466165	1.4672618640911195	0.987363976945336	2	2.589964186901117	0.33333333333333326
0.6842105263157895	1.8259946452999487	1.213258120665796	5	3.723463292281534	0.48382814989093936
0.48120300751879697	1.558773446833662	1.1616452882571744	4	3.2016217426096336	0.3892679459843639
0.5639097744360902	1.8841984425388296	1.198388132691097	4	3.646496349666017	0.5095470921255789
0.3458646616541353	1.5473047769967414	1.0580311474389175	3	2.9512005860897945	0.3920398009950249
0.6240601503759399	1.9485874855561127	1.2022739677652352	4	3.7749216036972877	0.5881185206970075
0.40601503759398494	1.6331568343531189	1.1339904716248308	3	3.173162343571935	0.4968017057569297
0.5037593984962406	2.0670568286266757	1.2215588748768138	3	3.7923751019997303	0.6571739006118831
0.2706766917293233	1.6531455233574666	0.9994783561986035	2	2.9233005712853934	0.554726368159204
0.5488721804511278	1.7795927353857135	1.2329456137550188	4	3.56141052959186	0.4744458128078818
0.3458646616541353	1.4078305007925866	1.2090843636931174	3	2.9627795261398395	0.34523809523809523
0.42857142857142855	1.8417304950661435	1.283836503109806	3	3.554138426747378	0.5056102900930486
0.21052631578947367	1.3151560230166681	1.2275630411637406	2	2.7532453799698824	0.32738095238095233
0.43609022556390975	1.927582552422521	1.1419294424726576	3	3.505602220459088	0.5934787708186722
0.21804511278195488	1.4439341090512343	1.0064048213652064	2	2.6683840431983956	0.4591836734693877
0.3157894736842105	2.0947841004615695	1.2729093827676832	2	3.6834829569134633	0.5977011494252873
0.08270676691729323	1.294688761758045	1.0	1	2.377395528675338	0.33333333333333326
0.6992481203007519	1.8950238862331783	1.272023193481577	5	3.8662952000155073	0.48382814989093936
0.49624060150375937	1.6450599980001992	1.2370564989975381	4	3.378357098501497	0.3892679459843639
0.5488721804511278	1.9704849937053668	1.2291528983812976	4	3.7485100725377922	0.42621375879224566
0.3233082706766917	1.662353511885458	1.0744995242474407	3	3.06016130680959	0.28092868988391384
0.6390977443609023	2.03487403672265	1.2963274663416617	4	3.9702992474252143	0.5881185206970075
0.42105263157894735	1.7482055692418352	1.2770363142058063	3	3.4462945150265885	0.4968017057569297
0.48872180451127817	2.182105563515392	1.2753118273574628	3	3.946139195384133	0.5460627895007719
0.24812030075187969	1.825718625690541	1.025553749924919	2	3.09939267636734	0.3880597014925373
0.5789473684210527	1.8658792865522509	1.3265415028269352	4	3.7713681578002385	0.49408866995073886
0.37593984962406013	1.5228792356813028	1.351214987265073	3	3.2500340725704358	0.37142857142857133
0.42857142857142855	1.9567792299548596	1.3366742365814348	3	3.722024895107723	0.42068965517241375
0.20300751879699247	1.4877291253497424	1.2508927778629955	2	2.94162942200973	0.19999999999999996
0.46616541353383456	2.0426312873112376	1.3213446417167385	3	3.8301413425618103	0.6365626710454297
0.24812030075187969	1.6165072113843089	1.4094669553818173	2	3.274094467518006	0.5238095238095237
0.3157894736842105	2.267357202794644	1.4080928464833153	2	3.9912395229621698	0.5977011494252873
0.07518796992481203	1.639834966424194	1.0	1	2.715022936349006	0.33333333333333326
0.6691729323308271	1.9588211161854243	1.2710376008604545	4	3.899031649376706	0.6047851873636743
0.46616541353383456	1.646801675192201	1.2454751702718319	3	3.3584422589978677	0.5190239279791518
0.518796992481203	2.080701669465758	1.2301260053388516	3	3.8296246672858123	0.5682850117229943
0.2932330827067669	1.6736127846160898	0.9470520449544076	2	2.9138979122772644	0.42139303482587065
0.6090225563909775	2.1665537268221353	1.3116170820866397	3	4.087193365299752	0.78415802759601
0.39097744360902253	1.802390870650656	1.3960882373106824	2	3.5894565515703607	0.7452025586353945
0.45864661654135336	2.453240862060991	1.392288885664154	2	4.304176364266499	0.819094184251158
0.21804511278195488	2.011602284956888	1.0	1	3.229647397738843	0.7761194029850746
0.5112781954887218	1.941227393261603	1.296932145744494	3	3.749437734494819	0.6325944170771758
0.3082706766917293	1.4644013703098575	1.3932852285504058	2	3.1659572755519925	0.5178571428571428
0.3609022556390977	2.1152513617201927	1.3510370853979936	2	3.8271907027572842	0.5917487684729064
0.13533834586466165	1.335623284275291	1.0	1	2.4709616301399526	0.3214285714285714
0.39097744360902253	2.244029447754759	1.1464741232850828	2	3.7814810146488647	0.7881773399014778
0.17293233082706766	1.5931794563444237	1.0	1	2.766111787171491	0.7142857142857143
0.24060150375939848	2.894879439165094	1.0	1	4.1354809429244925	0.8620689655172413
best score
2	4.304176364266499	0.819094184251158
0.8620689655172413
1