coverage		internal		external		size		score		f1
0.8888888888888888	2.3429237028618393	1.3351112043943205	4	4.566923796145049	0.8570362872994453
0.6296296296296297	2.0470143653732746	1.2842658279705657	3	3.96090982297347	0.821727395411606
0.6851851851851852	2.4606684098674827	1.3491841552692785	3	4.495037750321947	0.9093817163992602
0.42592592592592593	2.0756767571374573	1.274527143386626	2	3.7761298264500094	0.8825910931174089
0.7222222222222222	2.5209175884751818	1.318647605570618	3	4.561787416268022	0.8620132953466287
0.46296296296296297	2.166050525049006	1.1927258608818039	2	3.8217393488937725	0.8115384615384615
0.5185185185185185	2.786531591790318	1.3783725357970338	2	4.68342264610587	0.9430199430199431
0.25925925925925924	2.3424114682531023	1.0	1	3.6016707275123614	0.923076923076923
0.6851851851851852	2.3430944477314184	1.3883472287668195	3	4.416626861683423	0.8350227420402859
0.42592592592592593	1.8993158139333608	1.3855444796432668	2	3.7107862195025536	0.7710526315789474
0.46296296296296297	2.519796880674673	1.3946527866241758	2	4.377412630261812	0.902534113060429
0.2037037037037037	1.8089420460218126	1.0	1	3.0126457497255164	0.8421052631578948
0.48148148148148145	2.6101706485862213	1.3848444200330159	2	4.476496550100719	0.8314814814814815
0.2222222222222222	1.9896895818449092	1.0	1	3.2119118040671313	0.7000000000000001
0.25925925925925924	3.2306517153275336	1.0	1	4.489910974586793	0.962962962962963
best score
2	4.68342264610587	0.9430199430199431
0.962962962962963
1