coverage		internal		external		size		score		f1
0.8372093023255814	2.3607595243289654	1.1136268730201282	4	4.311595699674675	0.7185840851560978
0.6511627906976745	2.317906732434181	1.117365187485305	3	4.08643471061716	0.7247787802081305
0.5813953488372093	2.159862370395994	0.8571155181745412	3	3.5983732374077446	0.6388632872503839
0.3953488372093023	1.9951346055873307	0.6289201535772313	2	3.019403596373864	0.6082949308755761
0.751937984496124	2.425275231394844	1.1911217778782832	3	4.368334993769251	0.7554807103490508
0.5426356589147286	2.393253897085606	1.3295760636396305	2	4.265465619639965	0.7832210655235763
0.49612403100775193	2.1561873540283245	0.8565499952767583	2	3.508861380312835	0.6543478260869564
0.2868217054263566	1.82305680804333	1.0	1	3.1098785134696865	0.6086956521739131
0.7441860465116279	2.5399937630908442	1.2889050085423828	3	4.573084818144855	0.7676359230652733
0.5116279069767442	2.5653316946296068	1.3935993452390534	2	4.470558946845404	0.80145388459791
0.46511627906976744	2.3282651515723254	1.0858764056696342	2	3.879257836311727	0.6725806451612902
0.23255813953488372	2.1672124031313316	1.0	1	3.3997705426662153	0.6451612903225806
0.5658914728682171	2.7263844430706006	1.387239274718461	2	4.679515190657279	0.8288732394366196
0.27906976744186046	2.963450986127882	1.0	1	4.2425207535697425	0.9577464788732395
0.2868217054263566	2.489317900013319	1.0	1	3.776139605439676	0.6999999999999998
best score
2	4.679515190657279	0.8288732394366196
0.9577464788732395
1