coverage		internal		external		size		score		f1
0.7681159420289855	1.8747242113540847	1.2196672416316174	4	3.8625073950146875	0.7354740177055542
0.5507246376811594	1.686428282105749	1.0327901932565895	3	3.2699431130434977	0.6580513784461153
0.4782608695652174	1.9530684042994138	1.2895540526703184	3	3.72088332653495	0.876465356940739
0.2608695652173913	1.7097966068995742	1.0518433265844884	2	3.022509498701454	0.8308270676691729
0.6811594202898551	1.7477891184938386	1.2921858668687045	3	3.721134405652398	0.6648425499231951
0.463768115942029	1.4018776781912115	1.0655517963263454	2	2.931197590459586	0.5133928571428572
0.34782608695652173	1.8018378614817085	1.4081917656862986	2	3.5578557141245293	0.8410138248847927
0.13043478260869565	1.1640637238643246	1.0	1	2.29449850647302	0.7142857142857143
0.6521739130434783	2.1116110405173383	1.2641388537308573	3	4.027923807291674	0.7425367855121676
0.43478260869565216	1.9476105612264614	0.9809754568589344	2	3.363368626781048	0.6299342105263158
0.36231884057971014	2.3475707445169585	1.408627065740168	2	4.1185166508368365	0.9575551782682513
0.14492753623188406	2.255529489934824	1.0	1	3.400457026166708	0.9473684210526316
0.5652173913043478	2.0396518158085954	1.4028140385934695	2	4.007683245706413	0.6401209677419355
0.34782608695652173	1.6396916325180986	1.0	1	2.9875177194746203	0.3125
0.21739130434782608	2.4396119990990925	1.0	1	3.6570033034469187	0.967741935483871
best score
2	4.1185166508368365	0.9575551782682513
0.967741935483871
1