coverage		internal		external		size		score		f1
0.8187830687830688	4.667189993387788	1.1516696658701167	9	6.637642728040973	0.48725056005021217
0.8187830687830688	4.592410229472877	1.1407450694154013	8	6.551938367671347	0.5281568800564886
0.5568783068783069	4.554455737689279	1.124679794674144	8	6.23601383924173	0.45787910227871087
0.5529100529100529	4.452888256686738	1.0978585308637419	7	6.103656840460533	0.5004332597470982
0.8187830687830688	4.482273699811359	1.1333447576282398	8	6.434401526222668	0.4981568800564886
0.8187830687830688	4.370394499111971	1.116693726754937	7	6.305871294649977	0.5464650057788442
0.5502645502645502	4.327017937073575	1.0760884510736848	7	5.953370938411809	0.4661475454613838
0.5462962962962963	4.1706162424679905	1.0265342297177242	6	5.743446768482011	0.5171721363716144
0.8187830687830688	5.002365947388763	1.1996845817132311	8	7.020833597885063	0.5258638864259155
0.8187830687830688	4.964785639200433	1.1938578427845097	7	6.977426550768012	0.578130155915332
0.5568783068783069	4.9214090771620365	1.1883549772086504	7	6.666642361248994	0.49781269559787167
0.5529100529100529	4.864072572571197	1.1679027904560937	6	6.584885415937343	0.5541148115308503
0.8187830687830688	4.83891531958727	1.2004485589517513	7	6.85814694732209	0.5438444416296176
0.8187830687830688	4.7678298554006355	1.195028481629796	6	6.781641405813501	0.6078185152345539
0.5502645502645502	4.717223866355839	1.1604655967201867	6	6.427954013340576	0.5141148115308503
0.5462962962962963	4.607583018685592	1.1206232362218482	5	6.274502551203736	0.5849377738370202
0.8187830687830688	5.002365947388763	1.1996845817132311	8	7.020833597885063	0.5258638864259155
0.8187830687830688	4.964785639200433	1.1938578427845097	7	6.977426550768012	0.578130155915332
0.5568783068783069	4.9214090771620365	1.1883549772086504	7	6.666642361248994	0.49781269559787167
0.5529100529100529	4.864072572571197	1.1679027904560937	6	6.584885415937343	0.5541148115308503
0.8187830687830688	4.83891531958727	1.2004485589517513	7	6.85814694732209	0.5438444416296176
0.8187830687830688	4.7678298554006355	1.195028481629796	6	6.781641405813501	0.6078185152345539
0.5502645502645502	4.717223866355839	1.1604655967201867	6	6.427954013340576	0.5141148115308503
0.5462962962962963	4.607583018685592	1.1206232362218482	5	6.274502551203736	0.5849377738370202
0.8187830687830688	5.433306459675731	1.224868028791273	7	7.476957557250073	0.5742997006563053
0.8187830687830688	5.461286185503841	1.2134111635545441	6	7.493480417841454	0.6433496507656895
0.5568783068783069	5.410680196459044	1.2279916527924852	6	7.195550156129836	0.5496459470619857
0.5529100529100529	5.439730614809439	1.198205456554423	5	7.190846124273914	0.6275751364743829
0.8187830687830688	5.314437479288484	1.2456790841588554	6	7.378899632230409	0.6033496507656895
0.8187830687830688	5.3242393542047655	1.2400286187040201	5	7.383051041691854	0.6920195809188273
0.5502645502645502	5.26351216735101	1.2216110429058222	5	7.035387760521383	0.5795751364743829
0.5462962962962963	5.263033183011993	1.1690752131118505	4	6.978404692420139	0.6844689205929786
0.5304232804232805	4.030320222141672	1.0812522774761	8	5.641995780041052	0.43025294992548424
0.5304232804232805	3.8538762389180437	1.0550203020375215	7	5.439319821378845	0.4688605142005534
0.25793650793650796	3.8104996768796466	1.031150959239728	7	5.099587144055882	0.38854305388309307
0.25396825396825395	3.568011605575075	0.9745182428297972	6	4.796498102373126	0.42663356286360865
0.5304232804232805	3.7280059193048802	1.0444654380501879	7	5.302894637778349	0.43457479991483927
0.5304232804232805	3.471768888404514	1.0033531898978023	6	5.0055453587255965	0.48033726656731246
0.25132275132275134	3.4211628993597176	0.943077236877485	6	4.615562887559954	0.3866335628636087
0.24735449735449735	3.0523098582902457	0.8345923127530872	5	4.13425666839783	0.43196027543633053
0.5304232804232805	4.322397059393341	1.134091942556229	7	5.986912282372852	0.4662399500513269
0.5304232804232805	4.165225218507719	1.1130257203556775	6	5.808674219286678	0.5172799417265481
0.25793650793650796	4.114619229462923	1.1018931414829112	6	5.474448878882342	0.4235762380228444
0.25396825396825395	3.8844574544140924	1.0491093058853533	5	5.1875350142676995	0.4762914856274132
0.5304232804232805	4.018376512292362	1.1212898287435837	6	5.670089621459227	0.4772799417265481
0.5304232804232805	3.76896619380942	1.0934963518764045	5	5.392885826109105	0.5407359300718577
0.25132275132275134	3.708239006955664	1.0365091739121444	5	4.996070932190559	0.42829148562741326
0.24735449735449735	3.3189417325178106	0.9273247919478745	4	4.493621021820182	0.4953643570342665
0.5304232804232805	4.322397059393341	1.134091942556229	7	5.986912282372852	0.4662399500513269
0.5304232804232805	4.165225218507719	1.1130257203556775	6	5.808674219286678	0.5172799417265481
0.25793650793650796	4.114619229462923	1.1018931414829112	6	5.474448878882342	0.4235762380228444
0.25396825396825395	3.8844574544140924	1.0491093058853533	5	5.1875350142676995	0.4762914856274132
0.5304232804232805	4.018376512292362	1.1212898287435837	6	5.670089621459227	0.4772799417265481
0.5304232804232805	3.76896619380942	1.0934963518764045	5	5.392885826109105	0.5407359300718577
0.25132275132275134	3.708239006955664	1.0365091739121444	5	4.996070932190559	0.42829148562741326
0.24735449735449735	3.3189417325178106	0.9273247919478745	4	4.493621021820182	0.4953643570342665
0.5304232804232805	4.711832842395568	1.1571198545353876	6	6.399375977354236	0.5128110772576837
0.5304232804232805	4.601113789933266	1.1235345267882375	5	6.255071597144784	0.5833732927092203
0.25793650793650796	4.54038660307951	1.1402624100453034	5	5.938585521061321	0.4709288482647759
0.25396825396825395	4.359126227672619	1.060735412543351	4	5.673829894184224	0.5486610603309698
0.5304232804232805	4.424895342474837	1.1704920663253564	5	6.125810689223473	0.5353732927092203
0.5304232804232805	4.214762151916777	1.1366048648435094	4	5.881790297183567	0.6292166158865253
0.25132275132275134	4.138853168349582	1.0973374875134356	4	5.487513407185769	0.4886610603309698
0.24735449735449735	3.7633281895637514	0.9273247919478744	3	4.938007478866123	0.5982147471079597
0.8187830687830688	5.002365947388763	1.1996845817132311	8	7.020833597885063	0.5258638864259155
0.8187830687830688	4.964785639200434	1.1938578427845095	7	6.977426550768012	0.578130155915332
0.5568783068783069	4.9214090771620365	1.1883549772086504	7	6.666642361248994	0.49781269559787167
0.5529100529100529	4.864072572571197	1.1679027904560937	6	6.584885415937343	0.5541148115308503
0.8187830687830688	4.8389153195872705	1.200448558951751	7	6.858146947322091	0.5438444416296176
0.8187830687830688	4.7678298554006355	1.195028481629796	6	6.781641405813501	0.6078185152345539
0.5502645502645502	4.717223866355839	1.160465596720187	6	6.427954013340576	0.5141148115308503
0.5462962962962963	4.607583018685592	1.1206232362218482	5	6.274502551203736	0.5849377738370202
0.8187830687830688	5.433306459675731	1.224868028791273	7	7.476957557250073	0.5742997006563053
0.8187830687830688	5.461286185503841	1.2134111635545441	6	7.493480417841454	0.6433496507656895
0.5568783068783069	5.410680196459045	1.2279916527924855	6	7.195550156129837	0.5496459470619857
0.5529100529100529	5.439730614809439	1.198205456554423	5	7.190846124273914	0.6275751364743829
0.8187830687830688	5.314437479288483	1.2456790841588554	6	7.378899632230407	0.6033496507656895
0.8187830687830688	5.3242393542047655	1.2400286187040201	5	7.383051041691854	0.6920195809188273
0.5502645502645502	5.26351216735101	1.2216110429058222	5	7.035387760521383	0.5795751364743829
0.5462962962962963	5.263033183011993	1.1690752131118505	4	6.978404692420139	0.6844689205929786
0.8187830687830688	5.433306459675731	1.224868028791273	7	7.476957557250073	0.5742997006563053
0.8187830687830688	5.461286185503841	1.2134111635545441	6	7.493480417841454	0.6433496507656895
0.5568783068783069	5.410680196459045	1.2279916527924855	6	7.195550156129837	0.5496459470619857
0.5529100529100529	5.439730614809439	1.198205456554423	5	7.190846124273914	0.6275751364743829
0.8187830687830688	5.314437479288483	1.2456790841588554	6	7.378899632230407	0.6033496507656895
0.8187830687830688	5.3242393542047655	1.2400286187040201	5	7.383051041691854	0.6920195809188273
0.5502645502645502	5.26351216735101	1.2216110429058222	5	7.035387760521383	0.5795751364743829
0.5462962962962963	5.263033183011993	1.1690752131118505	4	6.978404692420139	0.6844689205929786
0.6865079365079365	6.007893809391689	1.190219261417532	6	7.884621007317158	0.5468819890741472
0.6851851851851852	6.156386950328613	1.1331320208161615	5	7.97470415632996	0.6242583868889765
0.42063492063492064	6.095659763474856	1.1884295062392893	5	7.704724190349067	0.511813942444532
0.4126984126984127	6.303217678166802	1.0742612123745077	4	7.790177303239723	0.5997674280556651
0.6865079365079365	5.980168502870184	1.2160952786778882	5	7.882771718056008	0.5762583868889766
0.6851851851851852	6.158853602410961	1.1458575249389096	4	7.9898963125350555	0.6803229836112207
0.414021164021164	6.082944618843766	1.1708728178856054	4	7.667838600750535	0.5397674280556651
0.4060846560846561	6.355450123555996	0.9408900650412414	3	7.702424844681893	0.6663565707408867
0.5304232804232805	4.322397059393341	1.134091942556229	7	5.986912282372852	0.4662399500513269
0.5304232804232805	4.165225218507719	1.1130257203556775	6	5.808674219286678	0.5172799417265481
0.25793650793650796	4.114619229462923	1.1018931414829112	6	5.474448878882342	0.4235762380228444
0.25396825396825395	3.8844574544140924	1.0491093058853533	5	5.1875350142676995	0.4762914856274132
0.5304232804232805	4.018376512292362	1.1212898287435837	6	5.670089621459227	0.4772799417265481
0.5304232804232805	3.76896619380942	1.0934963518764045	5	5.392885826109105	0.5407359300718577
0.25132275132275134	3.708239006955664	1.0365091739121444	5	4.996070932190559	0.42829148562741326
0.24735449735449735	3.3189417325178106	0.9273247919478745	4	4.493621021820182	0.4953643570342665
0.5304232804232805	4.711832842395568	1.1571198545353876	6	6.399375977354236	0.5128110772576837
0.5304232804232805	4.601113789933266	1.1235345267882375	5	6.255071597144784	0.5833732927092203
0.25793650793650796	4.54038660307951	1.1402624100453034	5	5.938585521061321	0.4709288482647759
0.25396825396825395	4.359126227672619	1.060735412543351	4	5.673829894184224	0.5486610603309698
0.5304232804232805	4.424895342474837	1.1704920663253564	5	6.125810689223473	0.5353732927092203
0.5304232804232805	4.214762151916777	1.1366048648435094	4	5.881790297183567	0.6292166158865253
0.25132275132275134	4.138853168349582	1.0973374875134356	4	5.487513407185769	0.4886610603309698
0.24735449735449735	3.7633281895637514	0.9273247919478744	3	4.938007478866123	0.5982147471079597
0.5304232804232805	4.711832842395568	1.1571198545353876	6	6.399375977354236	0.5128110772576837
0.5304232804232805	4.601113789933266	1.1235345267882375	5	6.255071597144784	0.5833732927092203
0.25793650793650796	4.54038660307951	1.1402624100453034	5	5.938585521061321	0.4709288482647759
0.25396825396825395	4.359126227672619	1.060735412543351	4	5.673829894184224	0.5486610603309698
0.5304232804232805	4.424895342474837	1.1704920663253564	5	6.125810689223473	0.5353732927092203
0.5304232804232805	4.214762151916777	1.1366048648435094	4	5.881790297183567	0.6292166158865253
0.25132275132275134	4.138853168349582	1.0973374875134356	4	5.487513407185769	0.4886610603309698
0.24735449735449735	3.7633281895637514	0.9273247919478744	3	4.938007478866123	0.5982147471079597
0.39814814814814814	5.257042938598684	1.089766484238082	5	6.744957570984914	0.4676120986793696
0.3968253968253968	5.254946647071586	0.9625507884049308	4	6.614322832301914	0.5445151233492119
0.12169312169312169	5.179037663504391	1.046141846443733	4	6.346872631641246	0.4039595677936564
0.11375661375661375	5.150240849770163	0.7459106305555601	3	6.009908094082337	0.4852794237248751
0.39814814814814814	5.03467358774855	1.0984156492255612	4	6.531237385122259	0.4845151233492119
0.3968253968253968	4.957755415429041	0.9014316197860225	3	6.25601243204046	0.5926868311322826
0.11507936507936507	4.856543437339448	0.9343193703465941	3	5.905942172765406	0.40527942372487513
0.10714285714285714	4.652101103655634	1.0	2	5.759243960798491	0.5279191355873127
0.8187830687830688	4.669076104604307	1.1429756742487378	8	6.630834847636113	0.5271042484775412
0.8187830687830688	4.583882961732484	1.1374072336567416	7	6.540073264172294	0.5795477125457615
0.5568783068783069	4.540506399694086	1.1136377422950245	7	6.211022448867418	0.4992302522283011
0.5529100529100529	4.419686115525255	1.0901244360651967	6	6.062720604500504	0.5557686275996847
0.8187830687830688	4.4580126421193205	1.1140823841459289	7	6.390878095048318	0.5452619982600473
0.8187830687830688	4.323443398354694	1.1009416113898238	6	6.243168078527587	0.6094723313033885
0.5502645502645502	4.272837409309898	1.0408054503800135	6	5.863907409954461	0.5157686275996847
0.5462962962962963	4.074319270230462	0.9813716784438562	5	5.601987244970615	0.5869223531196217
0.8187830687830688	5.052403782207782	1.215493637311082	7	7.086680488301933	0.5769271483965349
0.8187830687830688	5.0168997284579	1.2271127899704561	6	7.062795587211425	0.6464150064626242
0.5568783068783069	4.9662937394131035	1.2161200031081962	6	6.739292049399607	0.5527113027589203
0.5529100529100529	4.906466866354309	1.220636643760258	5	6.6800135630246205	0.6312535633107045
0.8187830687830688	4.870051022242542	1.2174989186254914	6	6.906333009651102	0.6064150064626241
0.8187830687830688	4.790975605749636	1.2379970321362426	5	6.847755706668947	0.6956980077551489
0.5502645502645502	4.73024841889588	1.1812195421877427	5	6.461732511348172	0.5832535633107044
0.5462962962962963	4.596453497443081	1.1688204814688326	4	6.31157027520821	0.6890669541383805
0.8187830687830688	5.052403782207782	1.215493637311082	7	7.086680488301933	0.5769271483965349
0.8187830687830688	5.0168997284579	1.2271127899704561	6	7.062795587211425	0.6464150064626242
0.5568783068783069	4.9662937394131035	1.2161200031081962	6	6.739292049399607	0.5527113027589203
0.5529100529100529	4.906466866354309	1.220636643760258	5	6.6800135630246205	0.6312535633107045
0.8187830687830688	4.870051022242542	1.2174989186254914	6	6.906333009651102	0.6064150064626241
0.8187830687830688	4.790975605749636	1.2379970321362426	5	6.847755706668947	0.6956980077551489
0.5502645502645502	4.73024841889588	1.1812195421877427	5	6.461732511348172	0.5832535633107044
0.5462962962962963	4.596453497443081	1.1688204814688326	4	6.31157027520821	0.6890669541383805
0.8187830687830688	5.563507352345748	1.2698275925400528	6	7.652118013668869	0.6419461419937595
0.8187830687830688	5.623123201873483	1.2927831792322113	5	7.734689449888763	0.7383353703925115
0.5568783068783069	5.5623960150197265	1.3097207505050374	5	7.428995072403071	0.6258909259480671
0.5529100529100529	5.63663799259789	1.343477722371202	4	7.533025767879145	0.7423636574350838
0.8187830687830688	5.446904754415054	1.3129237491700232	5	7.578611572368146	0.6903353703925116
0.8187830687830688	5.4922739168420485	1.3743027453129155	4	7.685359730938033	0.8229192129906394
0.5502645502645502	5.416364933274854	1.3353848480091088	4	7.302014331548512	0.6823636574350839
0.5462962962962963	5.4666772094641125	1.4040429977291426	3	7.417016503489551	0.8564848765801117
0.5304232804232805	3.941494381925392	1.0585528464063383	7	5.530470508755011	0.46765750668175654
0.5304232804232805	3.720838761461778	1.0340967602340096	6	5.2853588021190685	0.5189337577953825
0.25793650793650796	3.670232772416982	0.997390905261042	6	4.925560185614532	0.4252300540916789
0.25396825396825395	3.3511937059589627	0.9325946132848182	5	4.537756573212035	0.4782760649100146
0.5304232804232805	3.573990055246421	1.0004790766726395	6	5.10489241234234	0.4789337577953826
0.5304232804232805	3.2357024453542897	0.9525188855022565	5	4.718644611279827	0.542720509354459
0.25132275132275134	3.1749752585005337	0.8571717933876947	5	4.28346980321098	0.4302760649100146
0.24735449735449735	2.652362046948898	0.6954935939609058	4	3.595210138264301	0.49784508113751824
0.5304232804232805	4.2674463853496265	1.1440975991203282	6	5.941967264893235	0.5158764329546184
0.5304232804232805	4.0678500414781364	1.1442398053979168	5	5.7425131272993335	0.5870517195455419
0.25793650793650796	4.00712285462438	1.1226077745046812	5	5.387667137065569	0.47460727510109746
0.25396825396825395	3.692546542103707	1.0983754561960948	4	5.044890252268056	0.5532590938763718
0.5304232804232805	3.8916315940197075	1.128374657011121	5	5.5504295314541094	0.5390517195455419
0.5304232804232805	3.548182466347866	1.1334736188735646	4	5.21207936564471	0.6338146494319273
0.25132275132275134	3.472273482780671	1.030273051292988	4	4.75386928539641	0.4932590938763718
0.24735449735449735	2.874555275471869	0.9273247919478744	3	4.04923456477424	0.6043454585018291
0.5304232804232805	4.2674463853496265	1.1440975991203282	6	5.941967264893235	0.5158764329546184
0.5304232804232805	4.0678500414781364	1.1442398053979168	5	5.7425131272993335	0.5870517195455419
0.25793650793650796	4.00712285462438	1.1226077745046812	5	5.387667137065569	0.47460727510109746
0.25396825396825395	3.692546542103707	1.0983754561960948	4	5.044890252268056	0.5532590938763718
0.5304232804232805	3.8916315940197075	1.128374657011121	5	5.5504295314541094	0.5390517195455419
0.5304232804232805	3.548182466347866	1.1334736188735646	4	5.21207936564471	0.6338146494319273
0.25132275132275134	3.472273482780671	1.030273051292988	4	4.75386928539641	0.4932590938763718
0.24735449735449735	2.874555275471869	0.9273247919478744	3	4.04923456477424	0.6043454585018291
0.5304232804232805	4.723779190143555	1.209331819907674	5	6.463534290474509	0.5816890821829046
0.5304232804232805	4.588366961502674	1.2288907840746983	4	6.347681026000652	0.6871113527286307
0.25793650793650796	4.512457977935479	1.248548651862998	4	6.0189431377349845	0.5465557971730751
0.25396825396825395	4.26146793567828	1.2848531138349844	3	5.800289303481518	0.6754077295641001
0.5304232804232805	4.368093902179638	1.2600511650221378	4	6.158568347625056	0.6271113527286306
0.5304232804232805	4.0689825013371586	1.35883152382007	3	5.958237305580509	0.7828151369715075
0.25132275132275134	3.9677705232475655	1.2638528938796365	3	5.482946168449953	0.5954077295641
0.24735449735449735	3.31894173251781	1.3909871879218116	2	4.957283417794119	0.8131115943461502
0.8187830687830688	5.052403782207782	1.215493637311082	7	7.086680488301933	0.5769271483965349
0.8187830687830688	5.0168997284579	1.2271127899704561	6	7.062795587211425	0.6464150064626242
0.5568783068783069	4.966293739413103	1.2161200031081962	6	6.739292049399606	0.5527113027589203
0.5529100529100529	4.906466866354309	1.220636643760258	5	6.6800135630246205	0.6312535633107045
0.8187830687830688	4.870051022242543	1.2174989186254914	6	6.906333009651103	0.6064150064626241
0.8187830687830688	4.790975605749636	1.2379970321362426	5	6.847755706668947	0.6956980077551489
0.5502645502645502	4.73024841889588	1.1812195421877427	5	6.461732511348172	0.5832535633107044
0.5462962962962963	4.596453497443081	1.1688204814688323	4	6.311570275208209	0.6890669541383805
0.8187830687830688	5.563507352345748	1.2698275925400528	6	7.652118013668869	0.6419461419937595
0.8187830687830688	5.623123201873482	1.2927831792322118	5	7.734689449888762	0.7383353703925115
0.5568783068783069	5.562396015019727	1.3097207505050377	5	7.428995072403072	0.6258909259480671
0.5529100529100529	5.63663799259789	1.343477722371202	4	7.533025767879145	0.7423636574350838
0.8187830687830688	5.446904754415053	1.3129237491700236	5	7.578611572368145	0.6903353703925116
0.8187830687830688	5.4922739168420485	1.3743027453129155	4	7.685359730938033	0.8229192129906394
0.5502645502645502	5.416364933274854	1.3353848480091088	4	7.302014331548512	0.6823636574350839
0.5462962962962963	5.4666772094641125	1.4040429977291426	3	7.417016503489551	0.8564848765801117
0.8187830687830688	5.563507352345748	1.2698275925400528	6	7.652118013668869	0.6419461419937595
0.8187830687830688	5.623123201873482	1.2927831792322118	5	7.734689449888762	0.7383353703925115
0.5568783068783069	5.562396015019727	1.3097207505050377	5	7.428995072403072	0.6258909259480671
0.5529100529100529	5.63663799259789	1.343477722371202	4	7.533025767879145	0.7423636574350838
0.8187830687830688	5.446904754415053	1.3129237491700236	5	7.578611572368145	0.6903353703925116
0.8187830687830688	5.4922739168420485	1.3743027453129155	4	7.685359730938033	0.8229192129906394
0.5502645502645502	5.416364933274854	1.3353848480091088	4	7.302014331548512	0.6823636574350839
0.5462962962962963	5.4666772094641125	1.4040429977291426	3	7.417016503489551	0.8564848765801117
0.6865079365079365	6.2790523505389	1.256946139266885	5	8.222506426313721	0.6225741763626608
0.6851851851851852	6.532458411996857	1.2414952891812299	4	8.459138886363272	0.7382177204533259
0.42063492063492064	6.456549428429661	1.3254358272462994	4	8.202620176310882	0.5976621648977704
0.4126984126984127	6.853589869670524	1.3051220769506144	3	8.571410359319552	0.7435495531970271
0.6865079365079365	6.312185352673821	1.3326652006696826	4	8.331358489851441	0.678217720453326
0.6851851851851852	6.661104435329403	1.3705542074641872	3	8.716843827978774	0.8509569606044346
0.414021164021164	6.559892457239809	1.4041409180772932	3	8.378054539338265	0.6635495531970272
0.4060846560846561	7.207124633506176	1.4113350975618622	2	9.024544387152694	0.9153243297955407
0.5304232804232805	4.2674463853496265	1.1440975991203282	6	5.941967264893235	0.5158764329546184
0.5304232804232805	4.0678500414781364	1.1442398053979168	5	5.7425131272993335	0.5870517195455419
0.25793650793650796	4.00712285462438	1.1226077745046812	5	5.387667137065569	0.47460727510109746
0.25396825396825395	3.692546542103707	1.0983754561960948	4	5.044890252268056	0.5532590938763718
0.5304232804232805	3.8916315940197075	1.128374657011121	5	5.5504295314541094	0.5390517195455419
0.5304232804232805	3.548182466347866	1.1334736188735646	4	5.21207936564471	0.6338146494319273
0.25132275132275134	3.472273482780671	1.030273051292988	4	4.75386928539641	0.4932590938763718
0.24735449735449735	2.874555275471869	0.9273247919478744	3	4.04923456477424	0.6043454585018291
0.5304232804232805	4.723779190143555	1.209331819907674	5	6.463534290474509	0.5816890821829046
0.5304232804232805	4.588366961502674	1.2288907840746983	4	6.347681026000652	0.6871113527286307
0.25793650793650796	4.512457977935479	1.248548651862998	4	6.0189431377349845	0.5465557971730751
0.25396825396825395	4.26146793567828	1.2848531138349844	3	5.800289303481518	0.6754077295641001
0.5304232804232805	4.368093902179638	1.2600511650221378	4	6.158568347625056	0.6271113527286306
0.5304232804232805	4.0689825013371586	1.35883152382007	3	5.958237305580509	0.7828151369715075
0.25132275132275134	3.9677705232475655	1.2638528938796365	3	5.482946168449953	0.5954077295641
0.24735449735449735	3.31894173251781	1.3909871879218116	2	4.957283417794119	0.8131115943461502
0.5304232804232805	4.723779190143555	1.209331819907674	5	6.463534290474509	0.5816890821829046
0.5304232804232805	4.588366961502674	1.2288907840746983	4	6.347681026000652	0.6871113527286307
0.25793650793650796	4.512457977935479	1.248548651862998	4	6.0189431377349845	0.5465557971730751
0.25396825396825395	4.26146793567828	1.2848531138349844	3	5.800289303481518	0.6754077295641001
0.5304232804232805	4.368093902179638	1.2600511650221378	4	6.158568347625056	0.6271113527286306
0.5304232804232805	4.0689825013371586	1.35883152382007	3	5.958237305580509	0.7828151369715075
0.25132275132275134	3.9677705232475655	1.2638528938796365	3	5.482946168449953	0.5954077295641
0.24735449735449735	3.31894173251781	1.3909871879218116	2	4.957283417794119	0.8131115943461502
0.39814814814814814	5.408278397334446	1.1708620685580924	4	6.9772886140406865	0.5424098601913172
0.3968253968253968	5.45589516154357	1.10143045163907	3	6.954151010008037	0.669879813588423
0.12169312169312169	5.354683183453976	1.252168692436389	3	6.728544997583487	0.4824724061810155
0.11375661375661375	5.399310722827427	1.11886594583334	2	6.631933282417381	0.6437086092715232
0.39814814814814814	5.162197749112855	1.2789558033848138	3	6.839301700645817	0.5898798135884229
0.3968253968253968	5.110582571315745	1.3521474296790337	2	6.859555397820175	0.8048197203826344
0.11507936507936507	4.958764604181355	1.401479055519891	2	6.475323024780611	0.5237086092715233
0.10714285714285714	4.652101103655634	1.0	1	5.759243960798491	0.8874172185430464
0.8187830687830688	4.669076104604307	1.1429756742487378	8	6.630834847636113	0.5271042484775412
0.8187830687830688	4.583882961732484	1.1374072336567416	7	6.540073264172294	0.5795477125457615
0.5568783068783069	4.540506399694086	1.1136377422950245	7	6.211022448867418	0.4992302522283011
0.5529100529100529	4.419686115525255	1.0901244360651967	6	6.062720604500504	0.5557686275996847
0.8187830687830688	4.4580126421193205	1.1140823841459289	7	6.390878095048318	0.5452619982600473
0.8187830687830688	4.323443398354694	1.1009416113898238	6	6.243168078527587	0.6094723313033885
0.5502645502645502	4.272837409309898	1.0408054503800135	6	5.863907409954461	0.5157686275996847
0.5462962962962963	4.074319270230462	0.9813716784438562	5	5.601987244970615	0.5869223531196217
0.8187830687830688	5.052403782207782	1.215493637311082	7	7.086680488301933	0.5769271483965349
0.8187830687830688	5.0168997284579	1.2271127899704561	6	7.062795587211425	0.6464150064626242
0.5568783068783069	4.9662937394131035	1.2161200031081962	6	6.739292049399607	0.5527113027589203
0.5529100529100529	4.906466866354309	1.220636643760258	5	6.6800135630246205	0.6312535633107045
0.8187830687830688	4.870051022242542	1.2174989186254914	6	6.906333009651102	0.6064150064626241
0.8187830687830688	4.790975605749636	1.2379970321362426	5	6.847755706668947	0.6956980077551489
0.5502645502645502	4.73024841889588	1.1812195421877427	5	6.461732511348172	0.5832535633107044
0.5462962962962963	4.596453497443081	1.1688204814688326	4	6.31157027520821	0.6890669541383805
0.8187830687830688	5.052403782207782	1.215493637311082	7	7.086680488301933	0.5769271483965349
0.8187830687830688	5.0168997284579	1.2271127899704561	6	7.062795587211425	0.6464150064626242
0.5568783068783069	4.9662937394131035	1.2161200031081962	6	6.739292049399607	0.5527113027589203
0.5529100529100529	4.906466866354309	1.220636643760258	5	6.6800135630246205	0.6312535633107045
0.8187830687830688	4.870051022242542	1.2174989186254914	6	6.906333009651102	0.6064150064626241
0.8187830687830688	4.790975605749636	1.2379970321362426	5	6.847755706668947	0.6956980077551489
0.5502645502645502	4.73024841889588	1.1812195421877427	5	6.461732511348172	0.5832535633107044
0.5462962962962963	4.596453497443081	1.1688204814688326	4	6.31157027520821	0.6890669541383805
0.8187830687830688	5.563507352345748	1.2698275925400528	6	7.652118013668869	0.6419461419937595
0.8187830687830688	5.623123201873483	1.2927831792322113	5	7.734689449888763	0.7383353703925115
0.5568783068783069	5.5623960150197265	1.3097207505050374	5	7.428995072403071	0.6258909259480671
0.5529100529100529	5.63663799259789	1.343477722371202	4	7.533025767879145	0.7423636574350838
0.8187830687830688	5.446904754415054	1.3129237491700232	5	7.578611572368146	0.6903353703925116
0.8187830687830688	5.4922739168420485	1.3743027453129155	4	7.685359730938033	0.8229192129906394
0.5502645502645502	5.416364933274854	1.3353848480091088	4	7.302014331548512	0.6823636574350839
0.5462962962962963	5.4666772094641125	1.4040429977291426	3	7.417016503489551	0.8564848765801117
0.5304232804232805	3.941494381925392	1.0585528464063383	7	5.530470508755011	0.46765750668175654
0.5304232804232805	3.720838761461778	1.0340967602340096	6	5.2853588021190685	0.5189337577953825
0.25793650793650796	3.670232772416982	0.997390905261042	6	4.925560185614532	0.4252300540916789
0.25396825396825395	3.3511937059589627	0.9325946132848182	5	4.537756573212035	0.4782760649100146
0.5304232804232805	3.573990055246421	1.0004790766726395	6	5.10489241234234	0.4789337577953826
0.5304232804232805	3.2357024453542897	0.9525188855022565	5	4.718644611279827	0.542720509354459
0.25132275132275134	3.1749752585005337	0.8571717933876947	5	4.28346980321098	0.4302760649100146
0.24735449735449735	2.652362046948898	0.6954935939609058	4	3.595210138264301	0.49784508113751824
0.5304232804232805	4.2674463853496265	1.1440975991203282	6	5.941967264893235	0.5158764329546184
0.5304232804232805	4.0678500414781364	1.1442398053979168	5	5.7425131272993335	0.5870517195455419
0.25793650793650796	4.00712285462438	1.1226077745046812	5	5.387667137065569	0.47460727510109746
0.25396825396825395	3.692546542103707	1.0983754561960948	4	5.044890252268056	0.5532590938763718
0.5304232804232805	3.8916315940197075	1.128374657011121	5	5.5504295314541094	0.5390517195455419
0.5304232804232805	3.548182466347866	1.1334736188735646	4	5.21207936564471	0.6338146494319273
0.25132275132275134	3.472273482780671	1.030273051292988	4	4.75386928539641	0.4932590938763718
0.24735449735449735	2.874555275471869	0.9273247919478744	3	4.04923456477424	0.6043454585018291
0.5304232804232805	4.2674463853496265	1.1440975991203282	6	5.941967264893235	0.5158764329546184
0.5304232804232805	4.0678500414781364	1.1442398053979168	5	5.7425131272993335	0.5870517195455419
0.25793650793650796	4.00712285462438	1.1226077745046812	5	5.387667137065569	0.47460727510109746
0.25396825396825395	3.692546542103707	1.0983754561960948	4	5.044890252268056	0.5532590938763718
0.5304232804232805	3.8916315940197075	1.128374657011121	5	5.5504295314541094	0.5390517195455419
0.5304232804232805	3.548182466347866	1.1334736188735646	4	5.21207936564471	0.6338146494319273
0.25132275132275134	3.472273482780671	1.030273051292988	4	4.75386928539641	0.4932590938763718
0.24735449735449735	2.874555275471869	0.9273247919478744	3	4.04923456477424	0.6043454585018291
0.5304232804232805	4.723779190143555	1.209331819907674	5	6.463534290474509	0.5816890821829046
0.5304232804232805	4.588366961502674	1.2288907840746983	4	6.347681026000652	0.6871113527286307
0.25793650793650796	4.512457977935479	1.248548651862998	4	6.0189431377349845	0.5465557971730751
0.25396825396825395	4.26146793567828	1.2848531138349844	3	5.800289303481518	0.6754077295641001
0.5304232804232805	4.368093902179638	1.2600511650221378	4	6.158568347625056	0.6271113527286306
0.5304232804232805	4.0689825013371586	1.35883152382007	3	5.958237305580509	0.7828151369715075
0.25132275132275134	3.9677705232475655	1.2638528938796365	3	5.482946168449953	0.5954077295641
0.24735449735449735	3.31894173251781	1.3909871879218116	2	4.957283417794119	0.8131115943461502
0.8187830687830688	5.052403782207782	1.215493637311082	7	7.086680488301933	0.5769271483965349
0.8187830687830688	5.0168997284579	1.2271127899704561	6	7.062795587211425	0.6464150064626242
0.5568783068783069	4.966293739413103	1.2161200031081962	6	6.739292049399606	0.5527113027589203
0.5529100529100529	4.906466866354309	1.220636643760258	5	6.6800135630246205	0.6312535633107045
0.8187830687830688	4.870051022242543	1.2174989186254914	6	6.906333009651103	0.6064150064626241
0.8187830687830688	4.790975605749636	1.2379970321362426	5	6.847755706668947	0.6956980077551489
0.5502645502645502	4.73024841889588	1.1812195421877427	5	6.461732511348172	0.5832535633107044
0.5462962962962963	4.596453497443081	1.1688204814688323	4	6.311570275208209	0.6890669541383805
0.8187830687830688	5.563507352345748	1.2698275925400528	6	7.652118013668869	0.6419461419937595
0.8187830687830688	5.623123201873482	1.2927831792322118	5	7.734689449888762	0.7383353703925115
0.5568783068783069	5.562396015019727	1.3097207505050377	5	7.428995072403072	0.6258909259480671
0.5529100529100529	5.63663799259789	1.343477722371202	4	7.533025767879145	0.7423636574350838
0.8187830687830688	5.446904754415053	1.3129237491700236	5	7.578611572368145	0.6903353703925116
0.8187830687830688	5.4922739168420485	1.3743027453129155	4	7.685359730938033	0.8229192129906394
0.5502645502645502	5.416364933274854	1.3353848480091088	4	7.302014331548512	0.6823636574350839
0.5462962962962963	5.4666772094641125	1.4040429977291426	3	7.417016503489551	0.8564848765801117
0.8187830687830688	5.563507352345748	1.2698275925400528	6	7.652118013668869	0.6419461419937595
0.8187830687830688	5.623123201873482	1.2927831792322118	5	7.734689449888762	0.7383353703925115
0.5568783068783069	5.562396015019727	1.3097207505050377	5	7.428995072403072	0.6258909259480671
0.5529100529100529	5.63663799259789	1.343477722371202	4	7.533025767879145	0.7423636574350838
0.8187830687830688	5.446904754415053	1.3129237491700236	5	7.578611572368145	0.6903353703925116
0.8187830687830688	5.4922739168420485	1.3743027453129155	4	7.685359730938033	0.8229192129906394
0.5502645502645502	5.416364933274854	1.3353848480091088	4	7.302014331548512	0.6823636574350839
0.5462962962962963	5.4666772094641125	1.4040429977291426	3	7.417016503489551	0.8564848765801117
0.6865079365079365	6.2790523505389	1.256946139266885	5	8.222506426313721	0.6225741763626608
0.6851851851851852	6.532458411996857	1.2414952891812299	4	8.459138886363272	0.7382177204533259
0.42063492063492064	6.456549428429661	1.3254358272462994	4	8.202620176310882	0.5976621648977704
0.4126984126984127	6.853589869670524	1.3051220769506144	3	8.571410359319552	0.7435495531970271
0.6865079365079365	6.312185352673821	1.3326652006696826	4	8.331358489851441	0.678217720453326
0.6851851851851852	6.661104435329403	1.3705542074641872	3	8.716843827978774	0.8509569606044346
0.414021164021164	6.559892457239809	1.4041409180772932	3	8.378054539338265	0.6635495531970272
0.4060846560846561	7.207124633506176	1.4113350975618622	2	9.024544387152694	0.9153243297955407
0.5304232804232805	4.2674463853496265	1.1440975991203282	6	5.941967264893235	0.5158764329546184
0.5304232804232805	4.0678500414781364	1.1442398053979168	5	5.7425131272993335	0.5870517195455419
0.25793650793650796	4.00712285462438	1.1226077745046812	5	5.387667137065569	0.47460727510109746
0.25396825396825395	3.692546542103707	1.0983754561960948	4	5.044890252268056	0.5532590938763718
0.5304232804232805	3.8916315940197075	1.128374657011121	5	5.5504295314541094	0.5390517195455419
0.5304232804232805	3.548182466347866	1.1334736188735646	4	5.21207936564471	0.6338146494319273
0.25132275132275134	3.472273482780671	1.030273051292988	4	4.75386928539641	0.4932590938763718
0.24735449735449735	2.874555275471869	0.9273247919478744	3	4.04923456477424	0.6043454585018291
0.5304232804232805	4.723779190143555	1.209331819907674	5	6.463534290474509	0.5816890821829046
0.5304232804232805	4.588366961502674	1.2288907840746983	4	6.347681026000652	0.6871113527286307
0.25793650793650796	4.512457977935479	1.248548651862998	4	6.0189431377349845	0.5465557971730751
0.25396825396825395	4.26146793567828	1.2848531138349844	3	5.800289303481518	0.6754077295641001
0.5304232804232805	4.368093902179638	1.2600511650221378	4	6.158568347625056	0.6271113527286306
0.5304232804232805	4.0689825013371586	1.35883152382007	3	5.958237305580509	0.7828151369715075
0.25132275132275134	3.9677705232475655	1.2638528938796365	3	5.482946168449953	0.5954077295641
0.24735449735449735	3.31894173251781	1.3909871879218116	2	4.957283417794119	0.8131115943461502
0.5304232804232805	4.723779190143555	1.209331819907674	5	6.463534290474509	0.5816890821829046
0.5304232804232805	4.588366961502674	1.2288907840746983	4	6.347681026000652	0.6871113527286307
0.25793650793650796	4.512457977935479	1.248548651862998	4	6.0189431377349845	0.5465557971730751
0.25396825396825395	4.26146793567828	1.2848531138349844	3	5.800289303481518	0.6754077295641001
0.5304232804232805	4.368093902179638	1.2600511650221378	4	6.158568347625056	0.6271113527286306
0.5304232804232805	4.0689825013371586	1.35883152382007	3	5.958237305580509	0.7828151369715075
0.25132275132275134	3.9677705232475655	1.2638528938796365	3	5.482946168449953	0.5954077295641
0.24735449735449735	3.31894173251781	1.3909871879218116	2	4.957283417794119	0.8131115943461502
0.39814814814814814	5.408278397334446	1.1708620685580924	4	6.9772886140406865	0.5424098601913172
0.3968253968253968	5.45589516154357	1.10143045163907	3	6.954151010008037	0.669879813588423
0.12169312169312169	5.354683183453976	1.252168692436389	3	6.728544997583487	0.4824724061810155
0.11375661375661375	5.399310722827427	1.11886594583334	2	6.631933282417381	0.6437086092715232
0.39814814814814814	5.162197749112855	1.2789558033848138	3	6.839301700645817	0.5898798135884229
0.3968253968253968	5.110582571315745	1.3521474296790337	2	6.859555397820175	0.8048197203826344
0.11507936507936507	4.958764604181355	1.401479055519891	2	6.475323024780611	0.5237086092715233
0.10714285714285714	4.652101103655634	1.0	1	5.759243960798491	0.8874172185430464
0.7248677248677249	4.671501104739832	1.0736442755526239	7	6.470013105160181	0.47563096703961205
0.7248677248677249	4.5725132714119585	1.055349457996794	6	6.352730454276477	0.5282361282128807
0.455026455026455	4.521907282367161	1.018783395034333	6	5.9957171324279495	0.43453242450917695
0.45105820105820105	4.373203117899179	0.9648703933817311	5	5.789131712339111	0.4894389094110123
0.7235449735449735	4.425664565196601	1.0038537947025525	6	6.153063333444127	0.48823612821288065
0.7235449735449735	4.257711857294506	0.9577680079841023	5	5.939024838823581	0.5538833538554568
0.4444444444444444	4.1969846704407505	0.8626306038853011	5	5.504059718770496	0.44143890941101227
0.44047619047619047	3.9298738118741685	0.7049033538518773	4	5.075253356202237	0.5117986367637655
0.7248677248677249	5.119120895299806	1.1639709652729986	6	7.007959585440529	0.5251788033721163
0.7248677248677249	5.089859453418352	1.1742369000638986	5	6.988964078349976	0.5982145640465396
0.455026455026455	5.029132266564597	1.152814557186423	5	6.636973278777475	0.48577011960209515
0.45105820105820105	4.970058307028977	1.1490318363939591	4	6.5701483444811375	0.567212649502619
0.7235449735449735	4.913641005959923	1.1315547820777963	5	6.768740761582693	0.5502145640465396
0.7235449735449735	4.825694231273136	1.1390855697129842	4	6.688324774531093	0.6477682050581745
0.4444444444444444	4.749785247705941	1.0362344821586749	4	6.230464174309061	0.5072126495026189
0.44047619047619047	4.577904295372229	0.9398711384691696	3	5.958251624317589	0.6229501993368252
0.7248677248677249	5.119120895299806	1.1639709652729986	6	7.007959585440529	0.5251788033721163
0.7248677248677249	5.089859453418352	1.1742369000638986	5	6.988964078349976	0.5982145640465396
0.455026455026455	5.029132266564597	1.152814557186423	5	6.636973278777475	0.48577011960209515
0.45105820105820105	4.970058307028977	1.1490318363939591	4	6.5701483444811375	0.567212649502619
0.7235449735449735	4.913641005959923	1.1315547820777963	5	6.768740761582693	0.5502145640465396
0.7235449735449735	4.825694231273136	1.1390855697129842	4	6.688324774531093	0.6477682050581745
0.4444444444444444	4.749785247705941	1.0362344821586749	4	6.230464174309061	0.5072126495026189
0.44047619047619047	4.577904295372229	0.9398711384691696	3	5.958251624317589	0.6229501993368252
0.7248677248677249	5.7457886020837705	1.237259917158485	5	7.70791624410998	0.5928519266839023
0.7248677248677249	5.865878726427945	1.2757493552210109	4	7.866495806516681	0.7010649083548778
0.455026455026455	5.789969742860749	1.2957567030355779	4	7.540752900922782	0.5605093527993222
0.45105820105820105	5.964816955578641	1.379892700970066	3	7.795767857606908	0.6940124703990963
0.7235449735449735	5.645605667104909	1.2622147868362725	4	7.6313654274861555	0.6410649083548778
0.7235449735449735	5.772331521237519	1.3637822522382619	3	7.859658747020755	0.8014198778065037
0.4444444444444444	5.671119543147927	1.2695025823503625	3	7.385066569942734	0.6140124703990963
0.44047619047619047	5.873965262368351	1.4098067077037544	2	7.724248160548296	0.8410187055986444
0.4365079365079365	3.823059928303685	0.9456103853156939	6	5.2051782501273145	0.3976975547048748
0.4365079365079365	3.5345862930230068	0.8867476464232336	5	4.857841875954177	0.44523706564584975
0.15608465608465608	3.473859106169251	0.8267557013796963	5	4.456699463633604	0.3327926212014053
0.15211640211640212	3.0259668565347946	0.672353103874901	4	3.8504363625260978	0.3759907765017566
0.4351851851851852	3.3583678455645782	0.8080598101125233	5	4.601612840862287	0.39723706564584993
0.4351851851851852	2.8816027807789535	0.6666799769296824	4	3.983467942893821	0.4565463320573122
0.1455026455026455	2.8056937972117586	0.4995462190986035	4	3.4507426618130075	0.3159907765017568
0.14153439153439154	1.985782361379986	1.0	3	3.1273167529143775	0.3679877020023422
0.4365079365079365	4.190515441688424	1.0506997179929036	5	5.677723096189265	0.4415682758369326
0.4365079365079365	3.9217872759337618	1.0315683837705283	4	5.389863596212226	0.5119603447961658
0.15608465608465608	3.845878292366567	0.9872930613083256	4	4.989256009759549	0.37140478924061016
0.15211640211640212	3.3726950215863973	0.8964708051665347	3	4.421282228869334	0.44187305232081364
0.4351851851851852	3.7015142166107258	0.9580242848447768	4	5.094723686640688	0.45196034479616576
0.4351851851851852	3.180209587245276	0.8889066359062433	3	4.504301408336705	0.549280459728221
0.1455026455026455	3.078997609155683	0.6660616254648046	3	3.8905618801231334	0.36187305232081357
0.14153439153439154	1.985782361379986	1.0	2	3.1273167529143775	0.4628095784812203
0.4365079365079365	4.190515441688424	1.0506997179929036	5	5.677723096189265	0.4415682758369326
0.4365079365079365	3.9217872759337618	1.0315683837705283	4	5.389863596212226	0.5119603447961658
0.15608465608465608	3.845878292366567	0.9872930613083256	4	4.989256009759549	0.37140478924061016
0.15211640211640212	3.3726950215863973	0.8964708051665347	3	4.421282228869334	0.44187305232081364
0.4351851851851852	3.7015142166107258	0.9580242848447768	4	5.094723686640688	0.45196034479616576
0.4351851851851852	3.180209587245276	0.8889066359062433	3	4.504301408336705	0.549280459728221
0.1455026455026455	3.078997609155683	0.6660616254648046	3	3.8905618801231334	0.36187305232081357
0.14153439153439154	1.985782361379986	1.0	2	3.1273167529143775	0.4628095784812203
0.4365079365079365	4.741698711765534	1.138306430020444	4	6.316513078293915	0.5052570480928691
0.4365079365079365	4.567122247451687	1.1704480470046679	3	6.174078230964292	0.6203427307904921
0.15608465608465608	4.465910269362094	1.1933199073009815	3	5.815314832747731	0.4329353233830847
0.15211640211640212	4.066151351689603	1.344706207749802	2	5.562973961555807	0.5694029850746269
0.4351851851851852	4.273424835020973	1.1385644390040295	3	5.847174459210187	0.540342730790492
0.4351851851851852	3.7774232001779207	1.333359953859365	2	5.545968339222471	0.730514096185738
0.1455026455026455	3.625605233043531	0.999092438197207	2	4.7702003167433835	0.44940298507462695
0.14153439153439154	1.985782361379986	1.0	1	3.1273167529143775	0.7388059701492539
0.7248677248677249	5.119120895299806	1.1639709652729984	6	7.007959585440529	0.5251788033721163
0.7248677248677249	5.089859453418353	1.1742369000638988	5	6.9889640783499765	0.5982145640465396
0.455026455026455	5.029132266564597	1.1528145571864232	5	6.636973278777475	0.48577011960209515
0.45105820105820105	4.970058307028977	1.1490318363939591	4	6.5701483444811375	0.567212649502619
0.7235449735449735	4.913641005959924	1.1315547820777963	5	6.768740761582693	0.5502145640465396
0.7235449735449735	4.825694231273136	1.1390855697129842	4	6.688324774531093	0.6477682050581745
0.4444444444444444	4.749785247705941	1.0362344821586749	4	6.230464174309061	0.5072126495026189
0.44047619047619047	4.577904295372229	0.9398711384691696	3	5.958251624317589	0.6229501993368252
0.7248677248677249	5.7457886020837705	1.2372599171584853	5	7.70791624410998	0.5928519266839023
0.7248677248677249	5.865878726427944	1.2757493552210109	4	7.86649580651668	0.7010649083548778
0.455026455026455	5.78996974286075	1.2957567030355779	4	7.540752900922783	0.5605093527993222
0.45105820105820105	5.964816955578641	1.3798927009700659	3	7.795767857606908	0.6940124703990963
0.7235449735449735	5.645605667104908	1.2622147868362725	4	7.631365427486154	0.6410649083548778
0.7235449735449735	5.772331521237519	1.3637822522382619	3	7.859658747020755	0.8014198778065037
0.4444444444444444	5.671119543147927	1.2695025823503627	3	7.385066569942734	0.6140124703990963
0.44047619047619047	5.873965262368351	1.4098067077037544	2	7.724248160548296	0.8410187055986444
0.7248677248677249	5.7457886020837705	1.2372599171584853	5	7.70791624410998	0.5928519266839023
0.7248677248677249	5.865878726427944	1.2757493552210109	4	7.86649580651668	0.7010649083548778
0.455026455026455	5.78996974286075	1.2957567030355779	4	7.540752900922783	0.5605093527993222
0.45105820105820105	5.964816955578641	1.3798927009700659	3	7.795767857606908	0.6940124703990963
0.7235449735449735	5.645605667104908	1.2622147868362725	4	7.631365427486154	0.6410649083548778
0.7235449735449735	5.772331521237519	1.3637822522382619	3	7.859658747020755	0.8014198778065037
0.4444444444444444	5.671119543147927	1.2695025823503627	3	7.385066569942734	0.6140124703990963
0.44047619047619047	5.873965262368351	1.4098067077037544	2	7.724248160548296	0.8410187055986444
0.5912698412698413	6.685790162259717	1.2142723106791202	4	8.491332314208679	0.5563634158175643
0.58994708994709	7.159244181443931	1.1888744206710478	3	8.93806569206207	0.688484554423419
0.31746031746031744	7.058032203354337	1.3403116215209014	3	8.715804142335555	0.5010771470160116
0.30952380952380953	7.954334252677969	1.3851651874566415	2	9.64902324965842	0.6716157205240175
0.58994708994709	6.865546769013217	1.2770098737524365	3	8.732503732712743	0.6084845544234192
0.5886243386243386	7.665606101166286	1.3481800951516658	2	9.60241053494229	0.8327268316351286
0.30687830687830686	7.513788134031897	1.3996086011501265	2	9.22027504206033	0.5516157205240175
0.29894179894179895	9.762148163356716	1.0	1	11.061089962298515	0.943231441048035
0.4365079365079365	4.190515441688424	1.0506997179929036	5	5.677723096189265	0.4415682758369326
0.4365079365079365	3.9217872759337618	1.0315683837705283	4	5.389863596212226	0.5119603447961658
0.15608465608465608	3.845878292366567	0.9872930613083256	4	4.989256009759549	0.37140478924061016
0.15211640211640212	3.3726950215863973	0.8964708051665347	3	4.421282228869334	0.44187305232081364
0.4351851851851852	3.7015142166107258	0.9580242848447768	4	5.094723686640688	0.45196034479616576
0.4351851851851852	3.180209587245276	0.8889066359062433	3	4.504301408336705	0.549280459728221
0.1455026455026455	3.078997609155683	0.6660616254648046	3	3.8905618801231334	0.36187305232081357
0.14153439153439154	1.985782361379986	1.0	2	3.1273167529143775	0.4628095784812203
0.4365079365079365	4.741698711765534	1.138306430020444	4	6.316513078293915	0.5052570480928691
0.4365079365079365	4.567122247451687	1.1704480470046679	3	6.174078230964292	0.6203427307904921
0.15608465608465608	4.465910269362094	1.1933199073009815	3	5.815314832747731	0.4329353233830847
0.15211640211640212	4.066151351689603	1.344706207749802	2	5.562973961555807	0.5694029850746269
0.4351851851851852	4.273424835020973	1.1385644390040295	3	5.847174459210187	0.540342730790492
0.4351851851851852	3.7774232001779207	1.333359953859365	2	5.545968339222471	0.730514096185738
0.1455026455026455	3.625605233043531	0.999092438197207	2	4.7702003167433835	0.44940298507462695
0.14153439153439154	1.985782361379986	1.0	1	3.1273167529143775	0.7388059701492539
0.4365079365079365	4.741698711765534	1.138306430020444	4	6.316513078293915	0.5052570480928691
0.4365079365079365	4.567122247451687	1.1704480470046679	3	6.174078230964292	0.6203427307904921
0.15608465608465608	4.465910269362094	1.1933199073009815	3	5.815314832747731	0.4329353233830847
0.15211640211640212	4.066151351689603	1.344706207749802	2	5.562973961555807	0.5694029850746269
0.4351851851851852	4.273424835020973	1.1385644390040295	3	5.847174459210187	0.540342730790492
0.4351851851851852	3.7774232001779207	1.333359953859365	2	5.545968339222471	0.730514096185738
0.1455026455026455	3.625605233043531	0.999092438197207	2	4.7702003167433835	0.44940298507462695
0.14153439153439154	1.985782361379986	1.0	1	3.1273167529143775	0.7388059701492539
0.3029100529100529	5.660337495227384	1.0508933267720966	3	7.0141408749095335	0.42740740740740746
0.30158730158730157	5.857792190487538	0.8332779794048366	2	6.992657471479676	0.5611111111111111
0.018518518518518517	5.705974223353148	1.2361610759559358	2	6.960653817827602	0.28
0.010582010582010581	6.14652034199922	1.0	1	7.15710235258123	0.4
0.30158730158730157	5.417246071841466	1.0832409249555168	2	6.802074298384284	0.4411111111111111
0.3002645502645503	5.5690640389758554	1.0	1	6.869328589240406	0.7222222222222222
0.007936507936507936	5.265428104707076	1.0	1	6.273364612643584	0.16000000000000003
best score
1	11.061089962298515	0.943231441048035
0.943231441048035
1