coverage		internal		external		size		score		f1
0.7979094076655052	2.1817662235559516	1.1281908775003606	9	4.107866508721817	0.48165202205710533
0.6062717770034843	2.071272001835357	1.0726867049760342	8	3.7502304838148754	0.438111770245453
0.7665505226480837	2.0990038956668076	1.1458251687366672	8	4.011379587051558	0.5208907828787597
0.5749128919860628	1.9609015954305373	1.0869737807507474	7	3.622788268167348	0.47673603235425044
0.7630662020905923	2.1924534592703484	1.1394458975469999	8	4.094965558907941	0.5001918581475768
0.5644599303135889	2.0677010966917257	1.077662553410838	7	3.7098235804161526	0.4530801183757559
0.7212543554006968	2.099394689641955	1.1559852898425034	7	3.976634334885155	0.547684704242392
0.5226480836236934	1.938340471695497	1.0883405399218156	6	3.5493290952410064	0.50063648219107
0.7665505226480837	2.260744652069107	1.1549835501274255	8	4.1822787248446165	0.5179469422990495
0.5574912891986062	2.1457481741760214	1.0993727873849362	7	3.8026122507595637	0.4733716431202959
0.7317073170731707	2.1774417671262505	1.1877403830266335	7	4.096889467226054	0.5621774578655803
0.5226480836236934	2.029395395427176	1.134188379793207	6	3.6862318588440766	0.5175446947514564
0.7282229965156795	2.2842412683874396	1.172633884155964	7	4.185098149059083	0.5443203150084375
0.5121951219512195	2.153994813565229	1.1119115359857756	6	3.7781014715022243	0.496711361418123
0.6759581881533101	2.190970672007163	1.2087528685353022	6	4.075681728695775	0.6003181452876216
0.45993031358885017	2.016020806944456	1.1507643022363971	5	3.6267154227697036	0.5543869670350811
0.794425087108014	2.2513127289312473	1.1296270825437704	8	4.175364898583032	0.5212163229793811
0.5644599303135889	2.134968833447039	1.058787386861535	7	3.758216150622163	0.4761215930301337
0.7630662020905923	2.166662426397268	1.1639432286641886	7	4.0936718571520485	0.5717126640501683
0.5296167247386759	2.016819497910029	1.0913848757758453	6	3.6378210984245505	0.5275182026211775
0.759581881533101	2.273461927658457	1.1500570995197716	7	4.18310090871133	0.5480567500716738
0.5226480836236934	2.141418916048083	1.0708165495851676	6	3.734883549256944	0.4999196363129337
0.7177700348432056	2.1783947744900165	1.191161426760033	6	4.087326236093255	0.6114425525029741
0.4738675958188153	2.0009297299238797	1.1101459077085851	5	3.5849432334512805	0.5663551764787462
0.7630662020905923	2.3515090051427525	1.1444153082459687	7	4.258990515479313	0.5683482748162137
0.5156794425087108	2.232473839779761	1.0643087512154525	6	3.8124620335039245	0.5235930818482306
0.7282229965156795	2.269449698221695	1.1987164312843628	6	4.196389126021737	0.6283507650633606
0.47735191637630664	2.110195638401893	1.1235644786154932	5	3.711112033393693	0.5866450315512101
0.7247386759581882	2.394049116359749	1.1700347249506209	6	4.2888225172685575	0.6075174317300271
0.47038327526132406	2.259714940167558	1.0788503010321393	5	3.808948516461021	0.56164503155121
0.6724738675958188	2.3040859702978786	1.24015186911223	5	4.216711707005928	0.687354251409366
0.41114982578397213	2.1136774635421727	1.160414891501239	4	3.685242180827384	0.6499729561056792
0.7212543554006968	2.243436524078607	1.1505146488492095	8	4.115205528328514	0.5025064156379699
0.5261324041811847	2.125967456472593	1.0944681833493586	7	3.746568044003136	0.45473884178280655
0.6759581881533101	2.157661049422822	1.174897905352007	7	4.008517142928139	0.5503299128028412
0.4808362369337979	2.0063178914398425	1.1176844144515914	6	3.604838542825232	0.5025716594992957
0.6794425087108014	2.264460550684011	1.1692319939640965	7	4.113135053358909	0.5266739988243465
0.47735191637630664	2.1309173095778964	1.108624393120023	6	3.716893619074226	0.4749730931910521
0.6236933797909407	2.1678931680198303	1.1943527025748808	6	3.985939250385652	0.5864960093810925
0.42160278745644597	1.988327802159656	1.1313773084000573	5	3.541307898016159	0.5364193247324882
0.686411149825784	2.3425076281683066	1.1763226094688566	7	4.205241387462947	0.5469655235688866
0.4738675958188153	2.221972233309575	1.1199419642402961	6	3.8157817933686866	0.4986465387263488
0.6376306620209059	2.2589480917515083	1.2197330765891985	6	4.116311830361613	0.603404221941479
0.4250871080139373	2.09759371063767	1.1715339335419483	5	3.6942147521935556	0.5567091798049519
0.6411149825783972	2.383547509889562	1.2025596751145662	6	4.227222167582526	0.5825708886081455
0.42160278745644597	2.2471130124033336	1.1440822132472583	5	3.812798013107038	0.5317091798049519
0.5749128919860628	2.291484042533655	1.2534589297473375	5	4.1198558642670555	0.657418399663108
0.3554006968641115	2.097925053836893	1.2100008041750867	4	3.6633265548760914	0.6125531414228567
0.7177700348432056	2.3317282874393244	1.148742843195234	7	4.198241165477764	0.5377297812460975
0.4843205574912892	2.209396335792428	1.0718428035472851	6	3.7655596968310023	0.48787150601642815
0.6724738675958188	2.2463721942343615	1.1951374605215268	6	4.113983522351707	0.5926291892315583
0.4355400696864111	2.082502633617094	1.1204092775755319	5	3.6384519808790374	0.5437791405530472
0.6759581881533101	2.3709716123724154	1.1796725766636482	6	4.226602377189374	0.5717958558982248
0.4355400696864111	2.2320219353827584	1.0955203337059727	5	3.763082338775142	0.5187791405530471
0.6202090592334495	2.276392965513079	1.2401523671440606	5	4.136754391890589	0.6444883604112032
0.37282229965156793	2.0790612075611734	1.1641044800614437	4	3.6159879872741847	0.5963905923579755
0.627177700348432	2.462026536104094	1.1526973124368594	6	4.241901548889385	0.5616237119232641
0.37630662020905925	2.341287843860772	1.0571435014862034	5	3.7747379655560342	0.506572567783094
0.578397212543554	2.3856588739910927	1.2228697392653585	5	4.186925825800005	0.6322817876412501
0.3205574912891986	2.215643593158691	1.13877687379763	4	3.6749779582455195	0.5811323763955343
0.5818815331010453	2.5351781757567573	1.1858107251812027	5	4.302870434039005	0.6072817876412501
0.3240418118466899	2.402542720365771	1.0741924868528026	4	3.800777019065263	0.5498823763955343
0.5156794425087108	2.4580065080286717	1.2832196297792693	4	4.256905580316652	0.7070189012182293
0.24738675958188153	2.2554353449313287	1.203117989934485	3	3.705940094447695	0.663732057416268
0.7665505226480837	2.245841656531388	1.0857974150052052	8	4.098189594184676	0.4282221611778798
0.5714285714285714	2.128716179275771	1.0088606416505468	7	3.709005392354889	0.37082903612467355
0.735191637630662	2.160409772226	1.1080249822846961	7	4.003626392141358	0.4654336219913098
0.5400696864111498	2.009524734710217	1.0250172669544944	6	3.574611688075861	0.4046768862314739
0.7317073170731707	2.267209273487189	1.0944203014924343	7	4.093336892052794	0.44177770801281513
0.5296167247386759	2.1341241528482704	1.0048429684568332	6	3.66858384604378	0.37707831992323027
0.6898954703832753	2.171100011290204	1.1167997439957926	6	3.977795225669272	0.48745033676763916
0.4878048780487805	1.9921760140841045	1.0164802877271328	5	3.496461179860018	0.4189455968111021
0.735191637630662	2.3452563509714848	1.109540531495342	7	4.189988520097488	0.46206923275735523
0.5226480836236934	2.2251790765799484	1.0274019998745132	6	3.775229160078155	0.400751765458527
0.7003484320557491	2.2621549350218824	1.1534215783075175	6	4.1159249453851485	0.5043585493280256
0.4878048780487805	2.101441922562119	1.0734991033151338	5	3.6627459039260333	0.43923545188356583
0.6968641114982579	2.3867543531599362	1.1251338996667923	6	4.208752364324987	0.4835252159946922
0.47735191637630664	2.250961224327783	1.0293759672713052	5	3.7576891079753945	0.4142354518835658
0.6445993031358885	2.2953322544581036	1.1780953828975367	5	4.118026940491529	0.5385635925269641
0.4250871080139373	2.1027353187424542	1.0867822547515977	4	3.6146046815079895	0.465710981521124
0.7630662020905923	2.334477010242502	1.0740186501564453	7	4.17156186248954	0.4658056678205914
0.5296167247386759	2.212603179062802	0.9681838780901195	6	3.7104037818915976	0.40396004035333777
0.7317073170731707	2.249579037504736	1.1177070011484629	6	4.098993355726369	0.5154829565433783
0.49477351916376305	2.086350845541543	1.005696005711643	5	3.586820370416949	0.4512036613272311
0.7282229965156795	2.37417845564279	1.0911278401244913	6	4.19352929228296	0.4878843902351345
0.4878048780487805	2.2358701473072076	0.9641356460929444	5	3.6878106714489327	0.41808538175733867
0.686411149825784	2.280241177437528	1.1481103786571847	5	4.114762705920496	0.5519128811853872
0.43902439024390244	2.0838714724667344	1.0130885279094963	4	3.535984390620133	0.48067124332570554
0.7282229965156795	2.465233379374468	1.075394036195109	6	4.268850412085256	0.5115578357704313
0.47735191637630664	2.345136055785221	0.9426210043192856	5	3.765108976480813	0.4464935163996949
0.6933797909407665	2.389507085915542	1.1476899412245927	5	4.230576818080901	0.5722027362578509
0.43902439024390244	2.2204538580642517	1.0158645723891995	4	3.6753428206973533	0.5060335621662853
0.6898954703832753	2.5390263876812065	1.0939595113912983	5	4.32288136945578	0.5472027362578509
0.43205574912891986	2.4073529852713325	0.9234944925291403	4	3.7629032269293927	0.47478356216628526
0.6376306620209059	2.462816772934233	1.198092800665861	4	4.298540235621	0.6319200869889803
0.37282229965156793	2.261849031472077	1.03763905569336	3	3.6723103868170046	0.5636003051106027
0.6898954703832753	2.325475633268056	1.1087607898694447	7	4.124131893520776	0.4444229165732644
0.4912891986062718	2.2021015725926154	1.0277858650011185	6	3.721176636200006	0.37901349723145605
0.6445993031358885	2.239077431034549	1.1426924203394542	6	4.026369154509892	0.49053641342149656
0.445993031358885	2.073748917777319	1.059618621467331	5	3.5793605706035354	0.4212678095809731
0.6480836236933798	2.363676849172603	1.1276215641745921	6	4.1393820370405745	0.4629378471132527
0.4425087108013937	2.223268219542984	1.0353207191372968	5	3.7010976494816745	0.38814953001108066
0.5923344947735192	2.267639249673304	1.1673706001215256	5	4.027344344568349	0.5219770294391292
0.3867595818815331	2.068119062761455	1.072596375298733	4	3.527475019941721	0.443251428642883
0.6550522648083623	2.4547317729042812	1.1297131297351983	6	4.239497167447842	0.48661129264854963
0.43902439024390244	2.3325341280209977	1.0405441315986201	5	3.81210264986352	0.4165576646534369
0.6062717770034843	2.376905158151318	1.193688216923916	5	4.176865152078719	0.5422668845115929
0.3902439024390244	2.204701448358972	1.119935843503407	4	3.7148811943014035	0.46861374748346274
0.6097560975609756	2.5264244599169827	1.1572202443792858	5	4.293400801857244	0.5172668845115929
0.3867595818815331	2.391600575566052	1.0563365257911215	4	3.8346966832387066	0.43736374748346263
0.5435540069686411	2.4470643632289537	1.244393414627823	4	4.235011784825418	0.5945002723061578
0.3205574912891986	2.240845818531704	1.1850552401812875	3	3.74645855000219	0.5137072188668392
0.686411149825784	2.442155875387135	1.0887028959004945	6	4.217269921113413	0.4758362599386289
0.44947735191637633	2.3174430510004216	0.9647975489816559	5	3.731717951898454	0.40362762540153196
0.6411149825783972	2.361814081130742	1.1531969512449602	5	4.1561260149541	0.529336845259688
0.40069686411149824	2.1858376020832524	1.0287316809302993	4	3.61526614712505	0.4524511984185817
0.6445993031358885	2.5113333828964066	1.1192917551254602	5	4.275224441157755	0.504336845259688
0.40069686411149824	2.3727367292903327	0.9694036572598974	4	3.7428372506617285	0.4212011984185817
0.5888501742160279	2.4282005169532335	1.2162194076599466	4	4.233270098829208	0.5783377232412767
0.33797909407665505	2.2156940234974107	1.0812697866958396	3	3.6349429042699057	0.49215715344699784
0.5923344947735192	2.6205992913744205	1.0670759145661906	5	4.28000970071413	0.49213027248973495
0.33797909407665505	2.50931911488785	0.8858540298618048	4	3.73315223882631	0.40594298245614024
0.5435540069686411	2.5647829025507507	1.167826787496966	4	4.276163697016358	0.5630795072788354
0.28222996515679444	2.3978038709607676	0.9914380934379249	3	3.671471929555487	0.471812865497076
0.5470383275261324	2.7516820297578315	1.088215313468904	4	4.386935670752868	0.5318295072788353
0.2857142857142857	2.647002707236875	0.8265764184393304	3	3.759293411390491	0.4301461988304093
0.4808362369337979	2.7209544241207424	1.256155426965403	3	4.457946088019943	0.6396615652606694
0.20905923344947736	2.548571637520763	1.0418921772238288	2	3.7995230481940694	0.5410526315789473
0.7979094076655052	2.0046699750223542	1.1499572361671297	8	3.952536618854989	0.5096447190011169
0.6062717770034843	1.8530914004083046	1.0941499566491761	7	3.553513134060965	0.4638833879226586
0.6933797909407665	1.8847849933585334	1.1436146774415232	7	3.721779461740823	0.47500299998174034
0.5017421602787456	1.687962492698172	1.0744828816698737	6	3.2641875346467915	0.41584116055364306
0.7630662020905923	1.9915844946197225	1.164159564054378	7	3.918810260764693	0.5348320598108002
0.5644599303135889	1.8125619108362259	1.1021179775393763	6	3.479139818689191	0.4856417303542129
0.6341463414634146	1.8495377692781598	1.1444952852998123	6	3.6281793960413866	0.4986146110898082
0.4355400696864111	1.6063013236696513	1.0574836619268946	5	3.0993250552829568	0.43234272599770507
0.7665505226480837	2.069631572104018	1.1927829659076334	7	4.028965060659735	0.5493248134339885
0.5574912891986062	1.903616834567904	1.1435814495475431	6	3.6046895733140536	0.5025499429145992
0.6480836236933798	1.9405926930098378	1.200021560202024	6	3.7886978769052417	0.5155228236501945
0.43902439024390244	1.7155672321476652	1.142859138400626	5	3.2974507607921932	0.4526325810701687
0.7282229965156795	2.065192111147892	1.2195432759284626	6	4.012958383592034	0.5853233934507645
0.5121951219512195	1.8650865339133298	1.1704500939075424	5	3.5477317497720917	0.5363932648308525
0.5749128919860628	1.9094575640436502	1.2148003078659888	5	3.699170763895702	0.5519607217135669
0.3588850174216028	1.6203919557243873	1.1470572334385718	4	3.126334206584562	0.4824573930043776
0.794425087108014	2.0588522313750355	1.1674519257478433	7	4.020729244230893	0.5588600196185765
0.5644599303135889	1.891040937050758	1.098630505413898	6	3.5541313727782446	0.5125234507843204
0.6898954703832753	1.9280167954926917	1.178574160693718	6	3.796486426569685	0.5266472308655472
0.4564459930313589	1.7004761551270895	1.0964568072732583	5	3.2533789554317067	0.46460079051383407
0.759581881533101	2.0526162136307455	1.19980439403691	6	4.012002489200757	0.5964478006661171
0.5226480836236934	1.8499954568927541	1.1266105392053052	5	3.499254079721753	0.5483614742745178
0.6306620209059234	1.8943664870230748	1.2062160701017601	5	3.7312445780307586	0.56531001037199
0.3867595818815331	1.6015281094486677	1.1090314507233423	4	3.097319142053543	0.49741765480895916
0.7630662020905923	2.1436711373624235	1.2029750306980147	6	4.10971237015103	0.6133560132265035
0.5156794425087108	1.959261365370768	1.1334525583173762	5	3.6083933661968555	0.5686513293469815
0.6445993031358885	2.0036323955010884	1.2341522935548985	5	3.8823839921918752	0.5855998654444537
0.39372822299651566	1.738110495046185	1.1590685966792629	4	3.2909073147219634	0.5227799736495389
0.7247386759581882	2.153151697266753	1.2521359552723492	5	4.130026328497291	0.6693605492051375
0.47038327526132406	1.9250096222532658	1.1862220027371124	4	3.5816149002517026	0.6274808283503935
0.5714285714285714	1.9804734099161665	1.2868716414275247	4	3.838773622772263	0.6486664984722339
0.31010452961672474	1.6187245474479879	1.213396944695795	3	3.142226021760508	0.5859288537549407
0.7212543554006968	2.0498508544005896	1.1787194214029735	7	3.94982463120426	0.5374772683712494
0.5261324041811847	1.8805393305805709	1.1253679906438805	6	3.532039725405636	0.48757690766243866
0.554006968641115	1.9175151890225048	1.170695078203693	6	3.642217235867313	0.5017006877436656
0.3588850174216028	1.6878742273628653	1.1010826705074215	5	3.1478419152918895	0.43466493876757595
0.6794425087108014	2.0421146071605585	1.2034336164059947	6	3.9249907322773545	0.5715012575442353
0.47735191637630664	1.83739352912853	1.1484988597281327	5	3.463244305232969	0.5184256225282597
0.4878048780487805	1.8817645592588506	1.1761795390445762	5	3.5457489763522076	0.535374158625732
0.28222996515679444	1.5857756997433878	1.0863780439100374	4	2.9543837088102194	0.45999784012613665
0.686411149825784	2.133169530892237	1.2244296225570876	6	4.044010303275108	0.5884094701046219
0.4738675958188153	1.9466594376065438	1.1820789330751862	5	3.6026059665005454	0.5387154776007235
0.5052264808362369	1.9910304677368642	1.2308538167326968	5	3.727110765305798	0.5556640136981958
0.2926829268292683	1.722358085340905	1.1809786135909288	4	3.196019625761102	0.48536015896671625
0.6411149825783972	2.140549769502529	1.2660999357388119	5	4.047764687819738	0.6394246974588795
0.42160278745644597	1.9092572125479854	1.2369027817965519	4	3.567762781800983	0.590061013667571
0.4250871080139373	1.9647210002108866	1.251011001186945	4	3.640819109411769	0.6112466837894114
0.20209059233449478	1.5977213345076144	1.1964906207786394	3	2.9963025476207488	0.5360357675111773
0.7177700348432056	2.1205936333750905	1.1976865663731324	6	4.036050234591428	0.5776344373947011
0.4843205574912892	1.9315683605859681	1.127733116934345	5	3.5436220350116026	0.5257854383488187
0.5505226480836237	1.9759393907162888	1.211763317529864	5	3.7382253563297767	0.5427339744462909
0.313588850174216	1.7034942390651855	1.1254423951446935	4	3.142525484384095	0.46919760990183534
0.6759581881533101	2.1254586924819536	1.2495722129611098	5	4.050989093596374	0.6264946582069746
0.4355400696864111	1.890393366272266	1.1856378573922	4	3.511571293350877	0.5738984646026899
0.4843205574912892	1.9458571539351668	1.2585049383459415	4	3.6886826497723977	0.5950841347245303
0.23344947735191637	1.572569539473322	1.1640410555469358	3	2.970060072372174	0.5144857020913358
0.627177700348432	2.234724600959967	1.2257130332875703	5	4.08761533459597	0.6142880854370216
0.37630662020905925	2.0269757518697835	1.1493493314703247	4	3.5526317035491672	0.5586402486402486
0.445993031358885	2.0824395395326842	1.2573734196591773	4	3.785805990550746	0.579825918762089
0.18815331010452963	1.7546793869366784	1.1687315652414552	3	3.111564262282663	0.4941414141414141
0.5818815331010453	2.269338666739765	1.2972854315490243	4	4.148505631389835	0.6845267734629437
0.3240418118466899	2.003878223212786	1.2429168620786781	3	3.570836897138154	0.6337425537425536
0.36585365853658536	2.0778299400966533	1.3245985317121345	3	3.768282130345373	0.6619901139050075
0.09407665505226481	1.5838849114846292	1.2418221139013452	2	2.9197836804382393	0.5745454545454545
0.7665505226480837	2.0525995772037677	1.11009039626146	7	3.9292404961133114	0.45258097755971793
0.5714285714285714	1.8837461738509453	1.0302423002429	6	3.485417045522417	0.38968213439461685
0.662020905923345	1.920722032292879	1.1017978538868138	6	3.6845407921030375	0.4026550151302123
0.46689895470383275	1.6917224392873145	0.9991692512278105	5	3.1577906452189577	0.31719121084618984
0.7317073170731707	2.045321450430933	1.123422114923023	6	3.9004508824271262	0.472455584930782
0.5296167247386759	1.841241741052979	1.0299140246993823	5	3.4007724904910375	0.40095189460687364
0.6027874564459931	1.8856127711832997	1.0969374031419785	5	3.585337630771271	0.41651935148958796
0.40069686411149824	1.5905859646489489	0.9566951793985541	4	2.9479780081590015	0.313155680224404
0.735191637630662	2.136376374162611	1.155659581371523	6	4.027227593164795	0.48936379749116854
0.5226480836236934	1.950507649530993	1.0803562884925464	5	3.553512021647233	0.42124174967933725
0.6167247386759582	1.9948786796613134	1.1684738712762093	5	3.780077289613481	0.4368092065620518
0.40418118466898956	1.7271683502464663	1.079399399822962	4	3.210748934738418	0.3385179990649836
0.6968641114982579	2.144397981426978	1.1870485745331854	5	4.028310667458421	0.5205698903227355
0.47735191637630664	1.9140674774535469	1.1075378751133538	4	3.498957268943207	0.44321885376583836
0.5435540069686411	1.9695312651164476	1.1872172597140005	4	3.7003025317990894	0.46267817486923135
0.3240418118466899	1.6041350210483631	1.073677861818442	3	3.001854694713495	0.3402462209755338
0.7630662020905923	2.123800476645465	1.1177975640961841	6	4.004664242832241	0.5004882047065211
0.5296167247386759	1.9354165725104173	1.0093320307146307	5	3.4743653279637243	0.43320995912300264
0.6585365853658537	1.979787602640738	1.132704930436302	5	3.7710291184428932	0.4501584952204749
0.42160278745644597	1.7083045039707467	0.9960657786482684	4	3.125973070075461	0.35347826086956524
0.7282229965156795	2.129306904406403	1.1538424101184084	5	4.011372311040491	0.5339191789811586
0.4878048780487805	1.8952036311778275	1.028475547980544	4	3.4114840572071516	0.4581791155704199
0.5993031358885017	1.9506674188407283	1.1669137941445387	4	3.7168843488737684	0.47936478569226026
0.3519163763066202	1.57898322601407	0.9856334911298221	3	2.9165330934505125	0.36019323671497583
0.7282229965156795	2.2385728128844162	1.1468454208909793	5	4.1136412302910745	0.5542090340536224
0.47735191637630664	2.031786016775345	1.0202906728021852	4	3.5294286059538367	0.4835414344109996
0.6097560975609756	2.0872498044382457	1.1938859262012917	4	3.8908918282005134	0.50472710453284
0.3554006968641115	1.7610930734774266	1.0465313023113751	3	3.163025072652913	0.3940096618357488
0.6898954703832753	2.2741489316453265	1.2060122451759072	4	4.170056647204509	0.6094279592336946
0.43205574912891986	2.010291909753534	1.0651452133181352	3	3.507492872200589	0.5336108014368883
0.5365853658536586	2.084243626637402	1.277969213372099	3	3.8987982058631596	0.5618583615993422
0.27177700348432055	1.5935054412957517	1.1162583308383132	2	2.9815407756183854	0.42434782608695654
0.6898954703832753	2.113298870175278	1.1432209298414127	6	3.946415270399966	0.4755416615846394
0.4912891986062718	1.9228146447461931	1.0639115663016736	5	3.4780154096541387	0.40327410737674463
0.5226480836236934	1.9671856748765137	1.1353596144433338	5	3.625193372943541	0.4202226434742169
0.3240418118466899	1.6925520942654668	1.0278977302753234	4	3.0444916363874803	0.3160584461867427
0.6480836236933798	2.116704976642178	1.173759551414104	5	3.9385481517496617	0.5039833272349006
0.4425087108013937	1.8794512214725474	1.0890782617553723	4	3.4110381940293135	0.4207593008875974
0.4564459930313589	1.9349150091354481	1.1409750886193477	4	3.5323360907861545	0.44194497100943775
0.24738675958188153	1.5579800130736967	0.9885710366434441	3	2.793937809299022	0.3103001504712125
0.6550522648083623	2.225970885120192	1.1935006164216575	5	4.074523766350212	0.5242731823073644
0.43902439024390244	2.0160336070700646	1.1254568103019842	4	3.580514807615951	0.4461216197281771
0.4738675958188153	2.0714973947329653	1.2125106444010714	4	3.7578756349528524	0.46730728985001746
0.2578397212543554	1.7400898605370532	1.1385956952749385	3	3.136525277066347	0.3441165755919854
0.6097560975609756	2.258396521940046	1.2534077255234608	4	4.121560345024482	0.5720081445508721
0.3867595818815331	1.9892886968131605	1.2147511305772458	3	3.5907994092719395	0.483717715193125
0.39372822299651566	2.0632404136970286	1.2544922920311714	3	3.7114609287247156	0.5119652753555788
0.1672473867595819	1.5620006218851916	1.2102724365075412	2	2.939520445152315	0.3495081967213114
0.686411149825784	2.210879808099617	1.1497881905682767	5	4.047079148493678	0.5113431430554595
0.44947735191637633	1.997169760794345	1.0288840474381684	4	3.47553116014889	0.4299590706632961
0.519163763066202	2.052633548457246	1.1746967431006035	4	3.7464940546240513	0.45114474078513633
0.2787456445993031	1.7149380655027606	1.0155304531243061	3	3.00921416322637	0.3225665101721441
0.6445993031358885	2.239532675664327	1.219865118264876	4	4.103997097065092	0.5558455954859911
0.40069686411149824	1.9641369017788681	1.100228476510381	3	3.465062242400747	0.4621676497732836
0.4529616724738676	2.038088618662736	1.257487361091002	3	3.748537652227605	0.4904152099357374
0.1986062717770035	1.5242729293337525	1.0769453250379453	2	2.799824526148701	0.31718309859154936
0.5923344947735192	2.376115061261844	1.1605115784438333	4	4.128961134479196	0.5405873795235497
0.33797909407665505	2.1462467492422244	0.9884749439363422	3	3.4727007872552216	0.4418233618233618
0.41114982578397213	2.220198466126092	1.2160478429871866	3	3.8473961348972505	0.47007092198581557
0.14982578397212543	1.7974377005287872	0.9734874119306398	2	2.9207508964315525	0.2866666666666666
0.5470383275261324	2.4693973024021996	1.2601789656579416	3	4.276614595586274	0.6096720615869551
0.2857142857142857	2.171235954942948	1.088964599115493	2	3.5459148397727267	0.49606837606837606
0.3310104529616725	2.28216353026875	1.3685837760352786	2	3.981757759265701	0.5384397163120567
0.05574912891986063	1.4986070632167978	1.0	1	2.5543561921366584	0.24
0.7665505226480837	2.2671611185983456	1.1248801935508073	8	4.158591834797236	0.5118585248142435
0.5679442508710801	2.1530812787808657	1.0612183497511356	7	3.7822438794030813	0.4664134517090892
0.7317073170731707	2.184774871731095	1.1454211025310375	7	4.0619032913353035	0.5610180375757253
0.5331010452961672	2.037950684132827	1.0777181066884056	6	3.6487698361174	0.5161920377466256
0.7317073170731707	2.291574372992284	1.1314164939360116	7	4.154698184001466	0.5373621235972307
0.5261324041811847	2.1625501022708806	1.0569839092668756	6	3.745666415718941	0.48859347143838183
0.686411149825784	2.1995259607128146	1.1479944618098878	6	4.033931572348486	0.5989654882827906
0.4808362369337979	2.026287153391237	1.0637917715318257	5	3.5709151618568606	0.5527637786292839
0.735191637630662	2.3696214504765796	1.1570599313340701	7	4.261873019441312	0.5576536483417708
0.519163763066202	2.253605026002559	1.0942754310377667	6	3.8670442201065276	0.5122669169736787
0.6968641114982579	2.2905808844444926	1.1993487864748238	6	4.186793782417574	0.6158737008431772
0.4808362369337979	2.1355530618692513	1.1429093226496436	5	3.759298621452693	0.5730536337017477
0.6968641114982579	2.4151803025825465	1.1705012089102296	6	4.282545622991034	0.5950403675098437
0.4738675958188153	2.2850723636349155	1.0979463382200112	5	3.856886297673742	0.5480536337017476
0.6411149825783972	2.329443393765236	1.2152464193523222	5	4.185804795695955	0.6723817743451459
0.4181184668989547	2.14537424287637	1.1495663273154904	4	3.713059037090815	0.6329837087938512
0.7630662020905923	2.3588421097475973	1.1296002179591775	7	4.251508529797367	0.5613900834050071
0.5261324041811847	2.2410291284854127	1.0463443444029783	6	3.8135058770695753	0.5154751918684892
0.7282229965156795	2.2780049869273467	1.1749212444653743	6	4.1811492279084	0.6269981080585296
0.4878048780487805	2.120461984848675	1.0920367777705609	5	3.7003036406680163	0.5850218431454131
0.7282229965156795	2.4026044050654005	1.1477821845175338	6	4.2786095860986135	0.599399541750286
0.4843205574912892	2.26998128661434	1.0496365697660586	5	3.8039384138716876	0.5519035635755205
0.6829268292682927	2.3143523167446607	1.2021919678363784	5	4.199471113849332	0.6857310630035689
0.43205574912891986	2.12651039660065	1.1040901883474024	4	3.6626563340769724	0.6479439705984329
0.7317073170731707	2.4936593287970785	1.146780870941363	6	4.372147516811612	0.6230729872855829
0.47735191637630664	2.3792471950923537	1.0502206635222167	5	3.906819774990877	0.5803116982178768
0.6933797909407665	2.4236182252226746	1.2238702659336034	5	4.340868282097045	0.7060209180760327
0.4355400696864111	2.2630927821981675	1.143697458710134	4	3.842330310594713	0.6733062894390126
0.6933797909407665	2.573137526988339	1.1692999877145052	5	4.435817305643611	0.6810209180760327
0.43205574912891986	2.4499919094052482	1.0499276315404018	4	3.93197529007457	0.6420562894390125
0.6376306620209059	2.505455697068149	1.2721603821872554	4	4.41524674127631	0.7991928142617075
0.3693379790940767	2.318700930317298	1.1875055756813155	3	3.87554448509269	0.7866306081409056
0.6898954703832753	2.3498407327731514	1.152973444191704	7	4.192709647348131	0.5400073321576799
0.4878048780487805	2.2305275220152256	1.0900298524413157	6	3.808362252505322	0.4905286487466076
0.6411149825783972	2.2675033804571596	1.1839901847837047	6	4.092608547819261	0.602051564936648
0.43902439024390244	2.1078600570844515	1.1220846752172569	5	3.6689691225456107	0.5550859913991549
0.6480836236933798	2.3921027985952135	1.1683594296949733	6	4.208545851983566	0.5744529986284044
0.43902439024390244	2.257379358850116	1.096946924501419	5	3.7933506735954374	0.5219677118292625
0.5888501742160279	2.3017503889804365	1.197577470991727	5	4.088178034188192	0.6557952112573109
0.3797909407665505	2.1107579868953703	1.1238068385549855	4	3.6143557662169066	0.6105241559156103
0.6550522648083623	2.4831577223268915	1.1851834856087906	6	4.323393472744044	0.5981264441637011
0.4355400696864111	2.36664526732813	1.124269072492559	5	3.9264544095071003	0.5503758464716186
0.6027874564459931	2.4110162974584504	1.2459938233239343	5	4.259797577228378	0.6760850663297747
0.3832752613240418	2.2473403724928875	1.2079775326426876	4	3.838593166459617	0.63588647475619
0.6097560975609756	2.560535599224115	1.2086860023935004	5	4.378977699178591	0.6510850663297747
0.3832752613240418	2.434239499699968	1.1429784676207293	4	3.960493228644739	0.60463647475619
0.5400696864111498	2.489703287362869	1.2786697989675637	4	4.308442772741583	0.761772999578885
0.313588850174216	2.297697717376925	1.2553393658059353	3	3.866625933357076	0.7367375218971421
0.686411149825784	2.4705818248097455	1.155460286923692	6	4.312453261559222	0.5873514114537806
0.445993031358885	2.351554190307554	1.0654530426000028	5	3.8630002642664416	0.5374458072197138
0.6376306620209059	2.3959252204378747	1.2224331103693866	5	4.255988992828167	0.6631550270778699
0.39372822299651566	2.228476526217168	1.1449909579435933	4	3.7671957071572773	0.619723925691309
0.6445993031358885	2.5454445222035393	1.1876880658640832	5	4.377731891203512	0.6381550270778699
0.397212543554007	2.4153756534242485	1.0842631869635186	4	3.896851383941774	0.588473925691309
0.5853658536585366	2.4708394410871493	1.2787133798737007	4	4.334918674619386	0.745610450514004
0.3310104529616725	2.272545922342632	1.207989088068514	3	3.811545463372819	0.7151874564773009
0.5958188153310104	2.654710430681553	1.1575709608346303	5	4.408100206847194	0.6259484543079168
0.33797909407665505	2.5519580390217658	1.0375447854484543	4	3.9274819185468752	0.5732157097288676
0.5435540069686411	2.6074218266846665	1.267151985593748	4	4.418127819247056	0.7303522345515626
0.2787456445993031	2.4546557698059885	1.1918198465766556	3	3.9252212609819472	0.694843168527379
0.5505226480836237	2.7943209538917473	1.1861407642560133	4	4.530984366231384	0.6991022345515626
0.2857142857142857	2.703854606082096	1.0241586769587154	3	4.013727568755097	0.6531765018607123
0.4808362369337979	2.7778063229659633	1.349006570505054	3	4.607649130404815	0.8626918682909724
0.20557491289198607	2.6338494857885943	1.3256396786782811	2	4.165064077358862	0.8755980861244019
0.735191637630662	2.352589455576329	1.0726630268312713	7	4.160444120038262	0.45511104134614844
0.5331010452961672	2.2337343652856	0.978550212933848	6	3.7453856235156153	0.3926338754787858
0.7003484320557491	2.270710223727534	1.0987390113603381	6	4.069797667143622	0.5030058923231948
0.49825783972125437	2.1117082690089006	0.9956403322779146	5	3.60560644100807	0.4376122634777688
0.7003484320557491	2.395309641865588	1.0719939791055142	6	4.167652053026851	0.47540732601495095
0.4912891986062718	2.261227570774565	0.9538311658129377	5	3.7063479351937745	0.4044939839078763
0.6550522648083623	2.3055986009048857	1.0938044114293983	5	4.0544552771426465	0.536940404121167
0.445993031358885	2.1155682518009313	0.9532391012772833	4	3.5148003844370996	0.4636819960138776
0.7038327526132404	2.486364565597266	1.1000594953167386	6	4.290256813527245	0.4990807715502479
0.4843205574912892	2.3704934792525787	0.9980155042501881	5	3.8528295409940556	0.43290211855023253
0.6655052264808362	2.414864509382899	1.1590829542077157	5	4.239452690071451	0.5572302591936308
0.445993031358885	2.252150637398449	1.0655134461085025	4	3.763657114865836	0.4890443148544573
0.6655052264808362	2.5643838111485637	1.1051037175281428	5	4.334992755157543	0.5322302591936307
0.43902439024390244	2.4390497646055294	0.9727286881713125	4	3.850802843020744	0.4577943148544573
0.6097560975609756	2.49451355226843	1.1739911847284006	4	4.278260834557806	0.6132044906587051
0.3832752613240418	2.304111403917673	1.0507568613133007	3	3.7381435265550156	0.5409479753614987
0.7317073170731707	2.4737886680801195	1.0592173355402568	6	4.264713320693547	0.50343994579069
0.4912891986062718	2.355402402232003	0.9225210327205572	5	3.769212633558832	0.4367520484240053
0.6968641114982579	2.399773432362324	1.1188437996160931	5	4.215481343476675	0.5705795478520538
0.4529616724738676	2.233286791122729	0.97472946868095	4	3.6609779322775466	0.504004576659039
0.6968641114982579	2.5492927341279885	1.0674273393616507	5	4.3135841849878975	0.5374612682821613
0.44947735191637633	2.42018591832981	0.886216004785644	4	3.7558792750318304	0.4626067271966733
0.6515679442508711	2.4756497059927107	1.1462373629060798	4	4.273455013149661	0.6298911014817339
0.397212543554007	2.27895960888338	0.9478117781189633	3	3.62398393055635	0.5608949911009409
0.6968641114982579	2.6585586426060024	1.0541724247783082	5	4.409595178882569	0.5658694029245176
0.43902439024390244	2.5567683039273272	0.8676012540140965	4	3.863393948185326	0.4981168954996187
0.6585365853658537	2.612232091590228	1.162779619369644	4	4.433548296325726	0.6552534203223137
0.397212543554007	2.4610694563467366	0.9878498381141386	3	3.846131838014882	0.5947114162217138
0.6585365853658537	2.7991312187973088	1.053982705116678	4	4.511650509279841	0.6240034203223136
0.39372822299651566	2.7102682926228443	0.7646172826657356	3	3.8686137982850957	0.553044749555047
0.6027874564459931	2.784220009506712	1.2206075066325817	3	4.607614972585287	0.762560115985307
0.3310104529616725	2.643470015599717	0.954766659017938	2	3.9292471275793277	0.7254004576659039
0.6585365853658537	2.463287061609933	1.1015887240938402	6	4.223412371069627	0.47849340266880835
0.4529616724738676	2.342800474467779	1.0025226025201328	5	3.798284749461779	0.40681619667774727
0.6097560975609756	2.3871715045980997	1.1469205178356574	5	4.143848119994733	0.5406436961057958
0.40418118466898956	2.2175343814174493	1.0489314773288927	4	3.6706470434153315	0.46658476197621634
0.6167247386759582	2.5366908063637643	1.112766514869879	5	4.266182059909601	0.5075254165359033
0.40418118466898956	2.40443350862453	0.9891887755813603	4	3.7978034688748803	0.42518691251385077
0.5574912891986062	2.459897296287431	1.162668714401777	4	4.180057299887814	0.5924712867989114
0.34494773519163763	2.257956395943007	1.035489437674361	3	3.638393568809006	0.5110019048571774
0.6236933797909407	2.6459567148417777	1.126249654521519	5	4.395899749154237	0.5359335511782595
0.40069686411149824	2.5410158942220473	1.0151374485347833	4	3.956850206868329	0.46069708081679606
0.5714285714285714	2.596479681884948	1.223774394590312	4	4.391682647903831	0.6178336056394911
0.34843205574912894	2.4400662434063634	1.1646543451194775	3	3.9531526442749696	0.5448183299779503
0.578397212543554	2.783378809092029	1.1437482424851193	4	4.5055242641207025	0.5865836056394911
0.34843205574912894	2.6892650796824706	0.9989633139666217	3	4.036660449398221	0.5031516633112836
0.5087108013937283	2.7632167965663386	1.2818706993334297	3	4.553798297293497	0.7126670297415436
0.2787456445993031	2.611965196189157	1.3030011068124927	2	4.193711947600953	0.6505608283002589
0.6550522648083623	2.6308656378212025	1.078067014916423	5	4.363984917545988	0.5230035119263547
0.41114982578397213	2.5221520479463275	0.9111143294181083	4	3.844416203148408	0.44453453175191493
0.6062717770034843	2.5776158356092282	1.1785101370369846	4	4.362397749649697	0.6016710565746101
0.3588850174216028	2.4149144483720706	1.0266883904631274	3	3.800487856256801	0.5232682645581088
0.6132404181184669	2.764514962816309	1.1027552789736756	4	4.480510659908451	0.57042105657461
0.3623693379790941	2.664113284648178	0.8695399473940394	3	3.8960225700213114	0.4816015978914422
0.554006968641115	2.738065001532046	1.2699650558875424	3	4.562037026060703	0.6911169643217023
0.2961672473867596	2.5742375036377174	1.1249718578257442	2	3.995376608850221	0.6182357301704966
0.5609756097560976	2.9010973484138263	1.0329718635594443	4	4.495044821729368	0.5551628406121687
0.29965156794425085	2.8462231321115343	0.736926663633623	3	3.882801363689408	0.46125730994152037
0.5087108013937283	2.920174848995402	1.2076657865973495	3	4.63655143698648	0.6707726763717805
0.24041811846689895	2.8474022748327523	0.9589346911593054	2	4.046755084458956	0.5877192982456141
0.5156794425087108	3.1693736852715095	1.0099504428129413	3	4.695003570593162	0.6291060097051138
0.24738675958188153	3.2212005292469135	0.3488724789786693	2	3.817459767807464	0.525219298245614
0.445993031358885	3.332128104572715	1.3579903276371017	2	5.136111463568701	0.8394923478910041
0.1672473867595819	3.598536211824728	1.0	1	4.76578359858431	0.8421052631578947
0.7665505226480837	2.076964676708862	1.1486889818720514	7	3.9922041812289972	0.5481653931441335
0.5679442508710801	1.9121721232735556	1.0846265914867614	6	3.5647429656313974	0.5011972859097684
0.6550522648083623	1.9491479817154893	1.1352359221347286	6	3.73943616865858	0.5141701666453637
0.4564459930313589	1.7258335785944472	1.049845760683232	5	3.232125332309038	0.4510093926643717
0.7317073170731707	2.073747399853543	1.1563002842470682	6	3.961755001173782	0.5839707364459337
0.5261324041811847	1.8753528803601114	1.079750685769001	5	3.481235970310297	0.5347700764250554
0.5923344947735192	1.919723910490432	1.1153547297176762	5	3.6274131349816274	0.5503375333077699
0.3867595818815331	1.6332248887828644	0.9882564021639669	4	3.0082408728283645	0.4804284074971312
0.735191637630662	2.164802323585221	1.2032702410487792	6	4.103264202264662	0.60087894900632
0.519163763066202	1.9846187888381253	1.1522916850919815	5	3.656074236996309	0.5550599314975192
0.6097560975609756	2.0289898189684457	1.208989933381724	5	3.847735849911145	0.5706273883802335
0.39372822299651566	1.769807274380382	1.147791848471403	4	3.3113273458483006	0.5057907263377109
0.6968641114982579	2.1785091207341103	1.2267247882528964	5	4.102098020485265	0.6543880721409174
0.4738675958188153	1.9567064015874625	1.1745305764521217	4	3.6051045738583998	0.6104915810385656
0.5331010452961672	2.012170189250363	1.2018444035629015	4	3.747115638109432	0.6299509021419587
0.31010452961672474	1.6609869198935838	1.10466350646141	3	3.0757549559717186	0.5632765240058368
0.7630662020905923	2.1522264260680752	1.1766952589230462	6	4.0919878870817135	0.6120033562216727
0.5261324041811847	1.9695277118175496	1.0981979800384736	5	3.5938580960372075	0.5670281409411845
0.6515679442508711	2.0138987419478704	1.1901515452662248	5	3.8556182314649665	0.5839766770386567
0.41114982578397213	1.7509434281046623	1.092675815170723	4	3.254769069059358	0.5207509881422926
0.7282229965156795	2.163418043713535	1.2104491765625274	5	4.102090216791742	0.6677373607993404
0.4843205574912892	1.937842555311743	1.1236858371933252	4	3.5458489499963575	0.6254518428431473
0.5888501742160279	1.9933063429746438	1.209758525867453	4	3.791915043058125	0.6466375129649875
0.33797909407665505	1.635835124859291	1.0730543115208173	3	3.0468685304567638	0.583223539745279
0.7317073170731707	2.2726839521915485	1.225550922864915	5	4.229942192129634	0.6880272158718042
0.47735191637630664	2.0744249409092603	1.1523321878979949	4	3.7041090451835617	0.650814161683727
0.6062717770034843	2.129888728572161	1.2735618838072342	4	4.00972238938288	0.6719998318055672
0.34843205574912894	1.8179449723226473	1.2076145744684263	3	3.373991602540203	0.6170399648660518
0.6933797909407665	2.316787855779242	1.2842884554721767	4	4.294456102192185	0.7767006865064219
0.43205574912891986	2.0671438085987552	1.223428990855841	3	3.7226285485835158	0.7566411044671915
0.5296167247386759	2.1410955254826227	1.3315218759300704	3	4.002234126151369	0.7848886646296452
0.2613240418118467	1.678783289563583	1.282110389347727	2	3.222217720723157	0.7588932806324111
0.6898954703832753	2.141724819597888	1.186202145795613	6	4.017822435776776	0.5870568130997909
0.4878048780487805	1.9569257840533254	1.1289027973165244	5	3.5736334594186303	0.5370922891949264
0.5156794425087108	2.001296814183646	1.168931510964264	5	3.6859077676566208	0.5540408252923987
0.313588850174216	1.7351910183993824	1.0847165696161236	4	3.133496438189722	0.48333117345946996
0.6480836236933798	2.1508161159493104	1.206491599549231	5	4.005391339191921	0.6378015090530824
0.43902439024390244	1.9220901456064632	1.1444973537865	4	3.5056118896368655	0.5880320281603246
0.445993031358885	1.977553933269364	1.1440286231606087	4	3.5675755877888573	0.609217698282165
0.23344947735191637	1.6148319119189178	0.9964094626711318	3	2.8446908519419662	0.5333304535015155
0.6550522648083623	2.2600820244273243	1.248331400086601	5	4.163465689322288	0.6580913641255461
0.4355400696864111	2.0586725312039804	1.2177071282161402	4	3.711919729106532	0.6133943470009043
0.46689895470383275	2.114136318866881	1.2523954048253605	4	3.8334306783960743	0.6345800171227447
0.24738675958188153	1.796941759382274	1.2200965730686824	3	3.2644250920328384	0.5671468786222884
0.6097560975609756	2.301035446073962	1.2918927386380765	4	4.202684282273014	0.7392808718235994
0.3832752613240418	2.046140595658381	1.293452513751644	3	3.7228683707340666	0.706748018223428
0.3797909407665505	2.1200923125422495	1.2284625602258352	3	3.7283458135346352	0.7349955783858818
0.14982578397212543	1.647278470153023	1.137377311927032	2	2.9344815660521806	0.684053651266766
0.686411149825784	2.244990947406749	1.221549526957628	5	4.152951624190161	0.6451613248736414
0.445993031358885	2.0398086849282606	1.1493519532263374	4	3.6351536695134827	0.5972317979360233
0.5121951219512195	2.0952724725911613	1.2427990913989053	4	3.8502666859412864	0.6184174680578637
0.2682926829268293	1.7717899643479813	1.1534665066660768	3	3.1935491539408876	0.5455968132024471
0.6445993031358885	2.282171599798242	1.2865677192535054	4	4.213338622187636	0.7231183227587183
0.397212543554007	2.020988800624089	1.2353650354328058	3	3.6535663796109015	0.6851979528035865
0.4425087108013937	2.0949405175079563	1.2878928050336926	3	3.825342033343043	0.7134455129660404
0.18466898954703834	1.6095507776015838	1.1733557277015167	2	2.9675754948501387	0.6517285531370038
0.5958188153310104	2.4187539853957594	1.2640454053154906	4	4.27861820604226	0.707860106796277
0.33797909407665505	2.2030986480874453	1.1972739546248237	3	3.738351696788924	0.6648536648536649
0.4076655052264808	2.2770503649713127	1.3201157386959337	3	4.004831608893728	0.6931012250161186
0.14285714285714285	1.8827155487966185	1.2908851698923802	2	3.3164578615461417	0.6212121212121212
0.5505226480836237	2.5262492012474205	1.3614473667473428	3	4.438219216078387	0.8327023646172582
0.2857142857142857	2.2565138032107797	1.3979638732191961	2	3.9401919621442616	0.8306138306138307
0.3205574912891986	2.367441378536581	1.3633897051997794	2	4.051388575025559	0.8729851708575113
0.041811846689895474	1.6691627597524605	1.0	1	2.710974606442356	0.9090909090909091
0.735191637630662	2.1449316628682626	1.098492429468363	6	3.9786157299672875	0.48801114048633765
0.5331010452961672	1.9607739959777746	0.9987706400213568	5	3.4926456812952984	0.41961856127354025
0.6236933797909407	2.005145026108095	1.078142052795249	5	3.706980458694285	0.4351860181562548
0.42160278745644597	1.7400012833049439	0.9357881679939442	4	3.097392238755334	0.3364890135577373
0.7003484320557491	2.1546643278737596	1.099030725631077	5	3.954043485560586	0.5189467019169385
0.4912891986062718	1.9269004105120242	0.9677832592490888	4	3.385972868367385	0.44118986825859197
0.5609756097560976	1.982364198174925	1.0328856938334512	4	3.5762255017644735	0.46064918936198507
0.3519163763066202	1.6212455984596659	0.7788983280025082	3	2.752060302768794	0.3375409069658719
0.7038327526132404	2.2639302363517735	1.157732716614557	5	4.125495705579571	0.5392365569894022
0.4843205574912892	2.0634827961095414	1.0690966844222458	4	3.6169000380230765	0.4665521870991717
0.578397212543554	2.118946583772442	1.1693561262417198	4	3.866699922557716	0.4860115082025648
0.3588850174216028	1.8033554459230225	1.0587927398870924	3	3.221033203231718	0.3713573320866449
0.6655052264808362	2.305845710979523	1.1810677671392045	4	4.1524187045995635	0.5907123629034194
0.43902439024390244	2.05255428219913	1.0765772947395913	3	3.5681559671826237	0.5109584716877844
0.5017421602787456	2.1265059990829975	1.1427296716342903	3	3.770977830996033	0.5369042331589753
0.27526132404181186	1.6568989999641455	0.8945028181094712	2	2.8266631421154287	0.39036933146330066
0.7317073170731707	2.2488391593311983	1.1142724018485093	5	4.0948188782528785	0.5525858456478253
0.4912891986062718	2.044618949833822	0.9729441067039853	4	3.5088522551440793	0.48151244890375333
0.6202090592334495	2.100082737496723	1.131962410086807	4	3.852254206816979	0.5026981190255936
0.37630662020905925	1.7782036508887298	0.936567868027571	3	3.0910781391253597	0.39130434782608703
0.6968641114982579	2.2869818647038036	1.1479453450261754	4	4.131791321228237	0.6073989737264482
0.44947735191637633	2.0274024871648373	0.9628950109638373	3	3.439774850045051	0.5309054874272265
0.5574912891986062	2.101354204048705	1.1465651109852317	3	3.8054106042325433	0.5591530475896804
0.30313588850174217	1.6191713074127063	0.763696817513208	2	2.6860040134276564	0.42028985507246386
0.6968641114982579	2.423564250301321	1.1535266818316778	4	4.273955043631257	0.6327612925670281
0.43902439024390244	2.2095123346281937	0.9810112316428885	3	3.6295479565149846	0.5647219125479996
0.5714285714285714	2.283464051512061	1.2349953461345062	3	4.089887969075139	0.5929694727104533
0.31010452961672474	1.892336078607741	1.0498481641651722	2	3.2522887723896376	0.4710144927536233
0.6585365853658537	2.532662887788169	1.2207555883554526	3	4.411955061509476	0.7325706123115929
0.39372822299651566	2.266134333021902	0.9902127100005995	2	3.6500752660190177	0.6804162021553326
0.49477351916376305	2.377061908347704	1.3490655332427053	2	4.2209009607541725	0.7227875423990133
0.2229965156794425	1.6884038193747055	1.0	1	2.911400335054148	0.6086956521739131
0.6585365853658537	2.2362372315669736	1.1430060398994288	5	4.037779856832256	0.5226499939015673
0.4529616724738676	2.0288665401285417	1.0482409817375193	4	3.5300691943399283	0.4440926342209307
0.4843205574912892	2.0843303277914424	1.1207178658203218	4	3.6893687511030535	0.46527830434277107
0.2787456445993031	1.7572004379483566	0.9688937360586044	3	3.004839818606264	0.3414112615823236
0.6167247386759582	2.2712294549985232	1.165471562907464	4	4.053425756581945	0.5699791590436257
0.40418118466898956	2.006399274224464	1.0527624032904181	3	3.4633428621838718	0.4810124011834632
0.4146341463414634	2.0803509911083315	1.0633496647117742	3	3.558334802161569	0.509259961345917
0.1986062717770035	1.5876664880021463	0.6784953483848462	2	2.464768108163996	0.3454502257068187
0.6236933797909407	2.4078118405960405	1.215616323437937	4	4.247121543824918	0.5953414778842054
0.40069686411149824	2.18850912168782	1.1600054714194108	3	3.7492114572187294	0.5148288263042362
0.4355400696864111	2.262460838571688	1.24090674731099	3	3.938907655569089	0.5430763864666899
0.21254355400696864	1.860831259197181	1.2320272373866343	2	3.305402050590784	0.39617486338797814
0.578397212543554	2.5116596748477957	1.2842085138274837	3	4.374265401218834	0.6826775260678295
0.34843205574912894	2.234629513611342	1.3450163561087036	2	3.9280779254691742	0.6055765727896876
0.34843205574912894	2.3455570889371438	1.1846206635506946	2	3.8786098082369675	0.6479479130333682
0.11498257839721254	1.6253941805535854	1.0	1	2.7403767589507977	0.4590163934426229
0.6550522648083623	2.388947994320321	1.1649834655939015	4	4.208983724722585	0.5791789288193244
0.41114982578397213	2.1633573266535273	1.011302316181644	3	3.5858094686191437	0.4932787608843947
0.4808362369337979	2.2373090435373952	1.2097213151999189	3	3.9278665956711123	0.5215263210468486
0.23344947735191637	1.8231035666457418	0.9961586224043331	2	3.052711666401991	0.363849765258216
0.6132404181184669	2.486507879813503	1.2615656698001796	3	4.3613139677321495	0.661127460647988
0.3623693379790941	2.196901821059903	1.1347755053777047	2	3.6940466644167023	0.5732514746599253
0.41114982578397213	2.3078293963857046	1.3269329821997817	2	4.045912204369459	0.615622814903606
0.14982578397212543	1.5499387954507071	1.0	1	2.6997645794228324	0.3943661971830986
0.5609756097560976	2.668617727276859	1.1773445611938629	3	4.406937898226819	0.6407831726980664
0.29965156794425085	2.4700665922549376	0.9029728207628942	2	3.6726909809620825	0.5427350427350428
0.37282229965156793	2.580994167580739	1.3060723409956414	2	4.259888808227949	0.5851063829787234
0.10452961672473868	2.0962683378407765	1.0	1	3.200797954565515	0.33333333333333337
0.5121951219512195	2.9547924219949007	1.322988521823053	2	4.7899760657691735	0.7945080923804329
0.24390243902439024	2.843864846669099	1.0	1	4.087767285693489	0.7521367521367521
0.28222996515679444	3.065719997320702	1.0	1	4.347949962477497	0.8368794326241135
best score
2	5.136111463568701	0.8394923478910041
0.9090909090909091
1