coverage		internal		external		size		score		f1
0.9045801526717557	1.5414185959888547	1.2004179546843525	10	3.646416703344963	0.43856833803034123
0.8893129770992366	1.5087169578183852	1.1898380031773774	9	3.587867938094999	0.4523956410259632
0.8358778625954199	1.6023969261086741	1.2175856501673665	9	3.6558604388714606	0.4394790190962986
0.8206106870229007	1.5732298744318733	1.210762323317559	8	3.6046028847723335	0.45514857009961796
0.7900763358778626	1.4553291499543932	1.1845968624682794	9	3.4300023483005355	0.39595688666588613
0.7748091603053435	1.4077786262583074	1.173376492755755	8	3.355964279319406	0.406186171115404
0.6984732824427481	1.5131685905848824	1.1967775855778982	8	3.4084194586055285	0.39165497144453154
0.683206106870229	1.4670879121651397	1.1891299351314721	7	3.3394239541668407	0.402731022926644
0.8625954198473282	1.5460205833824778	1.1914751953766376	9	3.6000911986064437	0.4619816976708433
0.6908396946564885	1.5098064888649025	1.1449061875956474	8	3.345552371117038	0.41431178828560655
0.7938931297709924	1.6151964531914775	1.2131220263340405	8	3.6222116092965106	0.4659328838251082
0.6183206106870229	1.5836911837155345	1.1611706880832855	7	3.3631824824858434	0.4120174425497326
0.7175572519083969	1.4497452050179116	1.173050193811611	8	3.3403526507379198	0.4169704848408943
0.5458015267175572	1.3946040429457445	1.1144460114551233	7	3.0548515811184247	0.3560604151392024
0.6259541984732825	1.5150497164618302	1.1890345253625245	7	3.330038440297637	0.41505595289863273
0.45038167938931295	1.4616024459516217	1.118705822648146	6	3.0306899479890808	0.343675116256282
0.9007633587786259	1.4687517960888483	1.225707821959539	9	3.595222976827013	0.48125888519185533
0.8854961832061069	1.4228791031595691	1.226361445561508	8	3.534736731927184	0.5021509194571192
0.8320610687022901	1.5282690674861443	1.2559051514894877	8	3.616235287677922	0.48761971978624674
0.816793893129771	1.4843456000522959	1.2681373628648174	7	3.5692768560468844	0.5124050210314613
0.7862595419847328	1.3628178193125782	1.2158697752845173	8	3.3649471365818284	0.4386573208020328
0.7709923664122137	1.2952584592825063	1.221461294659934	7	3.2877121203546538	0.45644799362093114
0.6946564885496184	1.415704132798592	1.2444869648201173	7	3.3548475861683276	0.4398409082827912
0.6793893129770993	1.3456992650111772	1.2662307489594193	6	3.291319326947696	0.4607939578182989
0.8587786259541985	1.4648456819191733	1.2285204117667639	8	3.5521447196401357	0.5129352331826095
0.6870229007633588	1.4118617308329007	1.1885769752465527	7	3.2874616068428124	0.4610416270386285
0.7900763358778626	1.5323074043489868	1.271355639961736	7	3.5937393801885857	0.5247299510034502
0.6145038167938931	1.4817364151533041	1.234194325545426	6	3.330434557492623	0.4661531968056125
0.7137404580152672	1.3432202635791968	1.221098235809352	7	3.278058957403816	0.46877292359292
0.5419847328244275	1.2611347509218829	1.1732201664945285	6	2.976339650240839	0.4008699981599939
0.6221374045801527	1.4016547033573161	1.2661979842544797	6	3.2899900921919487	0.4751730427856192
0.44656488549618323	1.3148389761241632	1.2201110802515445	5	2.981514941871891	0.3949695561046478
0.9045801526717557	1.470699346658557	1.2154493351579423	9	3.590728834488255	0.484412150481043
0.8893129770992366	1.4250700975504915	1.2122324107518825	8	3.5266154854016105	0.5056983429074553
0.8358778625954199	1.5304600618770667	1.2479433821244477	8	3.6142813065969346	0.49116714323658284
0.8206106870229007	1.486849593641922	1.2562689346727633	7	3.5637292153375864	0.5164592192604168
0.7900763358778626	1.3650088137035006	1.205581848153702	8	3.360666997735065	0.4422047442523689
0.7748091603053435	1.2977624528721319	1.206491322780179	7	3.279062935957654	0.4605021918498867
0.6984732824427481	1.4182081263882176	1.2377400135331431	7	3.354421422364109	0.4438951065117466
0.683206106870229	1.3486205908657405	1.2550311871701874	6	3.2868578849061567	0.46552385575208033
0.8625954198473282	1.4670366763100957	1.2143819173354002	8	3.5440140134928244	0.5164826566329456
0.6793893129770993	1.4143657244225263	1.168472913632733	7	3.2622279510323584	0.4650958252675841
0.7938931297709924	1.5348113979386124	1.2594745989406975	7	3.5881791266503025	0.5287841492324057
0.6068702290076335	1.4846577410078676	1.2158070381285033	6	3.3073350081440043	0.47088309473939394
0.7175572519083969	1.3457242571688224	1.2061156511006126	7	3.269397160177832	0.4728271218218755
0.5343511450381679	1.2640560767764462	1.150490717914825	6	2.948897939729439	0.40559989609377534
0.6259541984732825	1.4045760292118794	1.2549807645046696	6	3.2855109921898316	0.47990294071940054
0.4389312977099237	1.3183445671496394	1.2006545056456261	5	2.9579303705051894	0.40064543362518545
0.8664122137404581	1.3801092906047623	1.2197063221172713	8	3.4662278264624913	0.5027232374828973
0.851145038167939	1.315020140759288	1.2254946279161636	7	3.391659806843391	0.5296661841133476
0.7977099236641222	1.4354658142753742	1.2649334694769105	7	3.498109207416407	0.5130590987752077
0.7824427480916031	1.368754560067423	1.2933409679498444	6	3.4445382761088705	0.5462151800594515
0.7519083969465649	1.2463786735055842	1.2116231300601041	7	3.209910200512253	0.45246292075967476
0.7366412213740458	1.1481528958360017	1.2280926995287562	6	3.1128868167388033	0.4755196390413299
0.6564885496183206	1.288672848271435	1.260394764872496	6	3.2055561627622513	0.4561447061468332
0.6412213740458015	1.1792607500211059	1.3136127728033309	5	3.1340948968702382	0.4845491251622509
0.8244274809160306	1.3629819450559786	1.228432643102464	7	3.4158420690744733	0.5419911140853365
0.6412213740458015	1.2841900459781284	1.1819734491758	6	3.1073848691997297	0.4862912204011466
0.7557251908396947	1.4247099984135618	1.2979297068965396	6	3.478364896149796	0.5605942650267719
0.5687022900763359	1.342505330191658	1.265436332921006	5	3.176643953189	0.497475022794031
0.6793893129770993	1.2041083341821406	1.2276675681489508	6	3.1111652153081906	0.4898987240086502
0.4961832061068702	1.0777833331139524	1.1741224349432837	5	2.7480889741641064	0.412640373572285
0.583969465648855	1.2464072760364726	1.3136883522624352	5	3.144065093947763	0.5018040271230353
0.3969465648854962	1.0990757601648207	1.285999307183271	4	2.7820216322335876	0.40820741485617507
0.8893129770992366	1.508475108858255	1.214638543487334	9	3.6124266294448253	0.47580390049348253
0.8740458015267175	1.4675678300251518	1.2108607644897202	8	3.5524743960415894	0.49601406167145
0.8206106870229007	1.572957794351727	1.246739129427062	8	3.64030761080169	0.48148286200057744
0.8053435114503816	1.5354184307558192	1.2542243313048846	7	3.5949862735110854	0.5053914692764107
0.7442748091603053	1.4075065461781608	1.2028313134692066	8	3.3546126688076727	0.428461206236986
0.7290076335877863	1.3463312899860294	1.2023850100961542	7	3.2777239336699697	0.4447952912608779
0.6526717557251909	1.4667769635021153	1.2338568922688204	7	3.353305611496127	0.4281882059227379
0.6374045801526718	1.4052842341652878	1.2489803110535587	6	3.2916691253715182	0.44719913839823666
0.8473282442748091	1.509534408784756	1.2128450750307025	8	3.5697077280902674	0.5067983753969402
0.6641221374045801	1.462934561536424	1.1659848574551055	7	3.2930415563961097	0.4587208614889692
0.7786259541984732	1.5833802350525097	1.2572097341827715	7	3.6192159234337544	0.5177163992483995
0.5916030534351145	1.5413213843074145	1.2120217211208304	6	3.344946158863359	0.4634456369976766
0.6717557251908397	1.39429309428272	1.2017890770265407	7	3.2678378965001	0.45712022123286666
0.48854961832061067	1.3207197200759933	1.143819007864548	6	2.953088346261152	0.392750095979555
0.5801526717557252	1.4612396725114267	1.2486215224419748	6	3.2900138667091268	0.461578223365557
0.3931297709923664	1.3863409391090957	1.19019388303172	5	2.9696645931331824	0.385225673488121
0.8854961832061069	1.4226070230794228	1.2232496762811615	8	3.531352882566691	0.5284852113580787
0.8702290076335878	1.3635889778731858	1.2297801670299866	7	3.4635981525367603	0.5591084399706978
0.816793893129771	1.484034651389272	1.269442200010435	7	3.570270744529478	0.5425013546325579
0.8015267175572519	1.42541820336697	1.2990386843502024	6	3.5259836052744244	0.5805644785596935
0.7404580152671756	1.2949475106194817	1.214070151277483	7	3.24947567716414	0.48190517661702503
0.7251908396946565	1.2048165391355488	1.2309040228865105	6	3.1609114017167155	0.5098689375415717
0.648854961832061	1.345336491570982	1.2635185562178326	6	3.2577100096208755	0.49049400464707515
0.6335877862595419	1.2472571219805624	1.317376700301471	5	3.198221608541575	0.5257682833625412
0.8435114503816794	1.4115507821698763	1.2324979208262394	7	3.487560153377795	0.5714333699426867
0.6603053435114504	1.3408536892776757	1.1870503316425098	6	3.1882093644316356	0.5206405189013885
0.7748091603053435	1.481373641713109	1.3033190573508313	6	3.5595018593692838	0.5949435635270137
0.5877862595419847	1.4105017021511146	1.2725985990825794	5	3.2708865607756787	0.5386941809943212
0.6679389312977099	1.2607719774816877	1.2301705255606386	6	3.158881434340036	0.5242480225088921
0.4847328244274809	1.145779705073409	1.1769551115409513	5	2.8074676410418413	0.4538595317725752
0.5763358778625954	1.314403647995929	1.316989730841476	5	3.2077292567000004	0.5430231853233256
0.3893129770992366	1.1840712251141412	1.289965338948565	4	2.863349541161943	0.4597313626065379
0.8893129770992366	1.4247980174703452	1.2064666557509713	8	3.5205776503205533	0.5320326348084148
0.8740458015267175	1.3660929714628114	1.2061500706177322	7	3.446288843607261	0.5631626381996534
0.8206106870229007	1.4865386449788975	1.2540351241909615	7	3.56118445619276	0.5465555528615134
0.8053435114503816	1.4283395292215333	1.2757149482154715	6	3.509397988887386	0.5852943764934748
0.7442748091603053	1.2974515042091075	1.1955615317703085	7	3.237287845139721	0.4859593748459805
0.7290076335877863	1.207737864990112	1.2032381255889975	6	3.139983624166896	0.5145988354753532
0.6526717557251909	1.3482578174255453	1.2473648877502133	6	3.248294460900949	0.49522390258085647
0.6374045801526718	1.2507627130060384	1.2905154526188394	5	3.1786827457775493	0.531444160883079
0.8473282442748091	1.414054775759502	1.2088552115850004	7	3.4702382316193114	0.5754875681716423
0.6526717557251909	1.3437750151322387	1.1521967087173062	6	3.148643479574736	0.5253704168351698
0.7786259541984732	1.4842949675676724	1.2799776632555218	6	3.542898585021667	0.599673461460795
0.5801526717557252	1.4140072931765908	1.2349557629584123	5	3.2291157278907283	0.5443700585148589
0.6717557251908397	1.263693303336251	1.2024869703025476	6	3.1379359988296383	0.5289779204426734
0.4770992366412214	1.149285296098885	1.132799033672612	5	2.7591835664127187	0.459535409293113
0.5801526717557252	1.317909239021405	1.2901019962179767	5	3.188163906995107	0.5486990628438633
0.3816793893129771	1.1884532138959862	1.240767872940729	4	2.8109004761496923	0.46682620950721
0.7099236641221374	1.3147091920962637	1.1711427169145627	7	3.1957755731329636	0.4721149668268152
0.6946564885496184	1.2278718341917942	1.1692907272493371	6	3.0918190499907494	0.4984470261196604
0.6412213740458015	1.368391786627228	1.2248837005414477	6	3.234496861214477	0.47907209322516364
0.6259541984732825	1.2749234760480572	1.2571520854932656	5	3.158029760014605	0.5120619896562475
0.5648854961832062	1.1477901223958062	1.147461059381064	6	2.8601366779600763	0.40837655220704205
0.549618320610687	1.0102014789703515	1.155097433896351	5	2.7149172334773892	0.4272273404345015
0.46946564885496184	1.1788254218928715	1.2041184245725585	5	2.8524094953203916	0.40397742096110556
0.4541984732824427	1.0145984424853194	1.2721906978749729	4	2.740987613642735	0.4264411234339458
0.6679389312977099	1.2838272725379332	1.1731787335751	6	3.124944937410743	0.5128261110869807
0.4732824427480916	1.1734460591409037	1.0891950922690148	5	2.73592359415801	0.4401532380662816
0.5992366412213741	1.342070002063424	1.2636973715107227	5	3.205004014795521	0.5293168916170319
0.40076335877862596	1.2186541676985096	1.1973575212412622	4	2.816775047718398	0.4425984954736708
0.49236641221374045	1.0773480049857183	1.1541219144240566	5	2.7238363316235157	0.4444822423952859
0.29770992366412213	0.8877516713513776	1.0381972763362541	4	2.2236588713517538	0.3365551839464883
0.3969465648854962	1.0985316000045278	1.271753626302503	4	2.7672317911925273	0.44800975088492623
0.1984732824427481	0.8527976868316768	1.1904625882895623	3	2.241733557563987	0.3052828424497429
0.8778625954198473	1.5902426248066412	1.2099341701057733	9	3.6780393903322617	0.458411102544511
0.8625954198473282	1.5595562854670864	1.203949022112493	8	3.6261007274269073	0.476447163978857
0.7442748091603053	1.6649462497936616	1.2096865100588678	8	3.6189075690128343	0.44199454164462626
0.7251908396946565	1.6405480941180302	1.2036698223936653	7	3.569408756206352	0.4602619602981809
0.7519083969465649	1.4994950016200954	1.1872432025406536	8	3.438646601107314	0.4129535653237706
0.7366412213740458	1.4514609533482405	1.1804498457711234	7	3.36855202049341	0.4270722730743456
0.5916030534351145	1.5719066268643263	1.171733891955833	7	3.3352435722552736	0.38769784754951075
0.5725190839694656	1.5279355080878672	1.1603966876269658	6	3.2608512796842986	0.399960386962805
0.8358778625954199	1.6015228642266905	1.2059649677731772	8	3.6433656945952873	0.48723147770434727
0.6641221374045801	1.568064224898635	1.1556603646914447	7	3.3878467269946597	0.4363586926974343
0.7022900763358778	1.6885098984147207	1.2066974054311546	7	3.597497380181753	0.47258689027016976
0.5229007633587787	1.6639726582299943	1.1396930378801557	6	3.326566459468929	0.41079454318974173
0.6793893129770993	1.499422757644931	1.179896092861112	7	3.358708163483142	0.43939720304633456
0.5076335877862596	1.4433709939985728	1.1115574070445369	6	3.062561988829369	0.37207324142860076
0.5190839694656488	1.583890946434006	1.1600969512388246	6	3.2630718671384793	0.4143394719301253
0.33969465648854963	1.5335224678161912	1.0549898917443776	5	2.9282070160491185	0.328539171765603
0.8740458015267175	1.5145954785213573	1.2475045397460978	8	3.6361458197941725	0.5089183136654858
0.8587786259541985	1.4687186412353967	1.260968968562941	7	3.588466235752536	0.5367462711791631
0.7404580152671756	1.5891643147514827	1.2604431655554333	7	3.5900654955740916	0.497371845654328
0.7213740458015268	1.5480694772895494	1.2848286131247888	6	3.554272136215865	0.5279133847517588
0.7480916030534351	1.4000771739816928	1.2336904614086694	7	3.3818592384437975	0.46418215843049293
0.732824427480916	1.327467813058128	1.2567610340817603	6	3.317053274620805	0.48919208299061767
0.5877862595419847	1.4679877654935616	1.2331125970299437	6	3.2888866220654904	0.4432552532116435
0.5687022900763359	1.3944386506876578	1.2693506270370207	5	3.2324915678010147	0.46908178164002323
0.8320610687022901	1.5166804455320873	1.2637289025187959	7	3.6124704167531734	0.5490712011511519
0.6603053435114504	1.463504963200255	1.2291622830236777	6	3.3529725897353835	0.4945513219779313
0.6984732824427481	1.6040249156356887	1.289168038348861	6	3.5916662364272978	0.542292469719079
0.5190839694656488	1.55768323085821	1.2489549360970067	5	3.3257221364208656	0.47551286842479956
0.6755725190839694	1.383423251404267	1.2560865889793316	6	3.315082359467568	0.503571167957938
0.5038167938931297	1.2929612337805043	1.2134120721863737	5	3.010190099860008	0.4290473063114303
0.5152671755725191	1.4615851767030243	1.2690522359121903	5	3.2459045881877335	0.4863366836008075
0.33587786259541985	1.3680481359980103	1.206040956595394	4	2.909966955188824	0.38887323545339036
0.8778625954198473	1.5167864729122797	1.2393711715433593	8	3.634020239875486	0.5124657371158219
0.8625954198473282	1.4712226348250224	1.2488717419206221	7	3.5826897965929727	0.5408004694081185
0.7442748091603053	1.5916683083411083	1.2565689595058953	7	3.5925120770073087	0.5014260438832836
0.7251908396946565	1.5509908031441126	1.2776508946679674	6	3.5538325375067368	0.5326432826855401
0.7519083969465649	1.4025811675713185	1.2267147116714305	7	3.381204276189314	0.4682363566594484
0.7366412213740458	1.3303891389126914	1.2452411544621576	6	3.312271514748895	0.4939219809243991
0.5916030534351145	1.4709090913481246	1.2331049462402341	6	3.295617091023473	0.4479851511454248
0.5725190839694656	1.3979442417131336	1.2667084058712539	5	3.237171731553853	0.4747576591605609
0.8358778625954199	1.5191844391217129	1.2516190630474928	7	3.6066813647646256	0.5531253993801074
0.6526717557251909	1.4664262890548183	1.2104546777763843	6	3.3295527225563935	0.4992812199117126
0.7022900763358778	1.6069462414902518	1.281972661931461	6	3.5912089797575906	0.5470223676528603
0.5114503816793893	1.561188821883686	1.2355311264897042	5	3.3081703300527794	0.4811887459453372
0.6793893129770993	1.3863445772588303	1.2445490513991504	6	3.31028294163508	0.5083010658917193
0.4961832061068702	1.2964668248059803	1.1934750208348992	5	2.9861250517477496	0.43472318383196795
0.5190839694656488	1.4650907677285003	1.266383527805556	5	3.250558264999705	0.49201256112134517
0.3282442748091603	1.3724301247798554	1.1972085347823327	4	2.8978829343713484	0.39596808235406256
0.8396946564885496	1.4198388554584747	1.2554198626736701	7	3.5149533746206942	0.5374003489229096
0.8244274809160306	1.3505231081143736	1.2856673083236765	6	3.4606178973540804	0.5746133052317703
0.7061068702290076	1.4910430605498073	1.2849973112326483	6	3.482147242011463	0.5286764754527962
0.6870229007633588	1.4221050047551524	1.3449053670474496	5	3.454033272565961	0.5715872483294063
0.7137404580152672	1.2704413963183858	1.247641752492928	6	3.2318236068265813	0.484542831319152
0.6984732824427481	1.157383007677447	1.3029513390815302	5	3.1588076292017253	0.5186268753690334
0.549618320610687	1.3260069505999668	1.2675778741830297	5	3.1432031453936835	0.4635026796342644
0.5305343511450382	1.1985753533691885	1.3739278897547298	4	3.1030375942689563	0.5008476967753943
0.7977099236641222	1.4064785464605125	1.2896143668728823	6	3.493802836997517	0.5889923901990906
0.6145038167938931	1.3206275878479992	1.2614314077330715	5	3.196562812374964	0.5315527730008134
0.6641221374045801	1.4892515307705192	1.351539231400071	5	3.5049128995751704	0.5888421502901907
0.4732824427480916	1.4026310785823788	1.3397320635858148	4	3.2156455849162855	0.5170050688151193
0.6412213740458015	1.2245295336928135	1.3020643979444004	5	3.1678153056830154	0.5358817773298178
0.4580152671755725	1.0717285822352467	1.2807395247324658	4	2.810483374143285	0.45080460261465316
0.4770992366412214	1.282508510888397	1.373638448740868	4	3.1332461962704863	0.5224163242263747
0.2862595419847328	1.0981002346768356	1.3861751182242346	3	2.770534894885803	0.40449160690500763
0.8625954198473282	1.55928420538694	1.2379580439688578	8	3.6598376692031263	0.5027814558798165
0.8473282442748091	1.5197914719389198	1.2465486387165892	7	3.613668354930318	0.5297327194241124
0.7290076335877863	1.6402371454550058	1.2544690477215636	7	3.623713826764356	0.49035829389927743
0.7099236641221374	1.60765444644366	1.2740965118233272	6	3.5916746223891245	0.5197309077041996
0.7061068702290076	1.451150004685216	1.2225530905709534	7	3.379809965485177	0.4525294560704396
0.6908396946564885	1.3870527822122385	1.2388003785749133	6	3.31669285544364	0.47559726357055543
0.5458015267175572	1.5275727346476717	1.2269766383405722	6	3.3003508997058013	0.42966043379158125
0.5267175572519084	1.4659406136725903	1.256594184501896	5	3.2492523554263943	0.4527679983359485
0.8206106870229007	1.5677532762356103	1.2490756984534124	7	3.6374396617119236	0.5420576493961012
0.6374045801526718	1.5230899323543652	1.2062794609980956	6	3.3667739735051323	0.49184376216999526
0.6870229007633588	1.6636098847897989	1.278109913140754	6	3.6287426986939115	0.5341099926715198
0.4961832061068702	1.6291851938431425	1.2288152437837796	5	3.3541836437337924	0.4722637966552764
0.6335877862595419	1.4430082205583774	1.2377999095658396	6	3.3143959163837593	0.48997634853787575
0.45038167938931295	1.364463196765437	1.1824295485650687	5	2.9972744247198184	0.4193034236949035
0.4732824427480916	1.5330871396879568	1.2558067575170984	5	3.2621763399531467	0.4700229002967329
0.2824427480916031	1.457425589729176	1.1780443184351301	4	2.917912656255909	0.37669338218273185
0.8587786259541985	1.4684076925723724	1.2596500933710406	7	3.586836411897611	0.5668426047802597
0.8435114503816794	1.4071867514139207	1.2909751249534183	6	3.5416733267490184	0.6089626037320122
0.7251908396946565	1.5477067038493544	1.2906175958499726	6	3.5635151393939837	0.563025773953038
0.7061068702290076	1.490101376714609	1.3524140344535716	5	3.548622281397188	0.6128064065296966
0.7022900763358778	1.327105039617933	1.2503756440676481	6	3.2797707600214587	0.5188921298193938
0.6870229007633588	1.2253793796369035	1.306130416923746	5	3.218532697324008	0.5598460335693237
0.5419847328244275	1.3940033225594235	1.2712256540066187	5	3.2072137093904693	0.5047218378345547
0.5229007633587787	1.2835708183185093	1.3784712569276047	4	3.1849428386048926	0.5523716445257572
0.816793893129771	1.4631421897600596	1.294613817556558	6	3.5745499004463888	0.6233416886993324
0.6335877862595419	1.3886239598074557	1.2680088242387206	5	3.290220570305718	0.5727719312011037
0.683206106870229	1.557247902729976	1.3585853498870937	5	3.5990393594872985	0.6300613084904809
0.49236641221374045	1.4876265435316995	1.3499393285310788	4	3.3299322842765187	0.5685290165654822
0.6297709923664122	1.2925259056522702	1.3047809268675168	5	3.227077824886199	0.577100935530108
0.44656488549618323	1.1567240471845674	1.2837308070712192	4	2.88701973975197	0.502328550365016
0.46946564885496184	1.3675039758377174	1.3774109010485767	4	3.214380525741256	0.5739402719767376
0.2786259541984733	1.2114275212759298	1.3906474911067717	3	2.8807009665811747	0.4731902039054914
0.8625954198473282	1.470911686161998	1.2440142191013022	7	3.577521325110628	0.5708968030092151
0.8473282442748091	1.4101080772684842	1.267331070988316	6	3.5247673925316096	0.6136925016657937
0.7290076335877863	1.5506280297039179	1.2784857707147637	6	3.558121434006468	0.5677556718868193
0.7099236641221374	1.493606967740085	1.3315855517695556	5	3.5351161836317777	0.6184822840502344
0.7061068702290076	1.3300263654724962	1.2339016577696578	6	3.270034893471162	0.5236220277531751
0.6908396946564885	1.2288849706623792	1.278788692495558	5	3.198513357814426	0.5655219110898615
0.5458015267175572	1.3975089135848993	1.2611522728232711	5	3.2044627131257277	0.5103977153550923
0.5267175572519084	1.287952807100354	1.357297713320021	4	3.1719680776722834	0.5594664914264293
0.8206106870229007	1.4660635156146231	1.2709521056308772	6	3.557626308268401	0.6280715866331139
0.6259541984732825	1.3921295508329314	1.229885511368997	5	3.2479692606752106	0.5784478087216414
0.6870229007633588	1.560753493755452	1.33773038026221	5	3.5855067747810203	0.6357371860110186
0.4847328244274809	1.4920085323135446	1.3107964708542688	4	3.287537827595294	0.5756238634661544
0.6335877862595419	1.296031496677746	1.2774127154984614	5	3.2070319984357494	0.5827768130506457
0.4389312977099237	1.1611060359664125	1.2337325464874562	4	2.8337698801637927	0.5094233972656881
0.4732824427480916	1.3718859646195625	1.356193212539547	4	3.201361619907201	0.5810351188774097
0.27099236641221375	1.2172701729850566	1.3394429641513705	3	2.827705503548641	0.48264999977305423
0.683206106870229	1.3501603346741786	1.2135368436427538	6	3.2469032851871615	0.5074702183974824
0.6679389312977099	1.253045733704398	1.2485998849927766	5	3.1695845499948847	0.54613973986303
0.549618320610687	1.4216696766269183	1.2481627820168326	5	3.219450779254438	0.4910155441282609
0.5305343511450382	1.3181537609028777	1.3362459181219137	4	3.1849340301698295	0.53523877739289
0.5267175572519084	1.1569476795492126	1.1879471949419693	5	2.87161243174309	0.43805517116788795
0.5114503816793893	0.9872512645557456	1.259352123236577	4	2.7580537694717115	0.4690383111924239
0.36259541984732824	1.1980311932088956	1.2013428361734062	4	2.76196944922963	0.4001330665239625
0.3435114503816794	0.9854638111041675	1.3791997667723042	3	2.708175028258151	0.4288032183420353
0.6412213740458015	1.3201922597197648	1.2541826504139997	5	3.215596284179566	0.5633946418238144
0.44656488549618323	1.191306989768936	1.1956131274926434	4	2.8334850027577625	0.4851956832321489
0.5076335877862596	1.402086918422086	1.3467393213719727	4	3.2564598275803185	0.5568074048438705
0.3053435114503817	1.2575381113884212	1.3217298941081361	3	2.884611516946939	0.4503463810616686
0.4541984732824427	1.071184422074954	1.2573108506703838	4	2.7826937460277805	0.4906069386434043
0.2595419847328244	0.8163347829255784	1.1898039865171626	3	2.2656807541755652	0.36207909279438033
0.2900763358778626	1.0973746877964452	1.3774948100692928	3	2.7649458337436004	0.4575613882766758
0.08778625954198473	0.7281953619331274	1.4109327790137651	2	2.2269144004888775	0.24824684431977562
0.8778625954198473	1.6004968621875875	1.2008892335581267	9	3.6792486911655615	0.4759021419710344
0.8625954198473282	1.5710923025206507	1.1915244099832734	8	3.625212132351252	0.4961245833336958
0.8053435114503816	1.676482266847226	1.207624310252746	8	3.6894500885503536	0.46167196099946506
0.7900763358778626	1.653732113607818	1.199859678656795	7	3.643668128142475	0.48275043956085373
0.7557251908396947	1.5110310186736597	1.1793318979772542	8	3.4460881074906085	0.4326309846786093
0.7404580152671756	1.4646449728380284	1.168840895691216	7	3.3739438837964197	0.44956075233701853
0.6603053435114504	1.5850906463541141	1.1739414916400566	7	3.419337481505621	0.41018632681218337
0.6450381679389313	1.5433168641592863	1.1620025655913537	6	3.3503575976895714	0.42619694610258996
0.8358778625954199	1.6130588812802549	1.1938303208229901	8	3.6427670646986647	0.506908897059186
0.6641221374045801	1.5812482443884228	1.138420291429154	7	3.3837906732221565	0.45884717196010727
0.7633587786259542	1.7016939179045085	1.2032738819329947	7	3.668326578463457	0.4950753695328426
0.5877862595419847	1.6793540143014134	1.1334153433892067	6	3.400555617232605	0.4370311023295268
0.683206106870229	1.512606777134719	1.168673763019915	7	3.3644866470248633	0.4618856823090074
0.5114503816793893	1.458752350069992	1.0943613836733361	6	3.0645641154227174	0.3983098005683857
0.5877862595419847	1.5992723025054252	1.1622440975374075	6	3.3493026595848177	0.4405760310699103
0.4122137404580153	1.5519800951018943	1.055983468801964	5	3.020177304361874	0.36002304273334484
0.8740458015267175	1.5261314955749217	1.235216914406319	8	3.635394211507958	0.5285957330203246
0.8587786259541985	1.4819026607251846	1.2435249241145279	7	3.584206210793911	0.559234750441836
0.8015267175572519	1.6023483342412705	1.2568156708711509	7	3.660690722669673	0.5198603249170008
0.7862595419847328	1.5634508333609685	1.2782653589732687	6	3.62797573431897	0.5541499438915436
0.7519083969465649	1.4132611934714807	1.2222641603813502	7	3.3874337507993957	0.48667063769316576
0.7366412213740458	1.3428491691295472	1.2392794510499883	6	3.318769841553581	0.5154286421304026
0.6564885496183206	1.4833691215649807	1.234974183667955	6	3.374831854851256	0.46949181235142834
0.6412213740458015	1.412896277973361	1.26991586460375	5	3.3240335166229125	0.5005656526077652
0.8320610687022901	1.5298644650218751	1.2466714783090933	7	3.6085970120332584	0.5715596804138248
0.6603053435114504	1.4788863192716741	1.2037971275365684	6	3.3429887903196933	0.5207878811177162
0.7595419847328244	1.6194062717071078	1.2831460525315352	6	3.6620943089714677	0.568529028858864
0.583969465648855	1.5761408581439131	1.2376948149807308	5	3.397805138773499	0.5069967393925415
0.6793893129770993	1.3988046074756861	1.2391462742817543	6	3.3173401947345393	0.5298077270977228
0.5076335877862596	1.3114188610662074	1.1857744577497198	5	3.0048269066021867	0.46053117727917214
0.583969465648855	1.4800428039887275	1.2704293759802119	5	3.3344416456177943	0.5178205545685495
0.4083969465648855	1.3911201701051392	1.2046242860582836	4	3.004141402728308	0.42822807416306774
0.8778625954198473	1.528322489965844	1.2275962136594305	8	3.633781299045122	0.5321431564706606
0.8625954198473282	1.4844066543148102	1.2321112540800083	7	3.579113328242147	0.5632889486707915
0.8053435114503816	1.6048523278308962	1.2536250214294127	7	3.6638208607106906	0.5239145231459563
0.7900763358778626	1.566372159215532	1.272044619767367	6	3.6284931148607615	0.5588798418253251
0.7557251908396947	1.4157651870611063	1.2159719672519107	7	3.3874623451527115	0.49072483592212124
0.7404580152671756	1.3457704949841105	1.228716550681305	6	3.314945060932591	0.5201585400641839
0.6603053435114504	1.4862904474195437	1.2359235121291652	6	3.3825193030601595	0.47422171028520976
0.6450381679389313	1.4164018689988367	1.2687091123143626	5	3.3301491492521307	0.5062415301283029
0.8358778625954199	1.5323684586115007	1.2352451954455896	7	3.60349151665251	0.5756138786427802
0.6526717557251909	1.4818076451262374	1.1860465015401949	6	3.320525902391623	0.5255177790514975
0.7633587786259542	1.6223275975616709	1.2769076553650551	6	3.6625940315526804	0.5732589267926453
0.5763358778625954	1.5796464491693891	1.2257064742498076	5	3.381688801281792	0.5126726169130792
0.683206106870229	1.4017259333302494	1.2285657159524928	6	3.3134977561529713	0.5345376250315044
0.5	1.3149244520916834	1.1672728752746246	5	2.982197327366308	0.4662070547997099
0.5877862595419847	1.4835483950142034	1.2691961367499567	5	3.340530791306145	0.5234964320890871
0.40076335877862596	1.3955021588869843	1.1981843123725213	4	2.9944498300381315	0.43532292106373993
0.8396946564885496	1.4330228749482625	1.2388420238856446	7	3.5115595553224566	0.5598888281855823
0.8244274809160306	1.3659044641857927	1.2609735724269153	6	3.4513055175287386	0.6008498643715552
0.767175572519084	1.5064244166212264	1.2796467450056708	6	3.553246734145981	0.554913034592581
0.7519083969465649	1.4405626320408556	1.3346523753166954	5	3.527123404304116	0.6030711192971483
0.7175572519083969	1.285822752389805	1.2313728573856983	6	3.2347528616839	0.5107793904589368
0.7022900763358778	1.17584063496315	1.276320854030398	5	3.154451565329426	0.5501107463367754
0.6183206106870229	1.3444645778856699	1.2699621436365733	5	3.232747332209266	0.49498655060200636
0.6030534351145038	1.2216473874763174	1.3741897681934903	4	3.1988905907843117	0.5402025354850718
0.7977099236641222	1.4218599025319316	1.2654618993103162	6	3.48503172550637	0.6152289493388754
0.6145038167938931	1.3390852151337023	1.2229755639989346	5	3.17656459592653	0.5630366439685554
0.7251908396946565	1.5077091580562223	1.3420981421706097	5	3.5749981399214885	0.6203260212579326
0.5381679389312977	1.4257031126895077	1.3202850108862327	4	3.284156062507038	0.5563599075247968
0.6450381679389313	1.2429871609785166	1.2762458153945608	5	3.164271144312009	0.5673656482975596
0.4618320610687023	1.0948006163423756	1.2339966498322537	4	2.7906293272433316	0.49015944132433054
0.5458015267175572	1.3055805449955258	1.3752534980151152	4	3.2266355697281983	0.5617711629360521
0.35877862595419846	1.1288629468196743	1.3819814088051032	3	2.869622981578976	0.45696472518457754
0.8625954198473282	1.5708202224405043	1.2262804034316501	8	3.6596960457194827	0.5224588752346552
0.8473282442748091	1.5329754914287077	1.2299179073382707	7	3.6102216430417875	0.5522211986867853
0.7900763358778626	1.6534211649447936	1.2516548661073763	7	3.6951523669300324	0.5128467731619502
0.7748091603053435	1.623035802515079	1.26867189596994	6	3.6665168587903625	0.5459674668439845
0.7099236641221374	1.4643340241750038	1.2119401026137286	7	3.3861977909108694	0.47501793533311243
0.6946564885496184	1.4024341382836578	1.222457433841274	6	3.31954806067455	0.5018338227103405
0.6145038167938931	1.542954090719091	1.2299768632767163	6	3.3874347707897003	0.4558969929313662
0.5992366412213741	1.4843982409582934	1.258867379515825	5	3.3425022616954925	0.4842518693036906
0.8206106870229007	1.5809372957253982	1.2328315873138043	7	3.6343795700621033	0.5645461286587741
0.6374045801526718	1.5384712884257847	1.1820529438091194	6	3.357928812387576	0.5180803213097802
0.7480916030534351	1.678991240861218	1.273226565621562	6	3.7003094095362155	0.5603465518113049
0.5610687022900763	1.6476428211288456	1.2192630801147033	5	3.4279746035336256	0.5037476676230183
0.6374045801526718	1.4583895766297967	1.2219982331663952	6	3.3177923899488637	0.5162129076776607
0.4541984732824427	1.3829208240511401	1.1564998915756142	5	2.993619188909197	0.45078729466264533
0.5419847328244275	1.55154476697366	1.2588918550323196	5	3.3524213548304074	0.5015067712644748
0.3549618320610687	1.4804976238363048	1.1794742436433525	4	3.014933699540726	0.4160482208924092
0.8587786259541985	1.4815917120621602	1.2432020110453101	7	3.583572349061669	0.5893310840429324
0.8435114503816794	1.42256810748534	1.2664630481038706	6	3.53254260597089	0.6351991628717972
0.7862595419847328	1.5630880599207737	1.2854486886702086	6	3.634796290575715	0.5892623330928228
0.7709923664122137	1.508559004000312	1.3424335312936377	5	3.6219849017061634	0.6442902774974386
0.7061068702290076	1.3424863956893522	1.2342884080076322	6	3.282881673925992	0.5451286889591789
0.6908396946564885	1.2438370069226066	1.2797724204434344	5	3.2144491220225295	0.5913299045370657
0.6106870229007634	1.4124609498451266	1.2738824120309826	5	3.2970303847768725	0.5362057088022966
0.5954198473282443	1.3066428524256382	1.3791872829843987	4	3.281249982738281	0.5917264832354346
0.816793893129771	1.478523545831479	1.2706430090412053	6	3.565960448002455	0.6495782478391174
0.6335877862595419	1.4070815870931588	1.2298254690754038	5	3.2704948424281044	0.6042558021688456
0.7442748091603053	1.575705530015679	1.3494167492284521	5	3.6693970884044367	0.6615451794582229
0.5572519083969466	1.5106985776388284	1.3309464234495303	4	3.3988969094853054	0.6078838552751596
0.6335877862595419	1.3109835329379733	1.2792348328884975	5	3.223806152086013	0.60858480649785
0.45038167938931295	1.1797960812916963	1.237442079789041	4	2.8676198404700504	0.5416833890746934
0.5381679389312977	1.3905760099448463	1.379480097940858	4	3.308224046817002	0.613295110686415
0.3511450381679389	1.2421902334187684	1.3873620769237078	3	2.9806973485104153	0.5256633221850613
0.8625954198473282	1.4840957056517858	1.2282496933833715	7	3.5749408188824856	0.5933852822718879
0.8473282442748091	1.4254894333399033	1.243775973389688	6	3.516593651004401	0.6399290608055785
0.7900763358778626	1.566009385775337	1.2742738427859193	6	3.630359564439119	0.5939922310266044
0.7748091603053435	1.512064595025788	1.3230405174860012	5	3.609914272817133	0.6499661550179763
0.7099236641221374	1.3454077215439153	1.2187714009605615	6	3.274102786626614	0.5498585868929602
0.6946564885496184	1.2473425979480823	1.253866164891626	5	3.1958652513893266	0.5970057820576034
0.6145038167938931	1.4159665408706024	1.2652444997240144	5	3.2957148573885098	0.5418815863228342
0.5992366412213741	1.311024841207483	1.3604061875041138	4	3.270667669932971	0.5988213301361067
0.8206106870229007	1.4814448716860422	1.2479382763664442	6	3.5499938350753872	0.6543081457728988
0.6259541984732825	1.4105871781186345	1.1931376250820596	5	3.2296790016739765	0.6099316796893833
0.7480916030534351	1.579211121041155	1.329997248479948	5	3.6572999725745383	0.6672210569787607
0.549618320610687	1.5150805664206735	1.2941960139000193	4	3.3588949009313795	0.6149787021758317
0.6374045801526718	1.314489123963449	1.2533020903958214	5	3.2051957945119423	0.6142606840183877
0.44274809160305345	1.1841780700735414	1.1898362673325769	4	2.816762429009172	0.5487782359753656
0.5419847328244275	1.3949579987266914	1.360654857559127	4	3.297597589110246	0.6203899575870871
0.3435114503816794	1.248032885127895	1.3409424462229047	3	2.932486781732479	0.5351231180526241
0.683206106870229	1.3655416907455977	1.1902374547177494	6	3.2389852523335763	0.5337067775372673
0.6679389312977099	1.2715033609901012	1.2114236592149819	5	3.1508659515027926	0.577623610830772
0.6106870229007634	1.4401273039126214	1.2400013107437133	5	3.290815637557098	0.5224994150960028
0.5954198473282443	1.3412257950100066	1.3189315620162356	4	3.255577204354487	0.5745936161025674
0.5305343511450382	1.1754053068349157	1.1634082303484723	5	2.8693478883284262	0.4695390421356299
0.5152671755725191	1.0103232986628745	1.214741944930269	4	2.7403324191656626	0.5083931499021013
0.4312977099236641	1.2211032273160245	1.2050905820415576	4	2.857491519281246	0.4394879052336399
0.41603053435114506	1.016226523247006	1.3792714505409809	3	2.8115285081391317	0.48127633662160507
0.6412213740458015	1.338649887005468	1.2178183271374974	5	3.1976895881887666	0.5948785127915562
0.44656488549618323	1.2143790238760648	1.1312940180479933	4	2.792237927420241	0.5245505219418263
0.5687022900763359	1.425158952529215	1.3307781361017819	4	3.3246393787073325	0.5961622435535479
0.3702290076335878	1.2883008235312596	1.2823837156001285	3	2.9409135467649756	0.5028194993412385
0.4580152671755725	1.094256456182083	1.214053843199563	4	2.766325566557218	0.5299617773530817
0.2633587786259542	0.8470974950684168	1.0958661636078952	3	2.2063224373022665	0.41455221107395024
0.35877862595419846	1.1281373999392839	1.3802728355089438	3	2.8671888614024263	0.5100345065562457
0.16030534351145037	0.7743394301473852	1.3969954314298418	2	2.3316402050886773	0.32695652173913037
0.8473282442748091	1.662808677882439	1.197653361626058	8	3.7077902837833063	0.4753899097174138
0.8320610687022901	1.6381051547909187	1.1905975018438542	7	3.6607637253370626	0.4984280952385094
0.7022900763358778	1.7585508283070046	1.1721466246250039	7	3.6329875292678864	0.45905366971367434
0.683206106870229	1.7456870764376584	1.155748934906207	6	3.584642118214094	0.48320884615432935
0.7137404580152672	1.5694636875372148	1.1610512057175444	7	3.4442553512700265	0.42586398248983925
0.6984732824427481	1.5250854122062372	1.1496015551982046	6	3.3731602498471895	0.44448754439318827
0.5419847328244275	1.6656053646416706	1.1008580142505084	6	3.3084481117166065	0.3985507146142141
0.5229007633587787	1.6315797696653884	1.0627719714938961	5	3.217252504518063	0.415436335323108
0.8053435114503816	1.6860669590876092	1.1935533619789902	7	3.6849638325169813	0.5107530252104983
0.6335877862595419	1.661122562348364	1.1254520053519683	6	3.4201623539598742	0.455321700620125
0.6603053435114504	1.8016425147837973	1.1603626567812724	6	3.62231051507652	0.4975879311216497
0.4770992366412214	1.794824349835941	1.0475500823716515	5	3.319473668848814	0.4284373227954321
0.6412213740458015	1.581040850552376	1.1492014067467693	6	3.371463631344947	0.4588666293605086
0.46946564885496184	1.5301023527582354	1.0448875174635581	5	3.044455519076755	0.38197176068206284
0.46946564885496184	1.6987262956807552	1.062885025345555	5	3.231076969881272	0.43269123728389236
0.2862595419847328	1.664474534720174	0.8487676366943836	4	2.79950171339929	0.33002880341668117
0.8435114503816794	1.5867213754243712	1.2454370800071115	7	3.675669905813162	0.5355379805946566
0.8282442748091603	1.5452193814079196	1.267980721661981	6	3.641444377879061	0.5724405421821419
0.6984732824427481	1.685739333843353	1.2307033918451802	6	3.6149160081312814	0.5265037124031677
0.6793893129770993	1.6557405327074073	1.2578984515734781	5	3.593028297257985	0.5689799326698524
0.7099236641221374	1.4651376696119316	1.2196101936032675	6	3.3946715273373367	0.48778241064202665
0.6946564885496184	1.3910185356297018	1.2553379643542701	5	3.34101298853359	0.5225143705564832
0.5343511450381679	1.5596424785522218	1.1650535003671103	5	3.2590471239575	0.4673901748217141
0.5152671755725191	1.4906197633095073	1.193777206073583	4	3.1996641449556096	0.5057070657597065
0.8015267175572519	1.6011748197540585	1.2722197348227586	6	3.6749212721340694	0.5868196271494621
0.6297709923664122	1.554263115800254	1.229773423265117	5	3.4138075314317833	0.5289454573412594
0.6564885496183206	1.7228870587227743	1.2649702478434572	5	3.644345856184552	0.5862348346306366
0.4732824427480916	1.6946754885226976	1.1861736970035104	4	3.3541316282743	0.5137459242406769
0.6374045801526718	1.4581650616450685	1.254888955134498	5	3.3504585969322385	0.5397692725172674
0.46564885496183206	1.3637729921755655	1.19283705939468	4	3.0222589065320777	0.4556639715989652
0.4618320610687023	1.5745529208287155	1.1942176515886498	4	3.2306026334860674	0.5272756932106868
0.2786259541984733	1.4874927812639271	1.0087800692772348	3	2.7748988047396352	0.41097076555075707
0.8473282442748091	1.5892253690139968	1.242017632115108	7	3.678571245403914	0.5395921788236121
0.8320610687022901	1.5481407072624827	1.2614396646257082	6	3.6416414405904813	0.5771704401159234
0.7022900763358778	1.6886606596979163	1.2356745636388007	6	3.626625299672595	0.531233610336949
0.683206106870229	1.6592461237328835	1.2627244642827065	5	3.605176694885819	0.57465581019039
0.7137404580152672	1.4680589954664949	1.2202392042341068	6	3.402038657715869	0.4925123085758081
0.6984732824427481	1.3945241266551778	1.2536507353193265	5	3.3466481444172524	0.5281902480770209
0.5419847328244275	1.5631480695776978	1.1806346145770068	5	3.285767416979132	0.47306605234225174
0.5229007633587787	1.495001752091352	1.215361154788073	4	3.2332636702382036	0.5128019126603786
0.8053435114503816	1.6040961456086216	1.2656610198259073	6	3.6751006768849104	0.5915495250832437
0.6221374045801527	1.55776870682573	1.2173046057886376	5	3.39721071719452	0.5346213348617972
0.6603053435114504	1.72639264974825	1.2697697736118179	5	3.6564677668715184	0.5919107121511744
0.46564885496183206	1.6990574773045426	1.189788331648774	4	3.3544946639151485	0.520840771141349
0.6412213740458015	1.4616706526705445	1.2531752391586868	5	3.356067265875033	0.545445150037805
0.4580152671755725	1.3681549809574105	1.1855962911329907	4	3.011766539265974	0.4627588184996374
0.46946564885496184	1.5789349096105605	1.2157574554016939	4	3.264158013867216	0.534370540111359
0.2748091603053435	1.493335432973054	1.0430905269659814	3	2.811235120244379	0.4204305614183199
0.8091603053435115	1.488192964668177	1.2660788101924738	6	3.5634320802041626	0.5732036328831793
0.7938931297709924	1.4186848896971964	1.322768557944452	5	3.5353465774126405	0.6250198372458663
0.6641221374045801	1.587308832619717	1.2669517538984751	5	3.5183827239227723	0.5698956415110972
0.6450381679389313	1.5252027058938757	1.3598204098031437	4	3.530061283635951	0.6338388991214354
0.6755725190839694	1.322586835542011	1.2504592971342292	5	3.24861865176021	0.5169352685507242
0.6603053435114504	1.1943002095467437	1.355798498768836	4	3.2104040518270303	0.5676384329209693
0.4961832061068702	1.4050801381998936	1.2054897099222777	4	3.1067530542290416	0.4987331882525079
0.4770992366412214	1.2615290710921647	1.372012591360364	3	3.11064089909375	0.560270047313429
0.767175572519084	1.4858314157125632	1.3292518042021317	5	3.582258792433779	0.6422747392066506
0.583969465648855	1.398355934759934	1.312987922351356	4	3.295313322760145	0.5837958049606942
0.6221374045801527	1.6091358634130841	1.3718146144472974	4	3.6030878824405344	0.6554075265724157
0.42748091603053434	1.5336033713764186	1.3563995573491032	3	3.3174838447560564	0.5818132100330624
0.6030534351145038	1.278233367065952	1.3552580275967376	4	3.2365448297771935	0.5892070603719496
0.4198473282442748	1.0924000429135756	1.3702174174601875	3	2.882464788618038	0.49354592176577405
0.42366412213740456	1.3734399477844426	1.3733092374455422	3	3.1704133073673892	0.5890282172480694
0.22900763358778625	1.1422932519151234	1.3519332924134664	2	2.723234177916376	0.44544708777686626
0.8320610687022901	1.6377942061278943	1.2397689769569176	7	3.709624251787102	0.5285244288396059
0.816793893129771	1.6048043505620297	1.2576770410576652	6	3.6792752847494663	0.5642580651345828
0.6870229007633588	1.7453243029974634	1.23222440805834	6	3.6645716118191625	0.5183212353556086
0.6679389312977099	1.7272424956923398	1.2566274713921508	5	3.6518088983822006	0.5591609602127814
0.6679389312977099	1.5247226387660417	1.2139026556110415	6	3.406564225674793	0.4741875912219645
0.6526717557251909	1.4625204986146343	1.2432241528648647	5	3.3584164072046896	0.5062005872524085
0.4961832061068702	1.6311444415371543	1.1706767341039181	5	3.2980043817479423	0.45107639151763945
0.4770992366412214	1.5799972170406729	1.1972284214664846	4	3.254324875148379	0.48531483662961317
0.7900763358778626	1.6607597889081687	1.2615900303117982	6	3.7124261550978295	0.5786371501019032
0.6068702290076335	1.6257650787851865	1.2102763619976091	5	3.442911669790429	0.5256963855717363
0.6450381679389313	1.7943890217077065	1.2632102318021625	5	3.7026374214488005	0.5764158621735658
0.45038167938931295	1.7840529422538633	1.1773194960995748	4	3.411754117742751	0.509684584528773
0.5954198473282443	1.529667024630001	1.2422861077851253	5	3.3673729797433705	0.5234554892131928
0.4122137404580153	1.4531504459067313	1.165911472977281	4	3.0312756593420276	0.4434841183283067
0.42366412213740456	1.6639303745598812	1.1968538072149395	4	3.2844483039122254	0.5068834640805936
0.22900763358778625	1.606662719572148	1.0022106988595925	3	2.837881052019527	0.39473096118987905
0.8282442748091603	1.5448566079677244	1.2714908540863954	6	3.64459173686328	0.6075529313834211
0.8129770992366412	1.4866812616566532	1.3299648642654698	5	3.629623225158764	0.6662389954461566
0.683206106870229	1.6553052045791734	1.2746167622008664	5	3.6131280736502687	0.6111147997113875
0.6641221374045801	1.6101981708431963	1.3710591577740219	4	3.645379466021798	0.6853628468717983
0.6641221374045801	1.3905832075014675	1.2537947158727145	5	3.308500060778762	0.5581544267510146
0.648854961832061	1.2792956744960644	1.3598212641332041	4	3.2879719004613293	0.6191623806713321
0.48854961832061067	1.4900756031492144	1.210293645255601	4	3.188918866725426	0.5502571360028707
0.46946564885496184	1.374856357691259	1.3785479302941301	3	3.222869936840351	0.6289686443139129
0.7862595419847328	1.5538277876720197	1.33598556160405	5	3.6760728912608025	0.6834938974069409
0.6030534351145038	1.4833513997092547	1.322674585488113	4	3.4090794203118717	0.635319752711057
0.6412213740458015	1.6941313283624049	1.3822824475530098	4	3.7176351499612164	0.7069314743227786
0.44656488549618323	1.6469306579755127	1.3742626918276468	3	3.4677582352993426	0.6505118070335463
0.5916030534351145	1.3632288320152728	1.35850987809594	4	3.313341763546327	0.6407310081223124
0.4083969465648855	1.20572732951267	1.373648586725711	3	2.9877728628032667	0.5622445187662579
0.41603053435114506	1.4867672343835368	1.3783027466489768	3	3.2811005153836588	0.6577268142485533
0.22137404580152673	1.312284181813765	1.357696224825127	2	2.8913544524404187	0.5484949832775919
0.8320610687022901	1.5477779338222877	1.259995690371735	6	3.6398346928963132	0.6122828293172027
0.816793893129771	1.4901868526821291	1.3100913737122768	5	3.6170721195241766	0.6719148729666943
0.6870229007633588	1.6588107956046492	1.2720116148925134	5	3.6178453112605213	0.6167906772319252
0.6679389312977099	1.6145801596250413	1.3623326706247632	4	3.6448517615475144	0.6924576937724704
0.6679389312977099	1.3940887985269437	1.2446763268201895	5	3.3067040566448433	0.5638303042715522
0.6526717557251909	1.2836776632779092	1.340239374076992	4	3.276588793080092	0.6262572275720042
0.4961832061068702	1.4944575919310592	1.2194923272741227	4	3.210133125312052	0.5573519829035428
0.4770992366412214	1.3806990094003855	1.3881761443938316	3	3.2459743904354386	0.6384284401814757
0.7900763358778626	1.5573333786974959	1.3160855841099894	5	3.663495298685348	0.6891697749274786
0.5954198473282443	1.4877333884910995	1.285123381362675	4	3.368276617182019	0.6424145996117292
0.6450381679389313	1.69851331714425	1.3735118155023052	4	3.7170633005854867	0.7140263212234508
0.4389312977099237	1.6527733096846395	1.3479522777888961	3	3.4396568851834592	0.6599716029011089
0.5954198473282443	1.3676108207971176	1.3388838431382821	4	3.301914511263644	0.6478258550229845
0.40076335877862596	1.2115699812217966	1.3256273668730538	3	2.9379607068734765	0.5717043146338208
0.42366412213740456	1.4926098860926633	1.387842670945786	3	3.304116679175854	0.6671866101161161
0.21755725190839695	1.3210481593774548	1.3600085479035309	2	2.8986139591893827	0.5626846770789362
0.6526717557251909	1.4182495615689623	1.222607697462681	5	3.293529014756834	0.5444481330447208
0.6374045801526718	1.3138786170804326	1.3040556812937683	4	3.2553388785268726	0.6020295135384649
0.5076335877862596	1.524658545733583	1.211974162318137	4	3.2442662958379795	0.5331242688700035
0.48854961832061067	1.42096694780375	1.3743345267737748	3	3.2838510928981357	0.6061248214700901
0.48854961832061067	1.1937560493864507	1.1775163194355895	4	2.859821987142651	0.46692380266953737
0.4732824427480916	0.9797636193409075	1.3523498748208838	3	2.805395936909883	0.5178575332028017
0.30916030534351147	1.2608035242117743	1.053625272663093	3	2.6235891022183786	0.42598387364485324
0.2900763358778626	0.9733386165561211	1.4057290191150973	2	2.6691439715490812	0.48191450493240773
0.6106870229007634	1.397811774599641	1.3142980543855909	4	3.322796851885995	0.6235981409894453
0.41603053435114506	1.2518379196251612	1.2776505016595858	3	2.945518955635892	0.5394006959224351
0.46564885496183206	1.5328778244960282	1.3971968613867949	3	3.395723540844655	0.6348829914047305
0.2595419847328244	1.3814500669825018	1.3916552561022992	2	3.0326473078176255	0.5142292490118577
0.41603053435114506	1.0916744960331852	1.3501428578013999	3	2.85784788818573	0.5466157031374423
0.22137404580152673	0.7196450742882377	1.3912863467827268	2	2.332305466872491	0.3818283166109253
0.2366412213740458	1.1412049315945378	1.4062407333447695	2	2.784086886313353	0.5250517598343685
0.030534351145038167	0.446676523665995	1.0	1	1.477210874811033	0.17391304347826086
0.8778625954198473	1.663056604024728	1.1540647313851453	9	3.6949839308297205	0.4679744818694612
0.8625954198473282	1.641472012087434	1.1345689720285626	8	3.638636403963325	0.487205965719426
0.8091603053435115	1.7468619764140092	1.169710432924189	8	3.72573271468171	0.4726747660485534
0.7938931297709924	1.7341660673984276	1.1536378334327868	7	3.6816970306022068	0.495325073902669
0.7633587786259542	1.581410728240443	1.1273094526439196	8	3.4720789595103168	0.42371236706433946
0.7480916030534351	1.5450789266286378	1.1038076264608374	7	3.39697815614291	0.4393680464921388
0.6717557251908397	1.6655246001447235	1.1342969699112169	7	3.47157729524678	0.42276096115399875
0.6564885496183206	1.6371564769149973	1.1125622228706722	6	3.40620724940399	0.4408673528347079
0.8358778625954199	1.6834385908470382	1.1366556579194087	8	3.6559721113618666	0.49799027944491625
0.6641221374045801	1.6616821981790324	1.0665173987717798	7	3.3923217343553924	0.4486544661152274
0.767175572519084	1.782127871695118	1.156759736777159	7	3.706063180991361	0.5076500038746579
0.5916030534351145	1.7731936270571245	1.0743575278707316	6	3.4391542083629707	0.4517015090616445
0.6908396946564885	1.5930407309253283	1.1033481938577092	7	3.387228619439526	0.45169297646412765
0.5190839694656488	1.552591962825703	1.008967574545942	6	3.0806435068372937	0.38641831041602603
0.5992366412213741	1.6931119152611362	1.1123945349121673	6	3.4047430913946775	0.4552464378020281
0.42366412213740456	1.6645876304087472	0.9903021064136466	5	3.0785538589597983	0.37762753081188627
0.8740458015267175	1.596511205141705	1.1790361609827256	8	3.6495931676511484	0.5196771154060547
0.8587786259541985	1.5623366145157942	1.1729472440971378	7	3.5940624845671305	0.5490420445969562
0.8053435114503816	1.6827822880318801	1.2116267383552994	7	3.6997525378375613	0.5324349592588162
0.7900763358778626	1.6572904461166795	1.2210628411507711	6	3.6684296231453133	0.5688203506236615
0.7595419847328244	1.49369514726209	1.1582638038591284	7	3.411500935854043	0.4764779318482859
0.7442748091603053	1.4366887818852583	1.155740939618572	6	3.336704530664136	0.5035371519780429
0.6679389312977099	1.5772087343206918	1.1869799187386931	6	3.4321275843570946	0.4841622190835462
0.6526717557251909	1.525503813280214	1.207017448759399	5	3.385193017764804	0.5181701406863065
0.8320610687022901	1.6102984188124847	1.175801498359876	7	3.618160985874651	0.561366974568945
0.6603053435114504	1.5727259320273852	1.1106411433073589	6	3.343672418846195	0.5088963909653565
0.7633587786259542	1.713245884462819	1.2255343148044793	6	3.7021389778932523	0.5831994355909818
0.5877862595419847	1.688748393450766	1.1603701899396888	5	3.4369048429324396	0.5246012274710828
0.6870229007633588	1.4926442202313972	1.1551985429457798	6	3.3348656639405356	0.5179162369453632
0.5152671755725191	1.4240263963730604	1.0689458422953004	5	3.00823941424088	0.4462613890963405
0.5954198473282443	1.5926503392955804	1.2069171302790227	5	3.3949873169028475	0.5354250426470909
0.4198473282442748	1.5318795892387054	1.1139255124722067	4	3.065652429955187	0.45023368426124455
0.8778625954198473	1.5987021995326274	1.1657640949850152	8	3.64232888993749	0.5232245388563908
0.8625954198473282	1.5648406081054198	1.1539984203948561	7	3.581434448347604	0.5530962428259117
0.8091603053435115	1.6852862816215057	1.2009009352457987	7	3.695347522210816	0.5364891574877717
0.7938931297709924	1.660211771971243	1.204292886810002	6	3.6583977885522376	0.5735502485574429
0.7633587786259542	1.4961991408517157	1.1444364570619268	7	3.403994376539597	0.4805321300772415
0.7480916030534351	1.4396101077398216	1.1346288241150215	6	3.3223305349082786	0.5082670499118243
0.6717557251908397	1.5801300601752548	1.1773800320650358	6	3.4292658174311303	0.4888921170173276
0.6564885496183206	1.5290094043056897	1.1899868737677108	5	3.375484827691721	0.5238460182068442
0.8358778625954199	1.6128024124021103	1.1568400618286097	7	3.6055203368261397	0.5654211727979006
0.6526717557251909	1.5756472578819485	1.082341302176118	6	3.3106603157832573	0.5136262888991379
0.767175572519084	1.716167210317382	1.2087467025031318	6	3.6920894853395976	0.5879293335247631
0.5801526717557252	1.6922539844762423	1.1325580265064645	5	3.404964682738432	0.5302771049916205
0.6908396946564885	1.4955655460859605	1.134068769481651	6	3.3204740102240997	0.5226461348791445
0.5076335877862596	1.4275319873985364	1.0346204371179044	5	2.9697860123027002	0.45193726661687816
0.5992366412213741	1.5961559303210564	1.1898600683464668	5	3.385252639888897	0.5411009201676286
0.4122137404580153	1.5362615780205504	1.081112500949276	4	3.0295878194278414	0.45732853116191663
0.8396946564885496	1.513456828738872	1.161762102908649	7	3.5149135881360705	0.5496961223407024
0.8244274809160306	1.4597440769415038	1.1591236707588162	6	3.4432952286163503	0.5889583742191955
0.7709923664122137	1.6002640293769375	1.2133410898397254	6	3.5845974856288763	0.5695834413246987
0.7557251908396947	1.5531701673477085	1.2442868741173194	5	3.5531822323047226	0.6206756073756897
0.7251908396946565	1.379662365145516	1.1387312086108348	6	3.2435844134510075	0.49888790030657715
0.7099236641221374	1.2884481702700028	1.1464513624176447	5	3.144823196809785	0.5358409581539437
0.6297709923664122	1.4570721131925228	1.19340902177705	5	3.2802521273359853	0.5125910386805477
0.6145038167938931	1.3624068066098836	1.2617562010101893	4	3.238666824413966	0.5622081455832485
0.7977099236641222	1.5156995152876427	1.1632027777376581	6	3.476612216689423	0.6033374591865157
0.6145038167938931	1.451692750440555	1.0786798631894898	5	3.144876430423938	0.5487668557857237
0.7290076335877863	1.6203166933630755	1.2511188111143956	5	3.6004431380652573	0.637930509336474
0.5419847328244275	1.5664625318230738	1.1838077617084475	4	3.2922550263559485	0.5783655176229735
0.6526717557251909	1.3555946962853695	1.1457624939249693	5	3.1540289459355297	0.553095860114728
0.46946564885496184	1.2355600354759417	1.0316794166321723	4	2.736705100963076	0.472322206095791
0.5572519083969466	1.446339964129092	1.2617968810704179	4	3.2653887535964565	0.5837767730342289
0.3702290076335878	1.316542172331096	1.185378113414184	3	2.872149293378868	0.4863055386488132
0.8625954198473282	1.6411999320072876	1.1645158295366735	8	3.6683111813912896	0.5135402576203854
0.8473282442748091	1.613409445219317	1.1518951333590368	7	3.612632822853163	0.5420284928419056
0.7938931297709924	1.7338551187354032	1.199020839629681	7	3.726769088136077	0.5254214075037655
0.7786259541984732	1.7168754152707901	1.201046246600861	6	3.696547616070124	0.5606378735761024
0.7175572519083969	1.5447679779656132	1.1404946521296633	7	3.4028198820036737	0.4648252294882327
0.7022900763358778	1.4962737510393687	1.1284957908632764	6	3.327059618238523	0.4899423325579807
0.6259541984732825	1.6367937034748021	1.1715594668008729	6	3.4343073687489576	0.47056739966348404
0.6106870229007634	1.5970057762651462	1.1803342663516019	5	3.3880270655175115	0.501856357382232
0.8206106870229007	1.6613712495160076	1.154516513402743	7	3.6364984499416515	0.5543534228138944
0.6374045801526718	1.6323109011814958	1.0784738280333281	6	3.3481893093674957	0.5061888311574205
0.7519083969465649	1.772830853616929	1.2051916963479243	6	3.729930946911418	0.5750169585434226
0.5648854961832062	1.7602503564356986	1.1263037577537893	5	3.4514396103726943	0.5213521557015597
0.6450381679389313	1.5522291893855078	1.1276273702838393	6	3.324894727608278	0.504321417525301
0.4618320610687023	1.4955283593579929	1.024036578801323	5	2.9813969992280183	0.4365175064798137
0.5534351145038168	1.6641523022805131	1.1797449120112586	5	3.3973323287955886	0.5191112593430163
0.366412213740458	1.621257042969871	1.0627176411908221	4	3.0503868979011513	0.43805383099058604
0.8587786259541985	1.5620256658527698	1.166212149774233	7	3.587016441581201	0.5791383781980527
0.8435114503816794	1.516407720241051	1.1647392300240575	6	3.5246584006467883	0.6233076727194373
0.7900763358778626	1.6569276726764848	1.219269117092549	6	3.666273125646896	0.6039327398249408
0.7748091603053435	1.6211665393071653	1.2522571554766906	5	3.6482328550891996	0.6618947655759799
0.7137404580152672	1.4363260084450629	1.1417728428210545	6	3.291839309281385	0.533237198806819
0.6984732824427481	1.3564445422294595	1.15009205421311	5	3.2050098788853174	0.5770601163542339
0.6221374045801527	1.5250684851519796	1.1975184155538887	5	3.3447243052860207	0.553810196880838
0.6068702290076335	1.4474022715592043	1.267068924771813	4	3.321341425338651	0.6137320933336113
0.816793893129771	1.57236315858719	1.1685099710568336	6	3.5576670227737948	0.6376867576867578
0.6335877862595419	1.5196891224000117	1.0857188936483886	5	3.2389958023079424	0.589986013986014
0.7480916030534351	1.6883130653225318	1.258626543554667	5	3.695031211930634	0.6791496675367643
0.5610687022900763	1.6514579967723946	1.19478438324246	4	3.407311082304931	0.6298894653733363
0.6412213740458015	1.4235910682448263	1.1489406368013348	5	3.213753079091963	0.5943150183150183
0.4580152671755725	1.3205555004252625	1.0354400555596748	4	2.81401082316051	0.5238461538461539
0.549618320610687	1.5313354290784125	1.2663386899668758	4	3.347292439655975	0.6353007207845918
0.36259541984732824	1.42986945893019	1.1913891994742192	3	2.9838540782517375	0.555004135649297
0.8625954198473282	1.5645296594423954	1.1437246784445319	7	3.5708497577342553	0.5831925764270083
0.8473282442748091	1.5193290460956144	1.1315029401750076	6	3.498160230545431	0.6280375706532189
0.7938931297709924	1.659848998531048	1.1975450560733922	6	3.651287184375432	0.6086626377587221
0.7786259541984732	1.624672130332641	1.2170403189667531	5	3.6203384034978674	0.6675706430965177
0.7175572519083969	1.4392473342996264	1.1157066206391162	6	3.272511206847139	0.5379670967406005
0.7022900763358778	1.3599501332549353	1.1083619759590002	5	3.1706021855498134	0.5827359938747717
0.6259541984732825	1.5285740761774553	1.1730566805446192	5	3.327584955195357	0.5594860744013757
0.6106870229007634	1.4517842603410491	1.2219147914543596	4	3.2843860746961724	0.6208269402342834
0.8206106870229007	1.5752844844417533	1.1352560232472049	6	3.5311511947118586	0.6424166556205391
0.6259541984732825	1.5231947134254875	1.0332072269527433	5	3.1823561388515134	0.5956618915065517
0.7519083969465649	1.691818656348008	1.223383220103862	5	3.6671102733984347	0.684825545057302
0.5534351145038168	1.6558399855542396	1.1316609358557805	4	3.340936035913837	0.6369843122740084
0.6450381679389313	1.427096659270302	1.1071840716063577	5	3.179318898815591	0.599990895835556
0.45038167938931295	1.3249374892071075	0.9614612052660422	4	2.7367803738624628	0.5309410007468259
0.5534351145038168	1.5357174178602575	1.2211404117479763	4	3.3102929441120503	0.6423955676852638
0.3549618320610687	1.4357121106393167	1.0922234930990793	3	2.882897435799465	0.5644639315168598
0.6793893129770993	1.4593813035013088	1.079410499294488	6	3.2181811157728957	0.5218152873849076
0.6641221374045801	1.3841108962969542	1.0542762076296324	5	3.1025092413311666	0.5633538226479403
0.6106870229007634	1.5527348392194744	1.1361702289115942	5	3.2995920910318324	0.5401039031745443
0.5954198473282443	1.4819852141435728	1.1610347282119415	4	3.238439789683759	0.5965992262007442
0.5343511450381679	1.2880128421417685	1.0200731581029756	5	2.8424371452829122	0.45526925395279827
0.5190839694656488	1.1510827177964407	0.9910051271036789	4	2.6611718143657686	0.49055591467356174
0.4389312977099237	1.3618626464495907	1.0702143804703514	4	2.871008324629866	0.4614935153318167
0.42366412213740456	1.2039057487584275	1.1398289858970445	3	2.7673988567928767	0.5106171500858407
0.6374045801526718	1.4512574223123207	1.0600570456953098	5	3.1487190481603022	0.5806087246087246
0.44274809160305345	1.355138443009631	0.8835135182269188	4	2.6814000528396034	0.5067132867132867
0.5687022900763359	1.5659183716627811	1.1718582525360912	4	3.306478914275208	0.6181678536517246
0.3702290076335878	1.475980049042681	0.9948538869672227	3	2.8410629436434918	0.5321603128054742
0.4618320610687023	1.235015875315649	0.9892939756115765	4	2.6861419119959278	0.5121245421245422
0.26717557251908397	1.0347767205798384	0.6766563669303975	3	1.97860866002932	0.39076923076923087
0.366412213740458	1.3158166254507053	1.138784271342214	3	2.8210131105333773	0.5393753200204812
0.16793893129770993	1.0558582684145177	0.7634595544250797	2	1.9872567541373074	0.3709677419354839
0.851145038167939	1.7331883874492222	1.1600767115823951	8	3.744410137199556	0.49397335992779245
0.8358778625954199	1.718539108581528	1.1448252929997047	7	3.699242264176653	0.5196663240503708
0.7175572519083969	1.838984782097614	1.1517631632823928	7	3.7083051972884036	0.48029189852553567
0.6984732824427481	1.8395266891933695	1.133274076726246	6	3.6712740483623634	0.5079867797681676
0.7251908396946565	1.6498976413278241	1.1218563203685632	7	3.4969448013910434	0.4471022113017006
0.7099236641221374	1.6189250249619482	1.1007907034093252	6	3.429639392493411	0.46926547800702656
0.5648854961832062	1.7594449773973817	1.0875914089637828	6	3.4119218825443705	0.4233286482280524
0.5458015267175572	1.7441873049722418	1.05196504511335	5	3.341953876803149	0.4451698556597139
0.8091603053435115	1.7665009128782185	1.1474888532030132	7	3.723150071424743	0.5319912540223597
0.6374045801526718	1.7549621751040752	1.067023680765295	6	3.459390436022042	0.4800996342339633
0.6755725190839694	1.8954821275395084	1.1374785786967527	6	3.70853322532023	0.5223658647354879
0.4961832061068702	1.9074318851427943	1.0223169467944146	5	3.4259320380440794	0.45817084313203793
0.6526717557251909	1.6748804633080872	1.0999813350533312	6	3.427533554086609	0.48364456297434677
0.48091603053435117	1.6427098880650886	0.9801503914729436	5	3.103776310072383	0.41170528101866877
0.49236641221374045	1.8113338309876084	1.0514642691081713	5	3.3551645123095204	0.4624247576204982
0.31297709923664124	1.80523395385374	0.844888012214648	4	2.9630990653050295	0.3671957038374385
0.8473282442748091	1.6671553292149806	1.2006977838711184	7	3.7151813573609083	0.556776209406518
0.8320610687022901	1.6390589941636307	1.211407694771286	6	3.6825277576372066	0.5972184757959802
0.7137404580152672	1.7795789465990641	1.2096746114566386	6	3.70299401607097	0.551281646017006
0.6946564885496184	1.7683480680142605	1.2354482625402081	5	3.698452819104087	0.5987134530064583
0.7213740458015268	1.5589772823676427	1.1722454196058076	6	3.4525967477749773	0.5125603442558648
0.7061068702290076	1.5036260709365548	1.1933837849076225	5	3.4031167260731845	0.552247890893089
0.5610687022900763	1.672250013859075	1.156415690673693	5	3.3897344068228445	0.4971236951583199
0.5419847328244275	1.6313791824430735	1.194535825833792	4	3.3678997411012928	0.5428739661804638
0.8053435114503816	1.6950144325097696	1.2152374880275048	6	3.715595431987656	0.6115975607633004
0.6335877862595419	1.6668706511071072	1.1533930346217784	5	3.4538514719884272	0.5586789776778653
0.6717557251908397	1.8354945940296274	1.2419062289533493	5	3.7491565481738163	0.6159683549672426
0.49236641221374045	1.8354349076562637	1.1628886347692349	4	3.4906899546392394	0.5509128246614342
0.648854961832061	1.5707725969519215	1.1923209458310124	5	3.411948504614995	0.5695027928538733
0.4770992366412214	1.5045324113091316	1.1037120131381084	4	3.0853436610884613	0.49283087201972253
0.48854961832061067	1.7153123399622816	1.1939532215874624	4	3.3978151798703546	0.5644425936314441
0.30916030534351147	1.6751720067753488	1.0385611477733352	3	3.0228934598921953	0.46052663277843353
0.851145038167939	1.6696593228046062	1.1897431823113527	7	3.710547543283898	0.5608304076354735
0.8358778625954199	1.6419803200181937	1.1943174226001456	6	3.6721756052137593	0.6019483737297615
0.7175572519083969	1.7825002724536274	1.2040965681153917	6	3.704154092477416	0.5560115439507873
0.6984732824427481	1.7718536590397362	1.2244504525471354	5	3.69477739402962	0.604389330526996
0.7251908396946565	1.561898608222206	1.1623252151017793	6	3.4494146630186417	0.5172902421896464
0.7099236641221374	1.5071316619620307	1.1758727331703778	5	3.3929280592545457	0.5579237684136267
0.5648854961832062	1.6757556048845508	1.1561729821812885	5	3.3968140832490454	0.5027995726788576
0.5458015267175572	1.6357611712249183	1.1897467367111132	4	3.371309434653589	0.549968813081136
0.8091603053435115	1.6979357583643326	1.1981295578957862	6	3.7052256216036303	0.6163274586970819
0.6259541984732825	1.670376242132583	1.1251003944429978	5	3.421430835048863	0.564354855198403
0.6755725190839694	1.8390001850551034	1.2308819320194087	5	3.745454636158481	0.6216442324877802
0.4847328244274809	1.8398168964381088	1.1401302315773298	4	3.4646799524429195	0.5580076715621063
0.6526717557251909	1.5742781879773973	1.1747834071528998	5	3.401733350855488	0.5751786703744111
0.46946564885496184	1.5089144000909767	1.0700982070392504	4	3.048478255985189	0.4999257189203947
0.49236641221374045	1.7196943287441266	1.1891199875633378	4	3.4011807285212052	0.5715374405321163
0.3015267175572519	1.6810146584844754	1.0201255297877447	3	3.0026669058294724	0.4699864286459964
0.8129770992366412	1.5820325774238881	1.2004026459583303	6	3.5954123226188597	0.5979815664970176
0.7977099236641222	1.5312924250040494	1.2333472931427791	5	3.562349641810951	0.6547533575824722
0.6793893129770993	1.6999163679265699	1.230846858850033	5	3.610152539753702	0.5996291618477031
0.6603053435114504	1.665962125027442	1.314800553971644	4	3.6410680225105363	0.6710057995421927
0.6870229007633588	1.435194370848864	1.1748504116724097	5	3.297067683284632	0.5466687888873302
0.6717557251908397	1.3350596286803098	1.2449386589150404	4	3.25175401278619	0.6048053333417266
0.5229007633587787	1.5458395573334598	1.1834904863238662	4	3.2522308070161046	0.5359000886732652
0.5038167938931297	1.4492082966035864	1.358324082662017	3	3.3113491731587334	0.6098259145411056
0.7709923664122137	1.5984389510194161	1.2392167095436208	5	3.608648026975251	0.6720082595432564
0.5877862595419847	1.5391153538935	1.178084400503076	4	3.304986013938561	0.6209627053814516
0.6374045801526718	1.7498952825466503	1.3257717088544017	4	3.7130715715537237	0.6925744269931732
0.44656488549618323	1.72128259688784	1.2946236846617865	3	3.46247116704581	0.6313690772607388
0.6145038167938931	1.4189927861995182	1.2433751379815456	4	3.276871740974957	0.6263739607927069
0.4312977099236641	1.2800792684249973	1.1767615767282789	3	2.8881385550769405	0.5431017889934506
0.45038167938931295	1.5611191732958642	1.357574629224402	3	3.3690754819095794	0.638584084475746
0.2595419847328244	1.423812090182256	1.3956592832454717	2	3.079013358160552	0.519780888618381
0.8358778625954199	1.7182281599185036	1.1875845868590806	7	3.7416906093730042	0.5497626576514674
0.8206106870229007	1.6986439633177408	1.1906808826203885	6	3.7099355329610297	0.589035998748421
0.7022900763358778	1.8391639157531745	1.200772496123217	6	3.7422264882122693	0.5430991689694469
0.683206106870229	1.8398500309991932	1.2185425850390088	5	3.7415987229084307	0.5888944805493874
0.6793893129770993	1.6185622515217528	1.1561147500670004	6	3.4540663145658526	0.4989655248358028
0.6641221374045801	1.5751280339214873	1.1656352760983448	5	3.4048854474244123	0.5359341075890145
0.5190839694656488	1.7437519768440073	1.1464042270906287	5	3.409240173400285	0.4808099118542454
0.5	1.720756636174239	1.1719292123602405	4	3.3926858485344797	0.5224817370503706
0.7938931297709924	1.7545994016638797	1.1941846519699628	6	3.742677183404835	0.6034150837157413
0.6106870229007634	1.7383726140920395	1.1182612760343986	5	3.4673209130272014	0.5554299059083422
0.6603053435114504	1.9069965570145597	1.2245115155921824	5	3.7918134161181927	0.6061493825101716
0.46946564885496184	1.9248123613874295	1.127976604998846	4	3.5222546152412373	0.5468514849495303
0.6068702290076335	1.642274559936854	1.1640834011617673	5	3.4132281901062553	0.5531890095497987
0.42366412213740456	1.5939098650402974	1.0507285978542562	4	3.068302585031958	0.48065101874906413
0.44656488549618323	1.8046897936934474	1.170531548347299	4	3.4217862275369297	0.5440503645013509
0.25572519083969464	1.7943419450835696	0.9798761196227863	3	3.0299432555460504	0.4442868284175555
0.8320610687022901	1.6386962207234355	1.205940773440538	6	3.6766980628662633	0.6323308649972594
0.816793893129771	1.599288796963506	1.2407327248462259	5	3.656815414939503	0.6959725157827624
0.6984732824427481	1.7679127398860264	1.2387009925348529	5	3.7050870148636275	0.6408483200479933
0.6793893129770993	1.7509575899767624	1.3263545109132375	4	3.7567014138670993	0.7225297472925556
0.6755725190839694	1.5031907428083204	1.1783749557933236	5	3.3571382176856135	0.5878879470876204
0.6603053435114504	1.4200550936296306	1.2492766332501237	4	3.329637070391205	0.6563292810920894
0.5152671755725191	1.6308350222827805	1.188609630627905	4	3.3347118284832047	0.5874240364236281
0.4961832061068702	1.5625355832026806	1.3654898395372135	3	3.424208628846764	0.6785245115415892
0.7900763358778626	1.6664353229788726	1.2461395923279681	5	3.7026512511847036	0.7132274177435467
0.6068702290076335	1.6241108188428208	1.188086272610548	4	3.4190673204610023	0.6724866531318144
0.6564885496183206	1.834890747495971	1.336554750930829	4	3.8279340480451207	0.744098374743536
0.46564885496183206	1.8346098834869344	1.3131172370817605	3	3.613375975530527	0.7000676742612226
0.6030534351145038	1.503988251148839	1.2469421974514632	4	3.3539838837148057	0.6778979085430697
0.4198473282442748	1.3934065550240915	1.1808231639352327	3	2.994077047203599	0.6118003859939343
0.44274809160305345	1.6744464598949582	1.3631985563692668	3	3.4803931078672785	0.7072826814762299
0.25190839694656486	1.5938030200808972	1.4033134694814229	2	3.249024886508885	0.6228287841191067
0.8358778625954199	1.6416175465779987	1.1838963945910104	6	3.661391803764429	0.6370607629310407
0.8206106870229007	1.602794387988982	1.2050354115907322	5	3.628440486602615	0.7016483933033001
0.7022900763358778	1.7714183309115026	1.2202720225241994	5	3.69398042977158	0.646524197568531
0.683206106870229	1.7553395787586075	1.2912549859268103	4	3.7298006715556467	0.7296245941932278
0.6793893129770993	1.5066963338337964	1.153432744038498	5	3.3395183908493937	0.593563824608158
0.6641221374045801	1.4244370824114754	1.203321705356743	4	3.2918809251727987	0.6634241279927615
0.5190839694656488	1.6352170110646254	1.1714352748092578	4	3.3257362553395318	0.5945188833243001
0.5	1.5683782349118072	1.3223719779625778	3	3.3907502128743854	0.6879843074091521
0.7938931297709924	1.6699409140043489	1.210415792131607	5	3.6742498359069478	0.7189032952640845
0.5992366412213741	1.6284928076246656	1.1241620306479414	4	3.3518914794939807	0.6795815000324865
0.6603053435114504	1.839272736277816	1.3014110810429558	4	3.800989160832222	0.7511932216442081
0.4580152671755725	1.840452535196061	1.2340607473686727	3	3.5325285497403063	0.7095274701287855
0.6068702290076335	1.5083702399306838	1.2009431246566367	4	3.316183593594954	0.6849927554437419
0.4122137404580153	1.3992492067332183	1.0800558684082384	3	2.891518815599472	0.6212601818614971
0.44656488549618323	1.680289111604085	1.3199924049917393	3	3.4468464020920075	0.7167424773437927
0.24427480916030533	1.6025669976445873	1.247387565536816	2	3.094229372341709	0.6370184779204509
0.6526717557251909	1.5308570968758153	1.1197208520282653	5	3.3032497046292715	0.5741816533813268
0.6374045801526718	1.4546380362139988	1.1477325748189793	4	3.2397751911856503	0.6391964139592223
0.5190839694656488	1.6654179648671492	1.1445116720987323	4	3.32901360643153	0.570291169290761
0.5	1.608646173315172	1.2697194848334403	3	3.3783656581486126	0.6556806886977664
0.4961832061068702	1.334515468520017	1.0442138451938887	4	2.874912519820776	0.5040907030902948
0.48091603053435117	1.167442844852329	1.1160548648359576	3	2.764413740222638	0.5674134004304783
0.3320610687022901	1.4484827497231958	0.9950514951889353	3	2.775595313614421	0.4755397408725298
0.31297709923664124	1.2548574548232536	1.3209375021880503	2	2.8887720562479453	0.5562483057739225
0.6106870229007634	1.5385711937332072	1.1569518981494056	4	3.306210114783376	0.6607650414102026
0.41603053435114506	1.439517145136583	0.9932681276856904	3	2.8488158071734184	0.5889565631501115
0.4770992366412214	1.7205570500074499	1.2905357199236678	3	3.488192006572339	0.684438858632407
0.2748091603053435	1.6629689052496341	1.1626016472083438	2	3.1003797127633215	0.5885630498533725
0.42366412213740456	1.279353721544607	1.1118017482936808	3	2.8148195919756924	0.5961715703651187
0.22900763358778625	1.00116391255537	0.7671928337549956	2	1.9973643798981517	0.45616211745243995
0.2595419847328244	1.4227237698616704	1.3153109178493434	2	2.997576672443838	0.5993855606758831
0.05725190839694656	1.00971420020026	1.0	1	2.0669661085972066	0.32258064516129026
0.851145038167939	1.7447244045027865	1.1489452698634177	8	3.744814712534143	0.5136507792826313
0.8358778625954199	1.731723128071316	1.12892282671236	7	3.696523817379096	0.5421548033130437
0.7786259541984732	1.8521688015874018	1.1496772467591794	7	3.7804720025450544	0.5027803777882085
0.7633587786259542	1.8549080452647886	1.128869032000222	6	3.747135855890965	0.5342233389079525
0.7290076335877863	1.663081660817612	1.1119715975023126	7	3.5040608919077108	0.4695906905643733
0.7137404580152672	1.6343063810333673	1.0854673298030493	6	3.433514168851684	0.4955020371468115
0.6335877862595419	1.7748263334688008	1.0916112050272908	6	3.500025324755634	0.4495652073678372
0.6183206106870229	1.7626449322579447	1.055767596818324	5	3.436733139763292	0.47665372662745586
0.8091603053435115	1.7796849323680064	1.131973007154379	7	3.720818244865897	0.5544797332850324
0.6374045801526718	1.7703435311754943	1.0438167347036826	6	3.4515648460318484	0.5063361933737482
0.7366412213740458	1.9108634836109275	1.1336148023049235	6	3.7811195072898967	0.5486024238752729
0.5610687022900763	1.9258895124284972	1.0142941398163834	5	3.501252354534957	0.48965471409978
0.6564885496183206	1.6902618193795063	1.0851992297812503	6	3.4319495987790773	0.5098811221141317
0.4847328244274809	1.6611675153507914	0.9557500911745347	5	3.101650430952807	0.4431891519864106
0.5610687022900763	1.8297914582733115	1.0560787233144378	5	3.4469388838778254	0.49390862858824014
0.38549618320610685	1.828305987960869	0.8488668652412792	4	3.062669036408255	0.40655054254711587
0.8473282442748091	1.6803393487047684	1.184977966636362	7	3.7126455596159396	0.5792646886691908
0.8320610687022901	1.6544403502350498	1.1879151890491015	6	3.6744166079864415	0.623455034935765
0.7748091603053435	1.7949603026704832	1.205525275404238	6	3.7752947383800644	0.5775182051567909
0.7595419847328244	1.7868056952999634	1.2269971160713198	5	3.773344796104108	0.6301973239742001
0.7251908396946565	1.5743586384390618	1.1571777546731552	6	3.456727232806873	0.5387969033956499
0.7099236641221374	1.5220836982222579	1.168555145118356	5	3.4005625074627512	0.5837317618608309
0.6297709923664122	1.690707641144778	1.1606018053891023	5	3.4810804389002925	0.5286075661260619
0.6145038167938931	1.6544512165502023	1.1978007797089945	4	3.4667558130530898	0.5822288048901412
0.8053435114503816	1.7103957885811887	1.1922862506395153	6	3.7080255506710857	0.6378341199030855
0.6335877862595419	1.68532827839281	1.1167390361495069	5	3.435655100801859	0.5901628486456072
0.732824427480916	1.8539522213153306	1.2342669849857528	5	3.8210436337819993	0.6474522259349845
0.5572519083969466	1.8585069417633926	1.1464446575060951	4	3.5622035076664345	0.5902676633711116
0.6526717557251909	1.5892302242376246	1.168304208543038	5	3.410206188505853	0.6009866638216153
0.48091603053435117	1.5276044454162605	1.059972213674339	4	3.068492689624951	0.5321857107294
0.5572519083969466	1.7383843740694105	1.198571346298152	4	3.494207628764509	0.6037974323411216
0.3816793893129771	1.7059347189181873	1.0403735892270891	3	3.1279876974582534	0.5129997510580033
0.851145038167939	1.682843342294394	1.1747069216843962	7	3.7086953021467295	0.5833188868981463
0.8358778625954199	1.6573616760896128	1.171781896128881	6	3.6650214348139136	0.6281849328695466
0.7786259541984732	1.7978816285250465	1.2009042113139108	6	3.7774117940374303	0.5822481030905724
0.7633587786259542	1.7903112863254396	1.2174347749546264	5	3.7711048399060205	0.6358732014947379
0.7290076335877863	1.577279964293625	1.1482145294200463	6	3.4545021273014576	0.5435268013294312
0.7137404580152672	1.5255892892477338	1.1524795622574906	5	3.3918093095204913	0.5894076393813686
0.6335877862595419	1.6942132321702537	1.1617945657730773	5	3.4895955842028727	0.5342834436465995
0.6183206106870229	1.6588332053320471	1.1954041387136147	4	3.472557954732685	0.5893236517908134
0.8091603053435115	1.7133171144357517	1.1761352997587162	6	3.698612719537979	0.6425640178368668
0.6259541984732825	1.688833869418286	1.089881864847106	5	3.4046699327386745	0.595838726166145
0.7366412213740458	1.8574578123408063	1.2246781569281922	5	3.8187771906430443	0.6531281034555223
0.549618320610687	1.8628889305452376	1.1260787024414893	4	3.538585953597414	0.5973625102717838
0.6564885496183206	1.5927358152631004	1.152202138741305	5	3.401426503622726	0.6066625413421529
0.4732824427480916	1.5319864341981055	1.0287508557027798	4	3.034019732648977	0.5392805576300721
0.5610687022900763	1.7427663628512555	1.1961305604013264	4	3.499965625542658	0.6108922792417937
0.37404580152671757	1.711777370627314	1.0267228674960964	3	3.1125460396501277	0.5224595469255664
0.8129770992366412	1.5974139334953072	1.1781228281606893	6	3.588513860892638	0.6242181256368025
0.7977099236641222	1.5497500522897525	1.1977004240560294	5	3.5451604000099044	0.6862372285502141
0.7404580152671756	1.7183739952122727	1.2242147442679592	5	3.6830467547474077	0.631113032815445
0.7251908396946565	1.6890341591345708	1.3000351256843747	4	3.714260124513602	0.7103606382518702
0.6908396946564885	1.453651998134567	1.1518408037699577	5	3.2963324965610132	0.578152659855072
0.6755725190839694	1.3581316627874387	1.2028774084271414	4	3.2365815902985493	0.644160172051404
0.5916030534351145	1.5689115914405887	1.1897871600104264	4	3.3503018048861293	0.5752549273829426
0.5763358778625954	1.4799710087464248	1.3634936220675116	3	3.4198005086765315	0.6622990328206755
0.7709923664122137	1.6168965783051192	1.2043817429581636	5	3.5922706876754966	0.7034921305109985
0.5877862595419847	1.562187388000629	1.1163142188768345	4	3.266287866419448	0.660317544091129
0.6984732824427481	1.7729673166537792	1.3123594514026193	4	3.7838000504991465	0.7319292657028506
0.5114503816793893	1.7520453090306785	1.2603753617905966	3	3.523871052500664	0.6838421955403087
0.6183206106870229	1.442064820306647	1.2026670583291337	4	3.2630524893228037	0.6657287995023844
0.4351145038167939	1.3108419805678357	1.0879216094558293	3	2.833878093840459	0.5955749072730205
0.5190839694656488	1.5918818854387027	1.3654505103008707	3	3.476416365205222	0.6910572027553159
0.3320610687022901	1.4699561583965137	1.3970155025720015	2	3.1990327296708054	0.5984905660377358
0.8358778625954199	1.7314121794082915	1.172678082694419	7	3.7399681246981302	0.5722511369141401
0.8206106870229007	1.71402531938916	1.1683270151963372	6	3.7029630216083977	0.6152725578882061
0.7633587786259542	1.8545452718245936	1.1977617983689497	6	3.8156658488194974	0.5693357281092317
0.7480916030534351	1.858307658284896	1.21179939601732	5	3.818198657355651	0.6203783515171293
0.683206106870229	1.633943607593172	1.1421857234324806	6	3.4593354378958816	0.5252020839755878
0.6679389312977099	1.5935856612071904	1.1425145937562782	5	3.4040391862611785	0.5674179785567564
0.5877862595419847	1.7622096041297106	1.1522982992532378	5	3.502294162924933	0.5122937828219872
0.5725190839694656	1.743828670281368	1.1780407619807756	4	3.4943885162316093	0.561836575760048
0.7938931297709924	1.7699807577352988	1.1723720528801067	6	3.736245940386398	0.6296516428555263
0.6106870229007634	1.7568302413777428	1.0833152350093265	5	3.4508324992878325	0.5869137768760841
0.7213740458015268	1.9254541843002628	1.218580229071786	5	3.865408459173575	0.6376332534779137
0.5343511450381679	1.9478843954945584	1.1143792234810392	4	3.596614764013766	0.5862063236592077
0.6106870229007634	1.6607321872225573	1.1417746213209932	5	3.413193831444314	0.5846728805175407
0.42748091603053434	1.6169818991474263	1.0098353941358191	4	3.05429820931378	0.5200058574587415
0.5152671755725191	1.8277618278005763	1.1779962688033212	4	3.5210252721764164	0.5834052032110284
0.3282442748091603	1.825104657226408	0.9873817525672052	3	3.140730684602773	0.4967599466971254
0.8320610687022901	1.6540775767948546	1.1838426146901102	6	3.669981260187255	0.6585674241370443
0.816793893129771	1.6177464242492092	1.2053583443302969	5	3.6398986617092772	0.7274563867505044
0.7595419847328244	1.7863703671717297	1.2323413665235994	5	3.7782537184281533	0.6723321910157353
0.7442748091603053	1.7740296240838913	1.312043230244002	4	3.8303476634881983	0.7618845860022331
0.6793893129770993	1.5216483700940235	1.155637836461692	5	3.3566755195328146	0.6193718180553623
0.6641221374045801	1.4431271277367594	1.2076695303802583	4	3.3149187955215975	0.6956841198017668
0.583969465648855	1.6539070563899094	1.1953604519324985	4	3.4332369739712627	0.6267788751333054
0.5687022900763359	1.5932982953455193	1.371567674178775	3	3.5335682596006297	0.7309976298211591
0.7900763358778626	1.684892950264576	1.2115771143133316	5	3.6865464004557698	0.7447112887112887
0.6068702290076335	1.6471828529499497	1.1267702386023404	4	3.380823320559924	0.7118414918414918
0.7175572519083969	1.8579627816031	1.3235966410970805	4	3.8991166746085772	0.7834532134532134
0.5305343511450382	1.8653725956297729	1.2797772094466382	3	3.6756841562214495	0.7525407925407925
0.6068702290076335	1.5270602852559678	1.2066882654170847	4	3.3406187796806863	0.7172527472527472
0.42366412213740456	1.4241692671669302	1.0928914918988506	3	2.9407248812031854	0.6642735042735042
0.5114503816793893	1.7052091720377966	1.3719827326818026	3	3.588642286398988	0.7597557997557997
0.3244274809160305	1.639947088295155	1.4073945745161547	2	3.3717691437273403	0.7015384615384614
0.8358778625954199	1.6569989026494178	1.1627552150915021	6	3.6556319803363397	0.6632973220708258
0.8206106870229007	1.6212520152746852	1.1710964999511824	5	3.612959202248768	0.7331322642710421
0.7633587786259542	1.7898759581972055	1.2153478653893253	5	3.7685826022124846	0.678008068536273
0.7480916030534351	1.7784116128657363	1.279336153384874	4	3.8058393693040453	0.7689794329029052
0.683206106870229	1.5251539611194995	1.1321310935832458	5	3.340491161572974	0.6250476955759001
0.6679389312977099	1.4475091165186043	1.1641070506141769	4	3.279555098430491	0.702778966702439
0.5877862595419847	1.6582890451717542	1.1805785442411507	4	3.4266538489548894	0.6338737220339776
0.5725190839694656	1.5991409470546456	1.3332347088587373	3	3.5048947398828485	0.740457425688722
0.7938931297709924	1.6883985412900517	1.1772887829933496	5	3.6595804540543937	0.7503871662318263
0.5992366412213741	1.6515648417317945	1.0652384447670327	4	3.316039927720201	0.718936338742164
0.7213740458015268	1.862344770384945	1.2908454193365064	4	3.874564235522978	0.7905480603538856
0.5229007633587787	1.8712152473388997	1.205505615988148	3	3.5996216266858263	0.7620005884083554
0.6106870229007634	1.5314422740378126	1.1630816407495572	4	3.305210937688133	0.7243475941534193
0.41603053435114506	1.4300119188760567	0.996909092626454	3	2.842951545853656	0.673733300141067
0.5152671755725191	1.7110518237469234	1.333561477558873	3	3.559880476878315	0.7692155956233625
0.31679389312977096	1.648711065858845	1.2658233593353412	2	3.231328318323957	0.7157281553398058
0.6526717557251909	1.5493147241615184	1.0861655033991504	5	3.28815198328586	0.6056655243490686
0.6374045801526718	1.4777100703211277	1.0880950897866422	4	3.2032097402604416	0.6785512526688997
0.5801526717557252	1.688489998974278	1.133232111240854	4	3.4018747819708572	0.6096460080004383
0.5648854961832062	1.6394088854580104	1.2397365551500588	3	3.4440309367912754	0.7081538069773363
0.5	1.3575875026271458	1.0056384621353809	4	2.8632259647625267	0.5434455417999722
0.4847328244274809	1.1982055569951677	1.0314802907513163	3	2.7144186721739647	0.6198865187100482
0.40076335877862596	1.4792454618660342	1.0071927694532121	3	2.887201590097872	0.5280128591520996
0.38549618320610685	1.3010015230375114	1.3350899010780042	2	3.0215876073216226	0.6349579831932772
0.6106870229007634	1.561643227840336	1.0986675839525555	4	3.270997834693655	0.7001198801198801
0.41603053435114506	1.4702798572794213	0.8692756913243646	3	2.755586082954931	0.6414296814296814
0.5381679389312977	1.7513197621502883	1.26325913191126	3	3.552746832992846	0.736911976911977
0.33969465648854963	1.709112973463892	1.0585004592682448	2	3.107308089220686	0.6672727272727272
0.42748091603053434	1.3101164336874456	1.0299335158800136	3	2.7675308655979936	0.6486446886446886
0.23282442748091603	1.0473079807696277	0.49931671261111726	2	1.779449120861661	0.5348717948717949
0.3282442748091603	1.4688678380759281	1.33758234175222	2	3.1346944546373083	0.6780952380952381
0.1297709923664122	1.1020023366287754	1.0	1	2.2317733289951875	0.48
0.8206106870229007	1.8365418427705025	1.1366545097639338	7	3.793807039557337	0.5184580334658642
0.8053435114503816	1.8366765933117393	1.1162825901052464	6	3.7583026948673672	0.5525139371985508
0.6755725190839694	1.977196545747173	1.08945440289472	6	3.7422234677258626	0.5065771074195766
0.6564885496183206	2.0054891869919915	1.0469211683233586	5	3.7088989049336707	0.545068006689543
0.6870229007633588	1.7565948815157515	1.073945410378915	6	3.5175631926580255	0.46785580565843554
0.6717557251908397	1.7407671899142858	1.0377369896933124	5	3.450259904798438	0.49860244457617386
0.5152671755725191	1.9093911328368058	0.9631262396155634	5	3.387784548024888	0.44347824884140474
0.4961832061068702	1.927805581165237	0.8587254384469567	4	3.282714225719064	0.4758171582843198
0.7786259541984732	1.8926320316578782	1.120386680012459	6	3.7916446658688105	0.5668930221658712
0.6068702290076335	1.904011770084838	1.002920041225238	5	3.5138020403177093	0.5116034320484979
0.6335877862595419	2.072635713007358	1.0537905797129894	5	3.7600140789798893	0.5623229086503274
0.45038167938931295	2.1318613063784277	0.8357012504120158	4	3.4179442361797565	0.4920683926247249
0.6145038167938931	1.8079137159296526	1.037085595593192	5	3.4595031283167375	0.5158573465369581
0.44274809160305345	1.8009588100312954	0.831325127118455	4	3.075032028752804	0.43398643998301334
0.44274809160305345	2.0117387386844454	0.8588285758281101	4	3.313315406115609	0.49738578573530023
0.2595419847328244	2.0704072050715667	0.3409892516747259	3	2.670938441479117	0.3820673900628212
0.816793893129771	1.776728850717434	1.1899758538377236	6	3.7834985976849285	0.5958088034473892
0.8015267175572519	1.7649279529563047	1.2121410685691	5	3.7785957390826566	0.6521460419229181
0.6717557251908397	1.933551895878825	1.1547296351876946	5	3.7600372562573594	0.597021846188149
0.6526717557251909	1.9580065349677604	1.178661787213132	4	3.7893400779060835	0.6677466549677503
0.683206106870229	1.668829898801119	1.1381267287567827	5	3.4901627344281305	0.5505562840747797
0.6679389312977099	1.6271040386206286	1.1744557934010473	4	3.469498763319386	0.6096647023260386
0.5076335877862596	1.8378839672737786	1.0214892889954408	4	3.367006844055479	0.5407594576575773
0.48854961832061067	1.838600843190678	1.0157682333626024	3	3.342918694873891	0.6163050731868549
0.7748091603053435	1.8320744789716712	1.2184484168872993	5	3.825332056164314	0.6694009438837025
0.6030534351145038	1.8311597638338188	1.1341938520879251	4	3.568407051036248	0.6177035608070091
0.6297709923664122	2.0419396924869693	1.1903628286248182	4	3.8620735134782	0.6893152824187306
0.44656488549618323	2.1106751434749316	1.0052524695600564	3	3.562492498531171	0.6270235511614821
0.6106870229007634	1.711037196139837	1.1736221589964815	4	3.495346378037082	0.6312333297770191
0.4389312977099237	1.6694718150120889	1.0187021641155867	3	3.1271052768375993	0.5495809476392
0.4351145038167939	1.9505117198829556	1.0164785529828453	3	3.402104776682595	0.6450632431214955
0.25190839694656486	2.0079009100628933	0.31671069059311124	2	2.5765199976025692	0.5294996265870051
0.8206106870229007	1.7796501765719972	1.1850344719170254	6	3.785295335511923	0.6005387013811707
0.8053435114503816	1.7684335439817804	1.2020982507068503	5	3.7758753061390125	0.6578219194434559
0.6755725190839694	1.9370574869043007	1.1619551605702847	5	3.7745851665585546	0.6026977237086868
0.6564885496183206	1.9623885237496055	1.1863197545487785	4	3.8051968279167045	0.6748415018684224
0.6870229007633588	1.672335489826595	1.138839012395201	5	3.498197402985155	0.5562321615953175
0.6717557251908397	1.6314860274024734	1.1712583578297404	4	3.4745001104230533	0.6167595492267108
0.5152671755725191	1.8422659560556234	1.0470724254988673	4	3.4046055571270095	0.5478543045582495
0.4961832061068702	1.8444434948998045	1.058165356432114	3	3.398792057438789	0.6257648690544177
0.7786259541984732	1.8355800699971472	1.2083791120841822	5	3.8225851362798027	0.6750768214042402
0.5954198473282443	1.8355417526156637	1.1130271024473921	4	3.5439887023913	0.6247984077076812
0.6335877862595419	2.046321681268814	1.1979766510590188	4	3.8778861185873748	0.6964101293194028
0.4389312977099237	2.1165177951840586	1.011710964491116	3	3.567160057385098	0.636483347029045
0.6145038167938931	1.7154191849216818	1.1703805785237287	4	3.5003035802393034	0.6383281766776912
0.4312977099236641	1.6753144667212156	1.0034498532327396	3	3.1100620298776196	0.5590407435067628
0.44274809160305345	1.9563543715920824	1.0587873862494652	3	3.4578898494446006	0.6545230389890584
0.2480916030534351	2.0166648876265834	0.4173297405809465	2	2.682086231260965	0.5436893203883495
0.7824427480916031	1.6964962528686136	1.204433750512875	5	3.683372751473092	0.653061750764163
0.767175572519084	1.6616869812049968	1.2811802775051546	4	3.7100428312292353	0.7377965356877676
0.6374045801526718	1.8724669098581472	1.1856598730015198	4	3.6955313630123388	0.6688912910193062
0.6183206106870229	1.8847114333031694	1.3365349637293331	3	3.839567007719525	0.7871475176691602
0.648854961832061	1.541564413511015	1.1582339299477054	4	3.3486533052907816	0.6026908248188401
0.6335877862595419	1.4435081048403264	1.3286141114339085	3	3.4057100025337768	0.698880229401872
0.46946564885496184	1.7245480097111932	1.0230117382201105	3	3.2170253967862656	0.6070065698439235
0.45038167938931295	1.6689553448052497	1.3583754625525288	2	3.4777124867470914	0.7534485492310131
0.7404580152671756	1.7456201387242052	1.2919004022296756	4	3.777978556221056	0.759365163138748
0.5572519083969466	1.7155824051245803	1.247684212936548	3	3.520518526458075	0.7204233921215053
0.5954198473282443	1.9966223099954472	1.36035280160775	3	3.9523949589314418	0.8159056876038008
0.40076335877862596	2.07706679523163	1.3256101235315434	2	3.8034402775417995	0.7857632933104631
0.5763358778625954	1.5554189815326043	1.3273625976798211	3	3.459117457075021	0.7276383993365125
0.3931297709923664	1.415261802537366	1.3674326131843693	2	3.1758241867141015	0.6533623609095307
0.3969465648854962	1.8368216598436664	1.3617536865783908	2	3.5955219113075536	0.7965858041329739
0.20229007633587787	1.837909980164252	1.0	1	3.04020005650013	0.7169811320754716
0.8053435114503816	1.8363138198715443	1.1815021592014479	6	3.8231594905233734	0.58762632639983
0.7900763358778626	1.836429915941237	1.1958780221136196	5	3.8223842739327196	0.6423270694658473
0.6603053435114504	2.005053858863757	1.1562036339584274	5	3.8215628363336354	0.5872028737310782
0.6412213740458015	2.0473839886989262	1.1751976109959088	4	3.8638029737406363	0.6554729393964116
0.6412213740458015	1.7403318617860513	1.1287578962194373	5	3.5103111320512905	0.5342425007707052
0.6259541984732825	1.7164814923517941	1.1529202316703606	4	3.4953559224954374	0.5892724731959454
0.46946564885496184	1.9272614210049441	1.0295154693084427	4	3.426242539168349	0.5203672285274841
0.45038167938931295	1.9577707814988987	1.0199789123183844	3	3.428131373206596	0.5891154343467306
0.7633587786259542	1.9035764419566035	1.2016963345718519	5	3.8686315551544093	0.6595819714266316
0.5801526717557252	1.9205372175649844	1.1003528740604012	4	3.601042763381111	0.6136422210951051
0.6183206106870229	2.1313171462181346	1.1860835926409832	4	3.9357213495461405	0.677041566847392
0.42366412213740456	2.2298450817831528	0.9848523159221644	3	3.638361519842722	0.6216084315456103
0.5687022900763359	1.8004146498710025	1.151271537499183	4	3.520388477446522	0.6108411006469259
0.38549618320610685	1.78864175332031	0.9621592394507678	3	3.1362971759771847	0.5333411432783219
0.3969465648854962	2.0696816581911768	1.0190591124054038	3	3.4856873354820763	0.6178736042813713
0.20229007633587787	2.1866558175252244	0.28892732385011977	2	2.677873217711222	0.5051399200456881
0.8015267175572519	1.7644926248280703	1.2119755231125913	5	3.7779948654979134	0.6942809089644533
0.7862595419847328	1.7466824461543176	1.292213632638241	4	3.8251556207772914	0.7893204834381304
0.6564885496183206	1.957462374807468	1.1974743981035616	4	3.8114253225293497	0.7204152387696692
0.6374045801526718	1.9980387199022633	1.3570914822005362	3	3.992534782255471	0.8558461146696441
0.6374045801526718	1.6265598784603357	1.162832472443237	4	3.426796931056245	0.6542147725692029
0.6221374045801527	1.5568353914394208	1.3347386646920913	3	3.513711460711665	0.7675788264023558
0.4618320610687023	1.8378752963102876	1.030698631416204	3	3.330405988795194	0.6757051668444073
0.44274809160305345	1.838946274703891	1.3722185469421668	2	3.653912913249111	0.8564964447317388
0.7595419847328244	1.830615603673526	1.3021628424975962	4	3.8923204309039465	0.8108891108891109
0.5763358778625954	1.8289096917236745	1.2651365617395085	3	3.6703821313257787	0.7891219891219892
0.6145038167938931	2.1099495965945416	1.3793674903486215	3	4.103820903737056	0.8846042846042845
0.4198473282442748	2.2470577251302717	1.3734365945555147	2	4.040341647930061	0.8888111888111888
0.5648854961832062	1.6687462681316987	1.3319453212076722	3	3.565577085522577	0.7963369963369963
0.3816793893129771	1.5852527324360075	1.3719631885692796	2	3.3388953103182644	0.7564102564102564
0.3893129770992366	2.0068125897423075	1.3709712817770334	2	3.7670968486185776	0.8996336996336995
0.1946564885496183	2.177891839961535	1.0	1	3.372548328511153	0.923076923076923
0.8053435114503816	1.7679982158535463	1.1945015452327605	5	3.7678432725366884	0.6999567864849909
0.7900763358778626	1.7510644349361626	1.2587057612031858	4	3.7998465320172112	0.7964153303388026
0.6603053435114504	1.961844363589313	1.1927470987432398	4	3.814896805844003	0.7275100856703413
0.6412213740458015	2.00388137161139	1.3388677335425507	3	3.9839704791997423	0.865305910537207
0.6412213740458015	1.6309418672421807	1.147249770175962	4	3.4194130114639445	0.6613096194698751
0.6259541984732825	1.5626780431485472	1.2948041102201993	3	3.483436351842029	0.7770386222699186
0.46946564885496184	1.843717948019414	1.0483252210937792	3	3.361508817968155	0.6851649627119701
0.45038167938931295	1.8477102522675808	1.398790866162867	2	3.696882797819761	0.8706861385330831
0.7633587786259542	1.834997592455371	1.2686108261610949	4	3.86696719724242	0.817983957789783
0.5687022900763359	1.834752343432801	1.1892633791291642	3	3.5927180126383007	0.798581784989552
0.6183206106870229	2.115792248303668	1.3610554518877438	3	4.095168310878435	0.8940640804718474
0.4122137404580153	2.2558217026939618	1.2921930293608581	2	3.960228472512835	0.9030008826125331
0.5687022900763359	1.674588919840825	1.2919224769328885	3	3.5352136868500494	0.8057967922045591
0.37404580152671757	1.5940167099996974	1.2255872059329036	2	3.1936497174593184	0.7705999502116007
0.3969465648854962	2.0155765673059975	1.3972787315890582	2	3.8098018637805517	0.9138233934350438
0.19083969465648856	2.1954197950889145	1.0	1	3.3862594897454033	0.9514563106796116
0.6221374045801527	1.6611428210447041	1.1051942698803197	4	3.388474495505177	0.6370819054363358
0.6068702290076335	1.6029459815519118	1.2118878219208284	3	3.421704032480374	0.744735003558533
0.4770992366412214	1.883985886422779	1.0227399884488853	3	3.383825111512886	0.6528613440005844
0.4580152671755725	1.9081121598726278	1.3256193051039271	2	3.6917467321521276	0.8222307104660046
0.4580152671755725	1.442782557959936	0.9539472724569812	3	2.85474509759249	0.5645940557332962
0.44274809160305345	1.2463071671783637	1.2600342585648272	2	2.9490895173462444	0.6898297780650722
0.2786259541984733	1.6678670244846638	0.34890606552941245	2	2.2953990442125494	0.5520192887281494
0.2595419847328244	1.500000709446247	1.0	1	2.7595426941790713	0.7899159663865546
0.5801526717557252	1.7148568582441897	1.2322019966945836	3	3.5272115266944986	0.7734931734931735
0.38549618320610685	1.6544186176047444	1.0500099020937312	2	3.0899247029045824	0.7221445221445222
0.4351145038167939	2.075978474911045	1.393694594713316	2	3.904787573441155	0.8653679653679653
0.22900763358778625	2.3162236102990086	1.0	1	3.545231243886795	0.8545454545454546
0.38549618320610685	1.4141734822167804	1.2529014932767037	2	3.0525711586995907	0.7329670329670329
0.19083969465648856	0.9926136249104802	1.0	1	2.1834533195669685	0.5897435897435898
0.20610687022900764	1.8357333395230806	1.0	1	3.0418402097520882	0.8761904761904761
best score
3	4.103820903737056	0.8846042846042845
0.9514563106796116
1