coverage		internal		external		size		score		f1
0.8363636363636363	4.125388293353531	1.2194224034687704	3	6.181174333185937	0.38111888111888115
0.39090909090909093	3.628030392876986	0.9643099715076905	2	4.983249455293767	0.44130434782608696
0.6454545454545455	3.9599834574982884	1.3294130603851486	2	5.934851063337982	0.4586646230481848
0.2	2.7998628206899556	1.0	1	3.999862820689956	0.3826086956521739
0.7181818181818181	4.788151029685318	1.3645441785134726	2	6.870877026380609	0.5716783216783217
0.2636363636363636	4.456197965064016	1.0	1	5.7198343287003794	0.5
0.45454545454545453	5.120104094306622	1.0	1	6.574649548852076	0.6433566433566434
best score
2	6.870877026380609	0.5716783216783217
0.6433566433566434
1