coverage		internal		external		size		score		f1
0.9428571428571428	1.8638496306259793	1.2478215097930654	9	4.054528283276188	0.48943250744498334
0.9428571428571428	1.7027809748192568	1.253504895381414	8	3.899143013057814	0.5247123004523953
0.9314285714285714	1.7426352792112028	1.2591892079635436	8	3.9332530586033174	0.5316242291034544
0.5885714285714285	1.541240479515695	1.2195574903606035	7	3.3493693984477275	0.4713068112830687
0.7828571428571428	1.904701327064992	1.2427666897698066	8	3.9303251596919413	0.4917880414638416
0.7828571428571428	1.7264588199200255	1.2550998792835895	7	3.7644158420607576	0.5324443097607207
0.7428571428571429	1.7720065963679636	1.2590582897687457	7	3.7739220289938524	0.5403436567905024
0.4	1.5419412162493316	1.2117800662005793	6	3.153721282449911	0.4714265739478939
0.92	1.9242651093530891	1.2415811408781123	8	4.085846250231201	0.4730253639790546
0.92	1.7488174282492792	1.250589830192889	7	3.9194072584421686	0.5110012497781069
0.9085714285714286	1.7943652046972176	1.2578443641956485	7	3.960780997464295	0.5189005968078888
0.5485714285714286	1.5680262593001277	1.2059795262690922	6	3.322577214140648	0.4464096706348446
0.7428571428571429	1.9795835451015475	1.2366839911201222	7	3.959124679078813	0.47337352521975984
0.7428571428571429	1.7841143231051797	1.2567697157505107	6	3.7837411817128332	0.5177367521921052
0.7028571428571428	1.8372533956277743	1.2618571212136185	6	3.801967659698536	0.5269526570601839
0.34285714285714286	1.5742242993373776	1.1985885497403581	5	3.1156699919348787	0.44157395770299
0.9085714285714286	1.995239196243116	1.2159704337674027	8	4.119781058581947	0.4970401423041777
0.9085714285714286	1.82993067040931	1.2196251480446048	7	3.9581272470253435	0.5384467107211048
0.8971428571428571	1.875478446857248	1.2270960153723982	7	3.999717319372503	0.5463460577508866
0.5542857142857143	1.6626583751534971	1.1673879361822677	6	3.384332025621479	0.47842937506834204
0.7485714285714286	2.0606967872615787	1.2056112249810722	7	4.014879440814079	0.5008189861627577
0.7485714285714286	1.8787464389585489	1.2177239414215668	6	3.845041808951544	0.5497564566256026
0.7085714285714285	1.9318855114811433	1.223114213539722	6	3.863571153592294	0.5589723614936815
0.3657142857142857	1.6877828383614208	1.1471583356281023	5	3.200655459703809	0.47999760302318695
0.8857142857142857	2.0830553955908324	1.201701722000875	7	4.170471403305993	0.479375926180144
0.8857142857142857	1.904831482009345	1.208149593120139	6	3.9986953608437696	0.5247395533125534
0.8742857142857143	1.9579705545319397	1.2181544381629388	6	4.050410706980593	0.5339554581806321
0.5142857142857142	1.7190848900223763	1.1335671063692006	5	3.3669377106772913	0.4499773190475278
0.7085714285714285	2.174058618336992	1.1891065766043207	6	4.0717366235127415	0.48084054132781506
0.7085714285714285	1.9783905665884387	1.2106173817120074	5	3.8975793768718745	0.5355698169162404
0.6685714285714286	2.0421574536155522	1.218021236065073	5	3.928750118252054	0.546628902757935
0.30857142857142855	1.7645970977495011	1.1044390475283683	4	3.177607573849298	0.44482458998588026
0.92	1.9431415436962707	1.244353078206902	8	4.107494621903173	0.47803092571431605
0.92	1.7703904960700587	1.2575039832823804	7	3.9478944793524393	0.5167218917612628
0.9085714285714286	1.8159382725179964	1.2650510108358535	7	3.9895607119252787	0.5246212387910446
0.5657142857142857	1.5931948384243702	1.2205743628769266	6	3.379483487015582	0.45308375294852643
0.7428571428571429	2.001156612922327	1.2403799750066054	7	3.984393730786075	0.47909416720291575
0.7428571428571429	1.8092829022294221	1.2664496245031343	6	3.8185896695896995	0.524410834505787
0.7028571428571428	1.8624219747520163	1.2719465209372411	6	3.8372256385464003	0.5336267393738658
0.36	1.6044265942864686	1.2204809462931134	5	3.184907540579582	0.4495828564794081
0.84	2.023515221251581	1.2060106101551784	7	4.069525831406759	0.4576511072203021
0.84	1.8353679452802183	1.2142314695819847	6	3.889599414862203	0.4993939311927377
0.8285714285714286	1.8885070178028125	1.2243429389407363	6	3.9414213853149773	0.5086098360608164
0.4685714285714286	1.6357286459474243	1.1429240071046292	5	3.247224081623482	0.41956257250374895
0.6457142857142857	2.1045950816078647	1.190834333769027	6	3.9411437010911774	0.45549491920799945
0.6457142857142857	1.8950343225134865	1.2132831670277988	5	3.7540317752555707	0.5051550703724617
0.6057142857142858	1.9588012095405998	1.2208469578547922	5	3.785362453109678	0.5162141562141562
0.24571428571428572	1.6604017926558106	1.1092721664591199	4	3.015388244829216	0.4068061568061567
0.8742857142857143	2.1046284634116117	1.1957292595570055	7	4.174643437254331	0.48509656816329993
0.8742857142857143	1.9300000611335877	1.2042936770102692	6	4.008579452429571	0.5314136356262351
0.8628571428571429	1.9831391336561817	1.2147080130240684	6	4.060704289537393	0.540629540494314
0.52	1.749287184971467	1.135155765628216	5	3.404442950599683	0.457986217823946
0.6971428571428572	2.199227197461234	1.1807452236102391	6	4.077115278214331	0.487514623641497
0.6971428571428572	2.00859286153753	1.2048336491882061	5	3.910569367868593	0.5435787156926587
0.6571428571428571	2.072359748564643	1.2128517399977707	5	3.9423543457052705	0.5546378015343533
0.3142857142857143	1.8023499664358646	1.1070870490283997	4	3.223722729749979	0.45483571345640306
0.7942857142857143	2.22531224051203	1.1293678332437944	6	4.148965788041538	0.4624977203284476
0.7942857142857143	2.039894913198485	1.1216159974448112	5	3.955796624929011	0.5135584317169994
0.7828571428571428	2.103661800225598	1.1365559476413434	5	4.023074890724084	0.524617517558694
0.4228571428571429	1.841477531012059	0.9696747847781416	4	3.2340094586473436	0.41731035848682907
0.6	2.3629674767916606	1.0871580310044577	5	4.0501255077961185	0.4608796173353136
0.6	2.1656096267196374	1.0883817031845546	4	3.853991329904192	0.5243009808227199
0.56	2.245318235503529	1.1006092648268853	4	3.905927500330414	0.5381248381248381
0.2	1.9429580216447861	0.8130707514960936	3	2.9560287731408796	0.39955106621773284
0.9371428571428572	1.868232532052496	1.2671750969418907	8	4.072550486137244	0.5219920422560778
0.9371428571428572	1.6847801970486018	1.2871480623647673	7	3.9090711165562264	0.5669631678089905
0.9257142857142857	1.7303279734965396	1.2936118297674069	7	3.9496540889782326	0.5748625148387723
0.5771428571428572	1.4933161562326704	1.2594601184577965	6	3.329919131833324	0.5116985750042087
0.7771428571428571	1.9155463139008702	1.2627681721216608	7	3.955457343165388	0.5293354432506434
0.7771428571428571	1.7094042200377226	1.2966937095409075	6	3.7832407867214872	0.5830256565614693
0.7371428571428571	1.7625432925603166	1.3006740417638472	6	3.8003601914670213	0.592241561429548
0.38857142857142857	1.4845721756564292	1.2619231411480663	5	3.135066745375924	0.5199206429462269
0.9142857142857143	1.9379049222301241	1.2727921622981124	7	4.124982798813951	0.5078923832680298
0.9142857142857143	1.735489263088519	1.3066262516587883	6	3.9564012290330215	0.5580087532484199
0.9028571428571428	1.788628335611113	1.3152211568063725	6	4.006706635274629	0.5672246581164988
0.5371428571428571	1.5158742273173846	1.2775922475181274	5	3.330609331978369	0.4899003589705677
0.7371428571428571	2.004716399416165	1.2730708810915665	6	4.014930137650589	0.5141097412636817
0.7371428571428571	1.7751799038834473	1.3349889016266516	5	3.847311662652956	0.5754928568392803
0.6971428571428572	1.8389467909105606	1.3402778461368943	5	3.876367494190312	0.5865519426809749
0.3314285714285714	1.5105837693682613	1.3055751696210292	4	3.147587510417862	0.49472838988968015
0.9028571428571428	2.019018164390155	1.2389497555180662	7	4.160825062765364	0.5353378442110275
0.9028571428571428	1.830121378941888	1.2637029804324498	6	3.9966815022314806	0.5900284576819175
0.8914285714285715	1.883260451464482	1.2726007522350817	6	4.047289775128135	0.5992443625499964
0.5428571428571428	1.6294327663414279	1.22034578805978	5	3.392635697258351	0.5283240042907648
0.7428571428571429	2.099348515269534	1.2299962922781558	6	4.072201950404833	0.5461294456971792
0.7428571428571429	1.8887384429074903	1.2770611658051247	5	3.908656751569758	0.6139165021594775
0.7028571428571428	1.9525053299346031	1.2828044102979386	5	3.9381668830896848	0.624975588001172
0.35428571428571426	1.6525319431483152	1.220926355553752	4	3.227744012987781	0.5427579465399265
0.88	2.1254335583203305	1.2407695989507412	6	4.246203157271072	0.5211125423841299
0.88	1.9200404945684457	1.2870695596202755	5	4.087110054188721	0.5838962181838182
0.8685714285714285	1.9838073815955586	1.2997346635000564	5	4.152113473667043	0.5949553040255128
0.5028571428571429	1.6916595077245096	1.2388908339010696	4	3.4334074844827223	0.5052325915703525
0.7028571428571428	2.2431130581616214	1.2373742410485256	5	4.183344442067289	0.5312174038021322
0.7028571428571428	2.015791603432088	1.3359935759497406	4	4.054642322238971	0.6122232139062433
0.6628571428571428	2.0955002122159794	1.3444297270641528	4	4.102787082137275	0.6260470712083616
0.29714285714285715	1.7432006572613872	1.2952147213541079	3	3.335558235758352	0.5167807103290973
0.9142857142857143	1.9594779900509034	1.2768098422148388	7	4.150573546551456	0.5136130252511856
0.9142857142857143	1.760657842212761	1.3167565348537524	6	3.991700091352228	0.5646828355621019
0.9028571428571428	1.8137969147353552	1.325760930972336	6	4.042414988564834	0.5738987404301805
0.5542857142857143	1.5460765222664754	1.3001602057343933	5	3.400522442286583	0.4979092577469859
0.7371428571428571	2.029884978540408	1.2786957274023187	6	4.045723563085584	0.5207838235773636
0.7371428571428571	1.8053821988325378	1.350184468060101	5	3.892709524035496	0.5835017556156986
0.6971428571428572	1.869149085859651	1.3560876490268423	5	3.9223795920293503	0.5945608414573932
0.3485714285714286	1.5483366380546248	1.343188669383145	4	3.2400967360091983	0.504739513360203
0.8342857142857143	2.0559700215912042	1.2468252274551823	6	4.1370809633321	0.49576692026431424
0.8342857142857143	1.8366842504934933	1.296227151945669	5	3.9671971167248765	0.5534814716400394
0.8228571428571428	1.9004511375206063	1.3090521922993779	5	4.032360472677127	0.5645405574817339
0.45714285714285713	1.5874642026308192	1.2545436311811582	4	3.2991506909548347	0.46721415839062896
0.64	2.159756814086669	1.2400006544282096	5	4.039757468514878	0.5008026572583535
0.64	1.9115962983383974	1.3404945141971008	4	3.892090812535498	0.5742047807265198
0.6	1.9913049071222888	1.3491972261013923	4	3.9405021332236814	0.588028638028638
0.2342857142857143	1.6042735838031332	1.3049968846576931	3	3.143556182746541	0.466089466089466
0.8685714285714285	2.150602137444573	1.232858620399	6	4.2520321864150015	0.5277866246978118
0.8685714285714285	1.9502427895175363	1.2819613887599848	5	4.100775606848949	0.5919051169602365
0.8571428571428571	2.01400967654465	1.2952407290962646	5	4.166393262783772	0.6029642028019311
0.5085714285714286	1.729412376410873	1.2426647715069519	4	3.480648576489253	0.5152437150408753
0.6914285714285714	2.2733153531107124	1.225507914861917	5	4.190251839401201	0.5392263025785505
0.6914285714285714	2.0535444721184515	1.3274801939175953	4	4.072453237464618	0.6222343373767661
0.6514285714285715	2.133253080902343	1.3369400724595055	4	4.12162172479042	0.6360581946788844
0.3028571428571429	1.7935378155098718	1.302763068702551	3	3.399158027069566	0.5301288749564612
0.7885714285714286	2.304617404771668	1.172811745579542	5	4.266000578922639	0.5092060186028913
0.7885714285714286	2.092672036694646	1.229400634790758	4	4.110644100056833	0.5847089824071922
0.7771428571428571	2.1723806454785373	1.2503969456442803	4	4.199920448265675	0.5985328397093104
0.4114285714285714	1.8457079016114644	1.1091715944263425	3	3.3663080674663783	0.48009506833036253
0.5942857142857143	2.496512741186115	1.1367527010601304	4	4.22755115653196	0.5188604644300847
0.5942857142857143	2.277884029221568	1.2839566641938218	3	4.156126407701104	0.6227492314448837
0.5542857142857143	2.384162174266757	1.3006045751970872	3	4.239052463749559	0.6411810411810412
0.18857142857142858	2.0000438228602575	1.1100142682761607	2	3.2986295197078466	0.48484848484848486
0.9371428571428572	1.7736542521952665	1.2494641694362367	8	3.9602612787743605	0.5218158618473392
0.9371428571428572	1.576690734354625	1.2650414199831006	7	3.778875011480583	0.5667618187704321
0.9257142857142857	1.622238510802563	1.271780451712659	7	3.8197332482295074	0.5746611658002139
0.5828571428571429	1.367211783089698	1.2310072878573701	6	3.181076213804211	0.5114636677925573
0.7714285714285715	1.8074568512068936	1.2396263876310978	7	3.8185118102665627	0.5291340942120851
0.7714285714285715	1.58329984689475	1.2664063099303402	6	3.6211347282536615	0.5827907493498179
0.7314285714285714	1.636438919417344	1.2707720122109663	6	3.638639503056882	0.5920066542178966
0.38857142857142857	1.3332469278848618	1.2202367448330762	5	2.9420551012893665	0.5196387542922452
0.9142857142857143	1.8298154595361475	1.2493497252127805	7	3.9934508990346425	0.5076910342294714
0.9142857142857143	1.609384889945546	1.2759179384155437	6	3.799588542646804	0.5577738460367685
0.9028571428571428	1.6625239624681403	1.2848982136208147	6	3.8502793189460975	0.5669897509048474
0.5428571428571428	1.3645489795458174	1.2352744807541218	5	3.142680603157082	0.489618470316586
0.7314285714285714	1.8786120262731922	1.2409133688958678	6	3.850953966597632	0.5138748340520303
0.7314285714285714	1.6238546561118798	1.289919281347435	5	3.6452025088878863	0.5752109681852986
0.6914285714285714	1.687621543138993	1.2957862809442073	5	3.6748363955117718	0.5862700540269932
0.3314285714285714	1.3214272096538022	1.2367003076571033	4	2.889556088739477	0.494376029072203
0.9028571428571428	1.9109287016961782	1.2153605950735402	7	4.029146439626861	0.5351364951724693
0.9028571428571428	1.7040170057989152	1.2327892544863337	6	3.8396634031423917	0.589793550470266
0.8914285714285715	1.7571560783215094	1.2420723963466522	6	3.890657046096733	0.5990094553383449
0.5485714285714286	1.4781075185698604	1.1777199022414666	5	3.2043988493827555	0.528042115636783
0.7371428571428571	1.9732441421265616	1.1976333673795854	6	3.908020366649004	0.5458945384855278
0.7371428571428571	1.7374131951359228	1.2316834264716001	5	3.7062394787503803	0.6136346135054958
0.6971428571428572	1.801180082163036	1.238004726050944	5	3.736327665356837	0.6246936993471903
0.35428571428571426	1.463375383433856	1.1515379618326465	4	2.969199059552217	0.5424055857224495
0.88	1.999329185177358	1.2079857604194937	6	4.087314945596852	0.5208776351724784
0.88	1.7687152467968783	1.2410604498377353	5	3.8897756966346133	0.5836143295298365
0.8685714285714285	1.8324821338239914	1.2543036088040465	5	3.9553571711994664	0.5946734153715311
0.5085714285714286	1.5025029480100505	1.1684501560982716	4	3.1795245326797508	0.5048802307528754
0.6971428571428572	2.0917878103900542	1.189191332837304	5	3.9781220003702153	0.5309355151481506
0.6971428571428572	1.8266350437176286	1.2609664756215901	4	3.7847443764820756	0.6118708530887663
0.6571428571428571	1.90634365250152	1.2703660518802191	4	3.833852561524596	0.6256947103908844
0.29714285714285715	1.4909919109754417	1.157642864367344	3	2.945777632485643	0.5163108959057947
0.9142857142857143	1.8513885273569266	1.2532086703757226	7	4.018882912018364	0.5134116762126273
0.9142857142857143	1.6345534690697885	1.285825992955211	6	3.834665176310714	0.5644479283504504
0.9028571428571428	1.6876925415923827	1.295215759131481	6	3.8857654435810067	0.5736638332185291
0.56	1.3947512744949082	1.2575090959874422	5	3.2122603704823502	0.4976273690930042
0.7314285714285714	1.9037806053974349	1.246315986551323	6	3.8815251633773293	0.5205489163657122
0.7314285714285714	1.6540569510609706	1.3047815047979385	5	3.6902670272874802	0.583219866961717
0.6914285714285714	1.717823838088084	1.3112627408512099	5	3.720515150367865	0.5942789528034115
0.3485714285714286	1.3591800783401657	1.273758235780976	4	2.9815097426925705	0.5043871525427259
0.8342857142857143	1.9298656484482313	1.2140245729715096	6	3.978175935705455	0.4955320130526628
0.8342857142857143	1.6853590027219263	1.250192818234491	5	3.7698375352421314	0.5531995829860576
0.8228571428571428	1.7491258897490394	1.2635959136747297	5	3.835578946280912	0.5642586688277522
0.46285714285714286	1.3983076429163601	1.1840609134972966	4	3.0452256992708	0.4668617975731518
0.6342857142857142	2.008431566315102	1.1917925222883503	5	3.8345098028891664	0.5005207686043718
0.6342857142857142	1.7224397386239383	1.2654253739878871	4	3.6221508268975393	0.5738524199090428
0.5942857142857143	1.8021483474078297	1.2750915110363954	4	3.671525572729939	0.5876762772111609
0.2342857142857143	1.3520648375171878	1.1673409479088022	3	2.753691499711704	0.46561965166616326
0.8685714285714285	2.0244977643016004	1.1998525532124555	6	4.0929217460854845	0.5275517174861604
0.8685714285714285	1.798917541745969	1.2356189359944991	5	3.903107906311897	0.5916232283062548
0.8571428571428571	1.8626844287730822	1.2494763314173087	5	3.969303617333248	0.6026823141479494
0.5142857142857142	1.540255816696414	1.171668522065911	4	3.226210053048039	0.5148913542233982
0.6857142857142857	2.121990105339145	1.1769916636677498	5	3.9846960547211805	0.5389444139245688
0.6857142857142857	1.8643879124039922	1.2518975219512025	4	3.801999720069481	0.621881976559289
0.6457142857142857	1.9440965211878836	1.2623208256373288	4	3.852131632539498	0.6357058338614072
0.3028571428571429	1.5413290692239263	1.1640800684393013	3	3.0082662805203704	0.5296590605331584
0.7885714285714286	2.1532921570001005	1.1236641239363592	5	4.065527709507888	0.5089241299489096
0.7885714285714286	1.9035154769801865	1.152765678742672	4	3.844852584294287	0.584356621589715
0.7771428571428571	1.983224085764078	1.1747254147404111	4	3.9350923576473464	0.5981804788918332
0.41714285714285715	1.593499155325519	0.9683840259997075	3	2.9790260384680836	0.4796252539070597
0.5885714285714285	2.3073561814716563	1.056494747630909	4	3.952422357673994	0.5185081036126076
0.5885714285714285	2.025675282935623	1.1339962507164822	3	3.748242962223534	0.6222794170215808
0.5485714285714286	2.1319534279808114	1.152571012008181	3	3.833095868560421	0.6407112267577384
0.18857142857142858	1.6217307034313395	0.6975800588527522	2	2.50788219085552	0.4841437632135306
0.88	1.76577822833547	1.2464734777807895	7	3.8922517061162596	0.5223199097645217
0.88	1.5346747868780888	1.2752973323990002	6	3.6899721192770887	0.5748408674943273
0.8685714285714285	1.587813859400683	1.283170534364103	6	3.7395558223362144	0.5840567723624062
0.52	1.2748968558648686	1.2377921724514191	5	3.0326890283162875	0.5100988960656565
0.7085714285714285	1.8039019232057354	1.225629091240848	6	3.738102443018012	0.5309418555095891
0.7085714285714285	1.5342025324309312	1.2721020754472705	5	3.51487603644963	0.5956913939343692
0.6685714285714286	1.5979694194580443	1.2763084651837906	5	3.5428493132132637	0.6067504797760638
0.32	1.2093620550526165	1.2127526323603501	4	2.7421146874129665	0.5199765612585412
0.8571428571428571	1.8299869662565316	1.2554883747000651	6	3.9426181980994537	0.5059249521965397
0.8571428571428571	1.5655045840918866	1.3107394344423682	5	3.733386875677112	0.56567110995871
0.8457142857142858	1.6292714711189997	1.3218676835658558	5	3.7968534403991416	0.5767301958004045
0.48	1.2484896196288109	1.2784320526742465	4	3.0069216723030574	0.4824512062889672
0.6685714285714286	1.8885771476850621	1.2371017863648313	5	3.794250362621322	0.5129922955770241
0.6685714285714286	1.572621715336389	1.3381923368070947	4	3.5793854807149126	0.589441828624858
0.6285714285714286	1.6523303241202805	1.3440670633276843	4	3.6249688160193934	0.6032656859269763
0.26285714285714284	1.1523074731337886	1.29979509787486	3	2.7149597138657917	0.48640552995391706
0.8457142857142858	1.9246190821099007	1.2083308762863882	6	3.9786642441105746	0.5379446566300372
0.8457142857142858	1.6790631231159296	1.246687334220442	5	3.7714647430506574	0.604094755278907
0.8342857142857143	1.7428300101430427	1.2582698833265007	5	3.8353856077552577	0.6151538411206016
0.4857142857142857	1.3904377934088648	1.1835759646063038	4	3.0597280437294545	0.5304807629392134
0.6742857142857143	2.0021356867091056	1.1728227097622965	5	3.8492441107571165	0.551415940897221
0.6742857142857143	1.7145698891164427	1.2422007881338528	4	3.63105639153601	0.6374713852751044
0.6342857142857142	1.7942784979003341	1.248832681292061	4	3.677396893478109	0.6512952425772225
0.2857142857142857	1.3415717048405271	1.1316068251322449	3	2.758892815687058	0.550444938820912
0.8228571428571428	2.033437738370061	1.2127212155894513	5	4.0690160968166555	0.5213956569215619
0.8228571428571428	1.753697453692637	1.2984456875228985	4	3.8750002840726783	0.5999460303055303
0.8114285714285714	1.8334060624765285	1.3166140129927189	4	3.9614486468978187	0.6137698876076485
0.44571428571428573	1.3937417909421195	1.2466642678878026	3	3.0861203445442076	0.5004111321948133
0.6342857142857142	2.157538158184107	1.1767791695254748	4	3.968603041995296	0.5340975123284228
0.6342857142857142	1.8259179185522239	1.369068139889093	3	3.829271772727031	0.6430652953093345
0.5942857142857143	1.9321960635974122	1.380060080124955	3	3.9065418580080813	0.6614971050454921
0.22857142857142856	1.3220946568562408	1.3635563993535127	2	2.914222484781182	0.5153225806451612
0.8571428571428571	1.855155545380774	1.2613413667978606	6	3.9736397693214913	0.5125990345102216
0.8571428571428571	1.5957068790409772	1.3262772195563826	5	3.779126955740217	0.5736800087351283
0.8457142857142858	1.6594737660680905	1.3380197051363691	5	3.843207756918745	0.5847390945768228
0.49714285714285716	1.2862424883151744	1.3166159169039704	4	3.100001262362002	0.49246232975949
0.6685714285714286	1.9187794426341533	1.2458814161525278	5	3.83323228735811	0.5210011943534423
0.6685714285714286	1.6103745840227524	1.3640888813987913	4	3.643034893992972	0.5994529520953809
0.6285714285714286	1.6900831928066438	1.3709873353468787	4	3.6896419567249508	0.6132768093974991
0.28	1.2026446313822732	1.3761632984709864	3	2.85880792985326	0.4997536945812807
0.7771428571428571	1.9500814942951088	1.2218142120501	5	3.949038563488066	0.49098091037778313
0.7771428571428571	1.6495021485989467	1.3137242642385325	4	3.7403692699803366	0.5619275971258069
0.7657142857142857	1.7292107573828381	1.3321591504982322	4	3.827084193595356	0.5757514544279251
0.4	1.2548147174838657	1.2780017081279351	3	2.932816425611801	0.44971988795518214
0.5714285714285714	2.0533428530904163	1.18117244799826	4	3.805943872517248	0.4960790791486994
0.5714285714285714	1.68699084509397	1.378101862063769	3	3.6365212785863106	0.5923740510697033
0.5314285714285715	1.7932689901391585	1.3896269238793897	3	3.71432448544712	0.6108058608058609
0.1657142857142857	1.11370404666886	1.3929984263041348	2	2.6724167586872802	0.4392857142857143
0.8114285714285714	2.063640033319152	1.201197108083408	5	4.076265712831131	0.5294045556979802
0.8114285714285714	1.7914503223790006	1.2905026699583615	4	3.8933815637659333	0.6099571537760531
0.8	1.871158931162892	1.30969472285568	4	3.9808536540185715	0.6237810110781713
0.4514285714285714	1.4440789491906043	1.2553533441714622	3	3.150860864790638	0.5137592968221771
0.6228571428571429	2.1952910268704704	1.1575725597504083	4	3.9757207294780215	0.5441086357989458
0.6228571428571429	1.8762550768007085	1.3531825768966976	3	3.852294796554549	0.6564134599366984
0.5828571428571429	1.982533221845897	1.3662219719875555	3	3.9316123366905957	0.674845269672856
0.2342857142857143	1.3976003942289679	1.3896250446145262	2	3.0215111531292083	0.5353448275862069
0.7314285714285714	2.2344185914466648	1.1093098539769108	4	4.075157016852147	0.5065832808293718
0.7314285714285714	1.928425162902301	1.236151944703945	3	3.8960056790348174	0.6063796533105996
0.72	2.0347033079474897	1.272264204418027	3	4.026967512365517	0.6248114630467572
0.35428571428571426	1.4758555233813566	1.0462360799686674	2	2.8763773176357383	0.46029411764705874
0.5257142857142857	2.4668794355575936	0.9731741031536761	3	3.9657678244255554	0.5185816293411232
0.5257142857142857	2.124119714796513	1.3551864529829516	2	4.00502045349375	0.6742753623188407
0.4857142857142857	2.283536932364296	1.3874891000138596	2	4.156740318092441	0.7019230769230769
0.12	1.4146749876488356	1.0	1	2.5346749876488355	0.44999999999999996
0.9371428571428572	1.9199964609981222	1.2563888757922783	8	4.1135281939332575	0.5320930523570877
0.9371428571428572	1.7439389729864598	1.2734733495393757	7	3.954555179668693	0.578507179353002
0.9257142857142857	1.789486749434398	1.2795142116950284	7	3.994715246843712	0.5864065263827838
0.5828571428571429	1.5623347281601718	1.2407131346801952	6	3.38590500569751	0.5251665884722221
0.7485714285714286	1.9747050898387286	1.2429055982455564	7	3.9661821166557134	0.5408794547946549
0.7485714285714286	1.7784227919652238	1.2698757876380897	6	3.796870008174742	0.5964936700294827
0.7085714285714285	1.8315618644878182	1.2732640525152479	6	3.8133973455744945	0.6057095748975616
0.36	1.5673944619694307	1.2222926795607607	5	3.1496871415301912	0.536082259107843
0.9142857142857143	1.9970636981679826	1.2576767218492908	7	4.169026134302988	0.5194363948120412
0.9142857142857143	1.80450783501602	1.2864543165541664	6	4.0052478658559005	0.5714767667164333
0.9028571428571428	1.8576469075386146	1.294457154355969	6	4.054961204751726	0.5806926715845122
0.5428571428571428	1.5986965136303861	1.2479307661281154	5	3.389484422615644	0.5060619751321839
0.7085714285714285	2.0737349713436664	1.2442359405159469	6	4.026542340431042	0.5275777547316951
0.7085714285714285	1.8580021901964485	1.2932210130488153	5	3.8597946318166922	0.5916544730008966
0.6685714285714286	1.921769077223562	1.2976218565403859	5	3.8879623623353767	0.6027135588425911
0.3028571428571429	1.6141116272595133	1.2369560574361702	4	3.153924827552826	0.5149304100917004
0.9028571428571428	2.0781769403280133	1.2236897495916597	7	4.204723832776816	0.5468818557550391
0.9028571428571428	1.8991399508693891	1.2433286536592087	6	4.045325747385741	0.6034964711499309
0.8914285714285715	1.9522790233919836	1.2516343581160592	6	4.095341952936614	0.6127123760180098
0.5485714285714286	1.7122550526544296	1.1903807191668394	5	3.4512072003926972	0.5444856204523809
0.7142857142857143	2.1683670871970357	1.200958960033917	6	4.083611761516667	0.5595974591651927
0.7142857142857143	1.9715607292204915	1.23498968972436	5	3.9208361332305657	0.6300781183210936
0.6742857142857143	2.035327616247605	1.2398448331985017	5	3.949458163731821	0.6411372041627882
0.32571428571428573	1.7560598010395672	1.1518012641973454	4	3.233575350951198	0.5629599667419467
0.88	2.194452130247832	1.218378253504698	6	4.292830383752531	0.5345805558521433
0.88	2.002862780881447	1.2549670637368044	5	4.137829844618251	0.6000578343454344
0.8685714285714285	2.0666296679085603	1.2667440665979135	5	4.201945163077902	0.6111169201871289
0.5085714285714286	1.7951873656157615	1.1863807095401526	4	3.4901395037273426	0.5254346117723727
0.6742857142857143	2.3259353444746234	1.192277236958558	5	4.192498295718895	0.5473790199637485
0.6742857142857143	2.1193194613233395	1.2633061062757827	4	4.056911281884837	0.6324252341082636
0.6342857142857142	2.1990280701072313	1.2702620890257414	4	4.103575873418687	0.6462490914103818
0.26857142857142857	1.8812378011163897	1.1518278528959287	3	3.3016370825837473	0.5437167372651244
0.9028571428571428	2.0186367659887616	1.2601312742276287	7	4.181625183073533	0.5251570367951972
0.9028571428571428	1.8296764141402626	1.294396221195387	6	4.026929778192793	0.5781508490301153
0.8914285714285715	1.8828154866628566	1.3028085499681892	6	4.077052608059617	0.5873667538981941
0.5485714285714286	1.628898808579477	1.267216156513766	5	3.4446863936646714	0.5140708739086021
0.6971428571428572	2.098903550467909	1.2476724082729556	6	4.043718815883722	0.534251837045377
0.6971428571428572	1.8882044851455393	1.3051340116516494	5	3.8904813539400456	0.5996633717773148
0.6571428571428571	1.9519713721726526	1.3101490915997185	5	3.919263320915228	0.6107224576190093
0.30857142857142855	1.6518644959458768	1.2690986108139268	4	3.229534535331232	0.5249415335622232
0.8228571428571428	2.124988593518705	1.222447895124015	6	4.170293631499863	0.5092349337323276
0.8228571428571428	1.919506536806495	1.261145675734511	5	4.003509355398149	0.5696430878016556
0.8114285714285714	1.983273423833608	1.2730826150695476	5	4.067784610331727	0.5807021736433502
0.4514285714285714	1.6909920605220712	1.1970685396074294	4	3.339489171558072	0.4874161785926492
0.6	2.242579100399671	1.1919246700105552	5	4.034503770410226	0.5169642734199698
0.6	2.0151241562296494	1.2628420773103315	4	3.877966233539981	0.59440680092854
0.56	2.0948327650135408	1.2700646208501698	4	3.9248973858637104	0.6082306582306582
0.19428571428571428	1.7423107276581355	1.1516800817738904	3	3.08827652371774	0.49302549302549303
0.8571428571428571	2.2196207093720743	1.2082788963992137	6	4.285042462914145	0.5412546381658252
0.8571428571428571	2.033065075830538	1.2465763250458983	5	4.1367842580192935	0.6080667331218527
0.8457142857142858	2.096831962857651	1.258967564363506	5	4.201513812935443	0.6191258189635471
0.5028571428571429	1.832940234302125	1.1846837007616757	4	3.5204810779209437	0.5354457352428955
0.6514285714285715	2.3561376394237135	1.1771283429413342	5	4.184694553793619	0.5553879187401667
0.6514285714285715	2.1570723300097034	1.2493217778592784	4	4.057822679297553	0.6424363575787864
0.6114285714285714	2.2367809387935944	1.2573014880367352	4	4.105510998258901	0.6562602148809046
0.26285714285714284	1.9315749593648743	1.1484343074756531	3	3.3428664096976703	0.557064901892488
0.7771428571428571	2.387439691084669	1.1344011538562526	5	4.298983702083779	0.5253676347645075
0.7771428571428571	2.196199894585898	1.1678571857279303	4	4.141199937456685	0.6049110026092124
0.7657142857142857	2.275908503369789	1.1873733282169994	4	4.228996117301074	0.6187348599113305
0.4057142857142857	1.983745045466467	0.9880727671904235	3	3.377532098371176	0.5070310952663895
0.5542857142857143	2.600040599077367	1.0535517383198088	4	4.20787805168289	0.5390624846321049
0.5542857142857143	2.4159211730765713	1.1225031463318216	3	4.092710033694107	0.6496852583809105
0.5142857142857142	2.5221993181217597	1.1361907206061799	3	4.172675753013654	0.6681170681170681
0.14857142857142858	2.2070995386427614	0.6316179273593681	2	2.987288894573558	0.5252525252525253
0.8971428571428571	1.9330264669673045	1.2588474734694821	7	4.089016797579644	0.544614282058894
0.8971428571428571	1.729797731948563	1.2914995092106778	6	3.9184400983020975	0.6008509685044283
0.88	1.7829368044711569	1.2983952737723123	6	3.961332078243469	0.6100668733725072
0.5314285714285715	1.5090443899494375	1.2589471558349952	5	3.299420117213004	0.5413110172777778
0.6914285714285714	1.9990248682762093	1.2346174615339822	6	3.925070901238763	0.5569519565196901
0.6914285714285714	1.7683500665155	1.2839025051582333	5	3.7436811431023047	0.6269035151464905
0.6457142857142857	1.832116953542613	1.2866427387895514	5	3.7644739780464502	0.637962600988185
0.2914285714285714	1.5020464726583276	1.2271728788220544	4	3.020647922908953	0.5589917127736928
0.8742857142857143	2.0251099113270055	1.2715436454240718	6	4.170939271036792	0.5319350532066407
0.8742857142857143	1.7996521181764558	1.33314021479964	5	4.00707804726181	0.5968832311708312
0.8571428571428571	1.8634190052035684	1.3428023078179256	5	4.063364170164351	0.6079423170125258
0.49142857142857144	1.541174037234522	1.310519550213133	4	3.3431221588762265	0.5214663578041188
0.6514285714285715	2.1227246817696312	1.248681856944288	5	4.022835110142491	0.5442044167891453
0.6514285714285715	1.8653061329421001	1.3546889115582925	4	3.871423615928964	0.6284569801400096
0.6057142857142858	1.9450147417259915	1.3581200445702126	4	3.90884907201049	0.6422808374421278
0.2342857142857143	1.5425533632747366	1.3222939745974553	3	3.099133052157906	0.538425731974119
0.8628571428571429	2.1197420271803744	1.2243891680446477	6	4.206988338082165	0.5639547576401382
0.8628571428571429	1.9132106572004985	1.2690926461290934	5	4.045160446186735	0.6353068764910282
0.8457142857142858	1.9769775442276114	1.2792090391299502	5	4.101900869071848	0.6463659623327228
0.49714285714285716	1.6831222110145758	1.215671014730822	4	3.395936082888255	0.569495914454365
0.6571428571428571	2.2362832207936743	1.1844073118931329	5	4.077833389829664	0.5826280621093423
0.6571428571428571	2.007254306722154	1.2587049154706826	4	3.9231020793356937	0.6764865367902559
0.6114285714285714	2.086962915506045	1.262893215120221	4	3.9612847020548374	0.690310394092374
0.2571428571428571	1.7318175949814751	1.1541208070261042	3	3.1430812591504367	0.6024651408411141
0.84	2.2675852724546295	1.2349061683665967	5	4.342491440821226	0.5526077781336831
0.84	2.0463818712983484	1.3326170659369103	4	4.218998937235258	0.6389611818206818
0.8228571428571428	2.1260904800822393	1.3483417978980607	4	4.297289420837443	0.6527850391228001
0.45714285714285713	1.7839876810830677	1.304512751936026	3	3.5456432901619506	0.5524313342150153
0.6171428571428571	2.4502225757898177	1.1929160316431282	4	4.260281464575803	0.5731126638435744
0.6171428571428571	2.216163808693172	1.3957347783619394	3	4.229041444197968	0.6950854973295366
0.5714285714285714	2.3224419537383603	1.401839531580461	3	4.295710056747393	0.7135173070656942
0.2	1.9074634920676627	1.4120734964326505	2	3.519536988500313	0.5933528836754642
0.8628571428571429	2.050278490451248	1.275430487623421	6	4.188566120931812	0.5386091355203226
0.8628571428571429	1.829854413125546	1.3457287750659848	5	4.038440331048673	0.6048921299472495
0.8457142857142858	1.8936213001526592	1.356005104540769	5	4.095340690407713	0.615951215788944
0.49714285714285716	1.5789269059208855	1.3437880396967408	4	3.4198578027604833	0.5314774812746416
0.64	2.1529269767187222	1.2545122618843147	5	4.047439238603037	0.5522133155655635
0.64	1.9030590016284634	1.3756700814038727	4	3.9187290830323365	0.6384681036105324
0.5942857142857143	1.9827676104123548	1.3801249418432906	4	3.9571782665413595	0.6522919609126506
0.24	1.5928905215232214	1.3888314257013494	3	3.221721947224571	0.5517738966014829
0.7828571428571428	2.184229028379678	1.2410454084281963	5	4.208131579665017	0.5221930315899044
0.7828571428571428	1.9421865662046578	1.342972715320796	4	4.068016424382597	0.6009427486409584
0.7657142857142857	2.021895174988549	1.3589640080718262	4	4.146573468774661	0.6147666059430765
0.4	1.6450606076248138	1.326004337512662	3	3.371064945137476	0.5017400899753841
0.5428571428571428	2.346027270696127	1.1923863827841652	4	4.081270796337435	0.535094230663851
0.5428571428571428	2.077236735234918	1.3949226458731194	3	4.01501652396518	0.6443942530899054
0.49714285714285716	2.1835148802801068	1.4015605206713995	3	4.082218258094364	0.6628260628260629
0.12571428571428572	1.699072881880282	1.4119779593927835	2	3.2367651269873514	0.5173160173160174
0.8171428571428572	2.297787567403721	1.2204328360128838	5	4.335363260559462	0.5606166769101013
0.8171428571428572	2.0841347399847114	1.319758673626257	4	4.221036270753825	0.6489723052912046
0.8	2.1638433487686033	1.3365071330149056	4	4.300350481783509	0.6627961625933229
0.4514285714285714	1.8343248393315523	1.3033710787274526	3	3.5891244894875767	0.5657794988423792
0.5942857142857143	2.4879754444761817	1.1687940471219453	4	4.251055205883842	0.5831237873140972
0.5942857142857143	2.2665009669416567	1.3700184658773118	3	4.230805147104682	0.7084336619569004
0.5485714285714286	2.372779111986845	1.378170673950829	3	4.299521214509102	0.7268654716930579
0.19428571428571428	1.9829692294403898	1.4086498932169662	2	3.58590483694307	0.61337513061651
0.7371428571428571	2.527103009052376	1.1381985924256302	4	4.402444458620863	0.5455984323445232
0.7371428571428571	2.318671053043249	1.2883223358389229	3	4.344136246025029	0.6583998553308017
0.72	2.4249491980884375	1.3195474085356649	3	4.4644966066241025	0.6768316650669592
0.35428571428571426	2.0612243585927787	1.1712644350341994	2	3.5867745079126925	0.5383244206773619
0.49714285714285716	2.857125325698542	0.9892754616959372	3	4.343543644537336	0.570601831361325
0.49714285714285716	2.7094885500079346	1.3866692713223532	2	4.593300678473145	0.7523056653491437
0.4514285714285714	2.8689057675757175	1.404310357301241	2	4.72464469630553	0.77995337995338
0.08	2.5854126580716796	1.0	1	3.6654126580716797	0.6060606060606061
0.9314285714285714	1.8249370042733282	1.2548726277202011	7	4.011238203422101	0.5444129330203356
0.9314285714285714	1.6036933588055902	1.2880458238379047	6	3.823167754072066	0.6006160612927769
0.92	1.6568324313281844	1.2953269584572262	6	3.8721593897854105	0.6098319661608558
0.5771428571428572	1.3577191421778703	1.2575113308766963	5	3.192373330197424	0.541029128623796
0.7371428571428571	1.8729204951332366	1.2297145772087548	6	3.839777929484849	0.5567170493080387
0.7371428571428571	1.6170248187439327	1.2797148266847231	5	3.6338825025715127	0.6266216264925087
0.6971428571428572	1.6807917057710458	1.2830331154025714	5	3.6609676783164744	0.6376807123342033
0.3485714285714286	1.3128899129438685	1.2264345865343065	4	2.8878959280496037	0.5586393519562156
0.9085714285714286	1.899005538184033	1.2662198474661677	6	4.073796814221629	0.5317001459949893
0.9085714285714286	1.6483268704048881	1.3283211658771146	5	3.8852194648534315	0.5966013425168495
0.8971428571428571	1.7120937574320014	1.3385613139819301	5	3.947797928556789	0.6076604283585441
0.5371428571428571	1.3520174775200628	1.308728973843692	4	3.1978893085066122	0.5211139969866416
0.6971428571428572	1.9713994339980636	1.241689009593081	5	3.9102313007340017	0.5439225281351636
0.6971428571428572	1.676149573227641	1.3483119126635	4	3.721604343033998	0.6281046193225325
0.6571428571428571	1.7558581820115324	1.3527064708196361	4	3.7657075099740256	0.6419284766246507
0.2914285714285714	1.290344616988791	1.3220223204774062	3	2.9037955088947687	0.5379559175508162
0.8971428571428571	1.993637654037402	1.2188599573838714	6	4.10964046856413	0.5637198504284868
0.8971428571428571	1.7618854094289311	1.26396547815226	5	3.9229937447240486	0.6350249878370465
0.8857142857142857	1.8256522964560442	1.2746599262396465	5	3.986026508409976	0.6460840736787411
0.5428571428571428	1.4939656513001167	1.2133669066042019	4	3.250189700761461	0.5691435536368878
0.7028571428571428	2.084957973022107	1.1771063454876178	5	3.9649214613668677	0.5823461734553605
0.7028571428571428	1.8180977470076947	1.25181438481871	4	3.7727692746835473	0.6761341759727788
0.6628571428571428	1.897806355791586	1.256966109612465	4	3.8176296082611936	0.6899580332748969
0.3142857142857143	1.4796088486955297	1.1528220893916958	3	2.94671665237294	0.6019953264178113
0.8742857142857143	2.1162600246830623	1.2269738315120664	5	4.217519570480843	0.5523258894797014
0.8742857142857143	1.857225311583889	1.324674251203245	4	4.056185277072848	0.6386088210032047
0.8628571428571429	1.9369339203677804	1.3413624083086122	4	4.141153471533536	0.6524326783053229
0.5028571428571429	1.5317789347971222	1.3011094661382323	3	3.3357455437924974	0.5519615197917125
0.6628571428571428	2.261066016075359	1.1813502195283272	4	4.105273378460829	0.5727603030260973
0.6628571428571428	1.9639550624072264	1.3831586475134412	3	4.00997085277781	0.6946156829062338
0.6228571428571429	2.070233207452415	1.3911902510203964	3	4.084280601329954	0.7130474926423913
0.2571428571428571	1.5291503726387448	1.4117921348957667	2	3.1980853646773686	0.5926481620405101
0.8971428571428571	1.9241741173082751	1.2698844610102198	6	4.091201435461352	0.5383742283086712
0.8971428571428571	1.6785291653539791	1.3405763831605135	5	3.91624840565735	0.6046102412932678
0.8857142857142857	1.7422960523810922	1.3514307677218278	5	3.979441105817206	0.6156693271349624
0.5428571428571428	1.3897703462064264	1.3414418916890571	4	3.2740693807526267	0.5311251204571644
0.6857142857142857	2.001601728947155	1.2471860715501624	5	3.9345020862116034	0.5519314269115818
0.6857142857142857	1.7139024419140043	1.3687375108708373	4	3.7683542384991275	0.6381157427930553
0.6457142857142857	1.7936110506978957	1.3741557964544713	4	3.8134811328666527	0.6519396000951735
0.29714285714285715	1.340681775237276	1.3874486283048142	3	3.0252732606849473	0.55130408217818
0.8171428571428572	2.0329037806081103	1.233087847645028	5	4.083134485395996	0.5219111429359227
0.8171428571428572	1.7530300064901987	1.3349878607060675	4	3.9051607243391233	0.6005903878234813
0.8057142857142857	1.83273861527409	1.351942578601314	4	3.99039547958969	0.6144142451255995
0.44571428571428573	1.3928518613388683	1.3225169719527419	3	3.161083119005896	0.5012702755520813
0.5885714285714285	2.1568707109816683	1.1807785307883012	4	3.926220670341398	0.5347418698463738
0.5885714285714285	1.8250279889489727	1.3822624352624944	3	3.7958618527828953	0.6439244386666025
0.5485714285714286	1.931306133994161	1.3908271603492082	3	3.870704722914798	0.6623562484027601
0.18285714285714286	1.3207597624513638	1.4114443585695196	2	2.915061263878026	0.5166112956810631
0.8514285714285714	2.1464623196321533	1.2121671561754077	5	4.210058047236132	0.5603347882561197
0.8514285714285714	1.8949781802702526	1.311260287254349	4	4.0576670389531735	0.6486199444737276
0.84	1.974686789054144	1.3289721717872143	4	4.143658960841358	0.6624438017758457
0.49714285714285716	1.5821160930456069	1.2988566496531737	3	3.378115599841638	0.5653096844190764
0.64	2.2988188847617224	1.156672663368902	4	4.095491548130624	0.5827714264966202
0.64	2.0142922206557112	1.3563311917523277	3	4.010623412408039	0.7079638475335976
0.6	2.1205703657008996	1.3664102501142785	3	4.086980615815178	0.7263956572697552
0.25142857142857145	1.6046561100114718	1.4050351018506253	2	3.2611197832906687	0.6126704089815558
0.7714285714285715	2.3379464493379167	1.1250249245908936	4	4.2343999453573815	0.5452460715270462
0.7714285714285715	2.0664623067573036	1.2725304935505537	3	4.110421371736429	0.6579300409074988
0.76	2.172740451802492	1.3056824165357293	3	4.238422868338222	0.6763618506436564
0.4	1.6829112391638605	1.1613359391777027	2	3.2442471783415634	0.5376196990424076
0.5428571428571428	2.6049165794125964	0.9662376246452968	3	4.114011346915036	0.5701320169380224
0.5428571428571428	2.331175430579017	1.3492222403137428	2	4.223254813749902	0.7516009437141895
0.5028571428571429	2.4905926481467997	1.3726438771579303	2	4.366093668161873	0.7792486583184257
0.13714285714285715	1.8287864192138434	1.0	1	2.9659292763567007	0.6046511627906976
0.84	1.8242954351165757	1.2160567686772623	6	3.880352203793838	0.5343732280586087
0.84	1.5586747467239395	1.2581857582761216	5	3.656860505000061	0.5998090409931927
0.8228571428571428	1.6224416337510525	1.2667652965206848	5	3.71206407312888	0.6108681268348872
0.4742857142857143	1.239952322918877	1.1975842957122251	4	2.9118223329168167	0.5251236200820706
0.6114285714285714	1.8817473103171154	1.149558094534374	5	3.642733976280061	0.5471302266115068
0.6114285714285714	1.564084418626455	1.203275738536263	4	3.3787887285912896	0.6321142424179615
0.5657142857142857	1.6437930274103465	1.204902613591979	4	3.414409926716611	0.6459380997200797
0.21142857142857144	1.1409244108538767	1.0434453079633088	3	2.3957982902457573	0.5433020816780549
0.8171428571428572	1.9130493619780709	1.2286859161877852	5	3.9588781353087135	0.5171099426358476
0.8171428571428572	1.6032119832026495	1.3249028309690691	4	3.745257671314576	0.5945888874483874
0.8	1.6829205919865409	1.3380661383363972	4	3.8209867303229377	0.6084127447505057
0.4342857142857143	1.1930944969554693	1.289267136806388	3	2.9166473480475714	0.49326827505195625
0.5714285714285714	2.007052687694119	1.145297914165642	4	3.7237791732883325	0.5287403694712801
0.5714285714285714	1.6252706245655737	1.3058042474006564	3	3.5025034433948017	0.6359224381664774
0.5257142857142857	1.731548769610762	1.306786151431533	3	3.5640492067565805	0.654354247902635
0.15428571428571428	1.0211237158762652	1.1428304679669326	2	2.318239898128912	0.5046082949308756
0.8057142857142857	2.0266079010021136	1.1582870067362305	5	3.99060919345263	0.5555335879560446
0.8057142857142857	1.745160156982703	1.2187115608807935	4	3.769586003577782	0.6426184440986338
0.7885714285714286	1.8248687657665945	1.2326320348857402	4	3.8460722292237635	0.656442301400752
0.44	1.3823587286622079	1.1006794212337054	3	2.9230381498959135	0.5573076839189512
0.5771428571428572	2.149000861474173	1.0387283501096858	4	3.7648720687267163	0.5767699261215263
0.5771428571428572	1.8145348562723118	1.1149456106173752	3	3.506623324032544	0.6999618470334725
0.5314285714285715	1.9208130013175004	1.1174418479234893	3	3.569683420669561	0.7183936567696301
0.17714285714285713	1.305020063436373	0.6416390314286956	2	2.1238019520079257	0.6006674082313681
0.7828571428571428	2.1881284260503673	1.1624573539292535	4	4.133442922836764	0.5392445711519523
0.7828571428571428	1.8667049423739044	1.3418983976107528	3	3.9914604828418	0.6499280404073737
0.7657142857142857	1.9729830874190928	1.3674674995400913	3	4.10616487267347	0.6683598501435313
0.4	1.3832751925887616	1.3302003243412275	2	3.113475516929989	0.5256166982922201
0.5371428571428571	2.4051592150291974	0.9848143549341747	3	3.9271164271062293	0.5621300164378973
0.5371428571428571	2.031539384003918	1.388461567330815	2	3.95714380847759	0.7395979429640018
0.49142857142857144	2.190956601571701	1.3891347410074921	2	4.071519914007764	0.7672456575682383
0.12	1.2295143260636459	1.0	1	2.349514326063646	0.5806451612903225
0.8057142857142857	1.9432516569271616	1.2348585398083771	5	3.9838244824498243	0.5251188414122658
0.8057142857142857	1.6409648518890128	1.3464543652822576	4	3.7931335028855564	0.6046000109189102
0.7885714285714286	1.7206734606729042	1.3606414000770837	4	3.8698862893214163	0.6184238682210285
0.44	1.243431655203954	1.3569453168454981	3	3.040376972049452	0.50661643967932
0.56	2.044805556380483	1.1555858562683008	4	3.760391412648784	0.5387514929418029
0.56	1.675607782814058	1.3489077881637115	3	3.5845155709777696	0.6492706027938413
0.5142857142857142	1.7818859278592465	1.3519371470495842	3	3.648108789194545	0.6677024125299988
0.16	1.0966294532489922	1.345866424494298	2	2.60249587774329	0.5246305418719213
0.7257142857142858	2.083933120956677	1.1727053435385641	4	3.982352750209527	0.5012261379722289
0.7257142857142858	1.7277778689156504	1.3626415420584799	3	3.816133696688416	0.5992367961677425
0.7085714285714285	1.834056013960839	1.3887437655675772	3	3.931371208099845	0.6176686059039
0.34285714285714286	1.174884582401381	1.3947706181110031	2	2.912512343369527	0.44957983193277307
0.46285714285714286	2.2662321415709434	0.9837869028962043	3	3.712876187324291	0.5114387721982661
0.46285714285714286	1.8231487738165373	1.386120706904221	2	3.6721266235779013	0.663561076604555
0.41714285714285715	1.98256599138432	1.3883932453201744	2	3.7881020938473515	0.6912087912087912
0.045714285714285714	0.8127331056888843	1.0	1	1.85844739140317	0.4285714285714286
0.76	2.225881294736731	1.1389057338756792	4	4.12478702861241	0.5492556946224751
0.76	1.917042100622389	1.317322814061341	3	3.9943649146837297	0.6632762050347376
0.7428571428571429	2.0233202456675774	1.3449393708456754	3	4.111116759370396	0.6817080147708952
0.3942857142857143	1.4587809299614887	1.3301989079311929	2	3.183265552178396	0.5456389452332657
0.5142857142857142	2.455496373277682	0.9377115869637042	3	3.9074936745271005	0.5754781810652609
0.5142857142857142	2.107045121376645	1.3147362330926153	2	3.9360670687549746	0.7596201899050475
0.4685714285714286	2.266462338944428	1.32155177133428	2	4.056585538850136	0.7872679045092839
0.11428571428571428	1.3805258008091	1.0	1	2.4948115150948142	0.6206896551724138
0.68	2.5076664593792746	0.9556491636319957	3	4.14331562301127	0.5254443744391624
0.68	2.1853002505290338	1.3070333011602158	2	4.17233355168925	0.6845694799658995
0.6628571428571428	2.3447174680968166	1.383067433271554	2	4.390642044225514	0.7122171945701358
0.29714285714285715	1.5370360591138774	1.0	1	2.8341789162567346	0.47058823529411764
0.41714285714285715	2.992981659511973	0.17684675646421735	2	3.5869712731190475	0.5528724440116846
0.41714285714285715	2.83356444194419	1.0	1	4.250707299087047	0.8985507246376813
0.37142857142857144	3.1523988770797557	1.0	1	4.523827448508327	0.9538461538461539
best score
2	4.72464469630553	0.77995337995338
0.9538461538461539
1