coverage		internal		external		size		score		f1
0.852112676056338	1.9308863184167389	1.2249766767206682	9	4.007975671193745	0.67749041074506
0.8098591549295775	1.8929130826498508	1.2329225665549368	8	3.935694804134365	0.6890997890112694
0.7535211267605634	1.916022844414025	1.1880512276813362	8	3.8575951988559245	0.6664320312371287
0.7112676056338029	1.8705015072514795	1.1913852511437915	7	3.773154364029074	0.6781201236116634
0.8380281690140845	1.8174459484490788	1.2068026031819137	8	3.8622767206450774	0.6774302990809099
0.5633802816901409	1.7578421975772553	1.1764141908346981	7	3.4976366701020942	0.6591782267789248
0.7394366197183099	1.7842533538791687	1.1602912930693363	7	3.683981266666815	0.6647835636912527
0.4647887323943662	1.7091835454337228	1.1074217780159459	6	3.281394055844035	0.6413816901073273
0.7746478873239436	1.923615717912975	1.1829165534677766	8	3.8811801587046952	0.6788433787548591
0.7183098591549296	1.879179076964565	1.1843549484327978	7	3.781843884552292	0.6923045207747841
0.647887323943662	1.9055902332664785	1.1218969799637943	7	3.6753745371739344	0.6663985118900517
0.5915492957746479	1.850743238052251	1.109374093105249	6	3.551666626932148	0.6800290331024963
0.7605633802816901	1.7929309235922541	1.1534374153294713	7	3.706931719203416	0.6789679608543732
0.47183098591549294	1.719307376765656	1.0975686505833877	6	3.2887070132645366	0.6579301534643012
0.6338028169014085	1.7501203924512216	1.0713152704193323	6	3.455238479771962	0.6644697131953503
0.34507042253521125	1.6532100300310972	0.9642057490469945	5	2.962486201613303	0.6363246947954593
0.7605633802816901	1.848295535462476	1.2185314506287963	8	3.8273903663729625	0.6550338549453354
0.7183098591549296	1.7930988684497091	1.2297646148926067	7	3.7411733424972455	0.6650936364210426
0.6619718309859155	1.8195100247516225	1.175301756928157	7	3.656783612665695	0.6391876275363102
0.6197183098591549	1.7503163281182523	1.1812331725318523	6	3.55126781050926	0.6482830013564647
0.7464788732394366	1.7068507150773982	1.2008409971384346	7	3.6541705854552697	0.6517570765006317
0.47183098591549294	1.6188804668316574	1.1610260567924324	6	3.2517375095395824	0.6261841217182695
0.647887323943662	1.649693482517223	1.145965831334752	6	3.4435466377956367	0.6327236814493185
0.3732394366197183	1.532697738110299	1.0718201779348677	5	2.9777573526648853	0.5982294567002213
0.6830985915492958	1.8281875944647081	1.1689499466882904	7	3.6802361327022943	0.6533720246994309
0.6267605633802817	1.7604401594501855	1.1720829395992929	6	3.5592836624297606	0.6648314647134386
0.5563380281690141	1.7912531751357512	1.092153615156514	6	3.4397448184612793	0.6346077876812508
0.5	1.7025693692525325	1.0746583838231047	5	3.2772277530756373	0.6446062682944242
0.6690140845070423	1.659817313849156	1.1370625933617724	6	3.4658939917179707	0.6492721448062926
0.38028169014084506	1.5448463357086188	1.0580787730802785	5	2.9832067989297424	0.61808761272859
0.5422535211267606	1.5818219545312977	1.0299664499549335	5	3.154041925612992	0.6259350844058489
0.2535211267605634	1.418609392026161	0.8592496212122617	4	2.531380139998986	0.58112015420861
0.795774647887324	1.9770136210074847	1.221278260797671	8	3.99406652969248	0.6728909978024782
0.7535211267605634	1.940205251929719	1.2360630290095547	7	3.929789407699837	0.6855017996863487
0.6971830985915493	1.9666164082316324	1.1722826292067752	7	3.836082136029957	0.6595957908016165
0.647887323943662	1.921940442178264	1.1806967945037454	6	3.7505245606256716	0.6720925251659884
0.7816901408450704	1.8539570985574083	1.2036643621289485	7	3.8393116015314273	0.6721652397659379
0.5070422535211268	1.790504580891669	1.1686691685609787	6	3.4662160029737743	0.6499936455277933
0.6830985915492958	1.8213175965772346	1.1405643845296363	6	3.6449805726561664	0.6565332052588424
0.4014084507042254	1.7386466749823128	1.0692536088999354	5	3.2093087345864735	0.6268008852716499
0.7183098591549296	1.975293977944718	1.171021016066702	7	3.86462485316635	0.6737801879647369
0.6619718309859155	1.9320642735101972	1.1786728375108961	6	3.772708942007009	0.6886409885229623
0.5915492957746479	1.9628772891957629	1.0856989544944555	6	3.640125539464866	0.6584173114907748
0.528169014084507	1.9085183061245465	1.0705119940027579	5	3.507199314211811	0.6731776968658527
0.704225352112676	1.8314414279091678	1.1387874224963672	6	3.674454202518211	0.6730816686158163
0.4154929577464789	1.7507952725806326	1.0662016179549119	5	3.2324898482820235	0.6466590413000186
0.5774647887323944	1.7877708914033115	1.018522456969074	5	3.38375813710478	0.6545065129772776
0.28169014084507044	1.6760455631161786	0.8494023015237304	4	2.8071380054849797	0.6168344399228957
0.6971830985915493	1.889213769429862	1.216444850111609	7	3.8028417181330205	0.6465693036109955
0.6549295774647887	1.8316373635761984	1.2393585968502618	6	3.725925537891249	0.6568949567769307
0.5985915492957746	1.8624503792617642	1.1575778685401963	6	3.618619797097735	0.6266712797447431
0.5492957746478874	1.7880060142037486	1.1739689525861123	5	3.511270741437748	0.6350824587706146
0.6830985915492958	1.7310145179751693	1.2022646633245488	6	3.616377772849014	0.6413356368697847
0.4084507042253521	1.6302829806598342	1.1570560667119278	5	3.1957897515971143	0.6085638032047807
0.5845070422535211	1.667258599482513	1.1261666377856527	5	3.377932279521687	0.6164112748820395
0.3028169014084507	1.5254051982151806	1.0215402487426015	4	2.849762348366233	0.5692153923038481
0.6197183098591549	1.8725742105936973	1.1565038010069257	6	3.648796321459778	0.643219743101717
0.5633802816901409	1.8001546118020681	1.1719713033910863	5	3.5355061968832953	0.6549406147989835
0.49295774647887325	1.8371302306247468	1.0437782259871637	5	3.3738662030907838	0.6186722023603582
0.4295774647887324	1.737744737142973	1.023487112671109	4	3.1908093146028147	0.6271864067966016
0.6056338028169014	1.6794071970808329	1.1245394810299967	5	3.409580480927731	0.6362694309104082
0.31690140845070425	1.5405909452130804	1.018184074324641	4	2.8756764279884255	0.5940380873393091
0.4788732394366197	1.5868104687414288	0.9574983845494761	4	3.0231820927275246	0.6038474269358827
0.18309859154929578	1.3708565568046238	0.6465614467642592	3	2.2005165951181787	0.5367316341829085
0.823943661971831	2.030901918962749	1.2662715009384893	8	4.121117081873069	0.7295680164360185
0.7816901408450704	2.001791878164307	1.2924882177387604	7	4.075970236748137	0.7502755352675378
0.7253521126760564	2.0282030344662205	1.2382459845109461	7	3.991801131653223	0.7243695263828054
0.6830985915492958	1.9937915061186164	1.2680533745542781	6	3.9449434722221906	0.7476618833440423
0.8098591549295775	1.9155437247919962	1.2640261952527634	7	3.9894290749743373	0.7369389753471268
0.5352112676056338	1.8623556448320215	1.2481836175590137	6	3.6457505299966693	0.7255630037058471
0.7112676056338029	1.8931686605175873	1.2334322667326225	6	3.8378685328840128	0.7321025634368963
0.43661971830985913	1.8248679517107358	1.2010672561414546	5	3.462554926162049	0.7174841150853144
0.7464788732394366	2.036880604179306	1.2320365092044294	7	4.015395986623172	0.738553923545926
0.6901408450704225	2.00391533745055	1.2591024105284079	6	3.9531585930493804	0.7642103467010163
0.6197183098591549	2.0347283531361153	1.1794819607169187	6	3.833928623712189	0.7339866696688286
0.5633802816901409	1.9947395828529697	1.2036983272734925	5	3.761818191816603	0.7638609266795173
0.7323943661971831	1.9032924918495204	1.224728297666332	6	3.860415155713036	0.7486510267938702
0.44366197183098594	1.8370165493090558	1.1876247546468996	5	3.4683032757869414	0.7373422711136832
0.6056338028169014	1.8739921681317344	1.1599757434684888	5	3.6396017144171244	0.7451897427909422
0.31690140845070425	1.7838221590267072	1.0726774855844894	4	3.173401053061901	0.7301884771899764
0.7323943661971831	1.95080039566445	1.263706990090456	7	3.9469017519520895	0.7113430391921844
0.6901408450704225	1.9034884275165511	1.3005334754453415	6	3.894162748032315	0.7324643149549845
0.6338028169014085	1.9343014432021166	1.2321061803402273	6	3.8002104404437524	0.7022406379227968
0.5915492957746479	1.8742272909321713	1.278273244223199	5	3.744049830930018	0.7257656885842793
0.7183098591549296	1.8028655819155217	1.268950844072082	6	3.7901262851425335	0.7169049950478386
0.44366197183098594	1.7165042573882574	1.249597161770268	5	3.4097633909895113	0.6992470330184452
0.6197183098591549	1.753479876210936	1.2387378826514197	5	3.6119360687215103	0.707094504695704
0.34507042253521125	1.6331817941257094	1.1966786967472804	4	3.1749309134082013	0.6825694295709288
0.6549295774647887	1.9444252745340498	1.2241051057739354	6	3.8234599577727737	0.7187891012797709
0.5985915492957746	1.886375888530491	1.2658850844786418	5	3.7508525223049074	0.7456238446126481
0.528169014084507	1.92335150735317	1.1577221568821459	5	3.6092426783198226	0.7093554321740229
0.47183098591549294	1.8455213330535016	1.2009133707244801	4	3.5182656896934743	0.7405404440636825
0.6408450704225352	1.7656284738092558	1.2267202153462322	5	3.6331937595780235	0.7269526607240728
0.352112676056338	1.6483675411236092	1.1760050047467672	4	3.176485221926715	0.7073921246063898
0.5140845070422535	1.6945870646519576	1.1487028979839806	4	3.3573744696781915	0.7172014642029634
0.22535211267605634	1.514558684685329	1.0040098867567362	3	2.7439206841181214	0.6878703505390162
0.7464788732394366	2.09790677914446	1.2612696107505084	7	4.105655263134405	0.7317512024574906
0.704225352112676	2.0751125415765626	1.3008115451512416	6	4.08014943884048	0.7562738387645083
0.647887323943662	2.1059255572621285	1.2193396914724655	6	3.9731525726782557	0.7260501617323206
0.5985915492957746	2.080176227804185	1.2646591120942974	5	3.943426889194257	0.7543371171557078
0.7323943661971831	1.9744896959755334	1.2643638450009738	6	3.97124790717369	0.7407145188573623
0.45774647887323944	1.9224531942602714	1.248252264336346	5	3.628451937469857	0.7278184615898737
0.6338028169014085	1.95942881308295	1.2178261473570053	5	3.8110577773413636	0.7356659332671327
0.352112676056338	1.890617965215727	1.171051806544491	4	3.4137824478165557	0.7182837152852145
0.6690140845070423	2.1160493885940617	1.218464892845884	6	4.0035283659469885	0.7425986250892946
0.6126760563380281	2.092324825402505	1.2629603662593056	5	3.9679612479998387	0.7741952731840767
0.5422535211267606	2.129300444225184	1.1352306008023172	5	3.8067845661542616	0.7379268607454514
0.4788732394366197	2.102957504143519	1.1726534458793334	4	3.754484189459472	0.7762547297779682
0.6549295774647887	1.9715774106812698	1.2164978939613833	5	3.843004882107442	0.7555240892955014
0.36619718309859156	1.9058037122136267	1.168193804393254	4	3.440194699705472	0.7431064103206755
0.528169014084507	1.9520232357419751	1.1082803011963127	4	3.588472551022795	0.7529157499172492
0.2323943661971831	1.8578069128053523	0.9416166970905365	3	3.031817976093072	0.7354893981580638
0.647887323943662	2.0156224786600627	1.2599157923819546	6	3.9234255949856793	0.7108525933432629
0.6056338028169014	1.9718125334817067	1.3207753030781553	5	3.8982216393767635	0.7361000350888386
0.5492957746478874	2.0087881523043856	1.2098352696807293	5	3.7679191966330023	0.6998316226502134
0.5	1.9523171392425214	1.2897255398679266	4	3.742042679110448	0.7286356821589206
0.6338028169014085	1.8510651187604714	1.2785000530134574	5	3.7633679886753373	0.7174288512002633
0.3591549295774648	1.7551633473126287	1.2642617153379503	4	3.378579992228044	0.6954873627016279
0.5352112676056338	1.8013828708409771	1.2323310989069467	4	3.5689252373535574	0.7052967022982015
0.2535211267605634	1.656953092937355	1.1751802508942832	3	3.0856544705922015	0.6719973346660004
0.5704225352112676	2.020936749902705	1.209561358035105	5	3.8009206431490776	0.7196897786785821
0.5140845070422535	1.967502886240421	1.288624773966686	4	3.77021216724936	0.7534583771943815
0.44366197183098594	2.013722409768769	1.0945214100729364	4	3.5519057916726915	0.7081228616461
0.38028169014084506	1.9400724781744116	1.178082640411575	3	3.498436808726832	0.7492920206563385
0.5563380281690141	1.816568617838877	1.2318478204046557	4	3.6047544664125466	0.7301193973336625
0.2676056338028169	1.6772007556012214	1.1729252009059679	3	3.1177315903100062	0.7050942613799482
0.4295774647887324	1.7388267869723526	1.0906573515812141	3	3.259061603342299	0.7181733808420465
0.13380281690140844	1.490904078182607	0.7306451323816519	2	2.3553520274656674	0.6746626686656672
0.8028169014084507	1.9904278663076391	1.2510145419700918	8	4.044259309686182	0.6969593207838447
0.7605633802816901	1.9555358179870386	1.2725387564765516	7	3.9886379547452804	0.7130084545221961
0.704225352112676	1.981946974288952	1.2184412811695744	7	3.9046136075712026	0.6871024456374639
0.6619718309859155	1.93982610257847	1.240877200850275	6	3.8426751344146606	0.7041836224744771
0.7887323943661971	1.8692876646147276	1.2438141861527872	7	3.9018342451337116	0.6996718946017852
0.5140845070422535	1.8083902412918749	1.220437215792963	6	3.5429119641270916	0.682084742836282
0.6901408450704225	1.8392032569774406	1.2058885260557444	6	3.7352326281036072	0.6886243025673311
0.4154929577464789	1.76010946746256	1.160577261587013	5	3.3361796867960516	0.6653102020418362
0.7253521126760564	1.9906245440020374	1.2117665568730331	7	3.9277432135511265	0.7012868428005844
0.6690140845070423	1.9499499339104032	1.2312748882383706	6	3.8502389066558163	0.720732085831451
0.5985915492957746	1.9807629495959687	1.1518570995160533	6	3.7312115984077967	0.6905084087992635
0.5422535211267606	1.9299810986047938	1.16308665193307	5	3.6353212716646244	0.7116870136360391
0.7112676056338029	1.8493270883093738	1.1965332084034197	6	3.757127902346596	0.705172765924305
0.4225352112676056	1.7722580650608797	1.146157737213406	5	3.340951013541891	0.6851683580702049
0.5845070422535211	1.8092336838835585	1.118812717668754	5	3.5125534438058335	0.6930158297474639
0.29577464788732394	1.7028740537164873	1.005448470019723	4	3.0040971716235343	0.6649710858856286
0.7112676056338029	1.9045443354871814	1.2438901804645166	7	3.8597021215855007	0.6740759584468429
0.6690140845070423	1.8495230239764044	1.2733403529429428	6	3.791877461426389	0.6889860540854194
0.6126760563380281	1.8803360396619702	1.205115718927001	6	3.698127814926999	0.6587623770532316
0.5704225352112676	1.8094688066839955	1.2386131685642352	5	3.6185045104594984	0.673591775540801
0.6971830985915493	1.748900178375375	1.2413901545968082	6	3.6874734315637325	0.6734267341782733
0.4225352112676056	1.6517457731400813	1.209081744018233	5	3.28336272842592	0.6470731199749669
0.5985915492957746	1.6887213919627602	1.1985264565331435	5	3.485839397791678	0.6549205916522258
0.323943661971831	1.5522336888154895	1.131035680651612	4	3.0072130314389325	0.6173520382665809
0.6338028169014085	1.8904598709939033	1.196463295774675	6	3.7207259836699866	0.6753108404102055
0.5774647887323944	1.8216174042823152	1.2252479859406264	5	3.624330178955336	0.6934499315691698
0.5070422535211268	1.8585930231049939	1.1173890499778891	5	3.4830243266040095	0.6571815191305446
0.4507042253521127	1.7645732277432817	1.135067553318844	4	3.3503450064142384	0.6753230527593346
0.6197183098591549	1.70086998956108	1.1855317663489044	5	3.506120065769139	0.6747787476805945
0.33098591549295775	1.5674194358133893	1.1087336171860132	4	3.0071389684923604	0.6421747333020419
0.49295774647887325	1.6136389593417377	1.0819381631461573	4	3.1885348689667685	0.6519840728986156
0.20422535211267606	1.4066278776050354	0.8732324719506733	3	2.4840857016683846	0.6009138287998856
0.7464788732394366	2.0516507189671915	1.250587639266734	7	4.048717231473362	0.694484121712149
0.704225352112676	2.021147138036416	1.2864071960478742	6	4.011779686196967	0.7127955778949431
0.647887323943662	2.0519601537219816	1.2051380034582702	6	3.904985481123914	0.6825719008627554
0.5985915492957746	2.0154177435560094	1.24418219653388	5	3.858191489385664	0.7021632041122295
0.7323943661971831	1.9205242924353867	1.249591928924731	6	3.902510587557301	0.6972362579877971
0.45774647887323944	1.8576947100120953	1.2269200066828578	5	3.5423611955681924	0.6756445485463956
0.6338028169014085	1.8946703288347742	1.1967978813372757	5	3.7252710270734584	0.6834920202236544
0.352112676056338	1.809669859905507	1.1373807239464002	4	3.299163259908245	0.6530663239808667
0.6690140845070423	2.0620839850539148	1.2036118562456548	6	3.934709925806612	0.6991203642197295
0.6126760563380281	2.027566341154329	1.2415064278198367	5	3.8817488253121937	0.7220213601405984
0.5422535211267606	2.064541959977008	1.1140806539966068	5	3.720876135100375	0.6857529477019731
0.4788732394366197	2.022009398833299	1.1387795619712746	4	3.639662200241193	0.7110373384736203
0.6549295774647887	1.906818926433094	1.1944926050626021	5	3.756241108960485	0.7033501762520231
0.36619718309859156	1.8248556069034068	1.1328943503300775	4	3.323947140332076	0.6778890190163277
0.528169014084507	1.8710751304317552	1.073487499856067	4	3.4727316443723293	0.6876983586129013
0.2323943661971831	1.7498761057250587	0.8747831492796289	3	2.8570536212018705	0.6485328764189333
0.647887323943662	1.9616570751199163	1.2456971555693643	6	3.8552415546329426	0.6673743324736977
0.6056338028169014	1.9070540492335308	1.300272964320145	5	3.812960816370577	0.6839261220453603
0.5492957746478874	1.9440296680562095	1.1896369225564776	5	3.6829623652605745	0.6476577096067351
0.5	1.8713690339323015	1.2574376554289657	4	3.628806689361267	0.6634182908545727
0.6338028169014085	1.7863066345122955	1.2574463637961348	5	3.6775558152098387	0.6652549381567852
0.3591549295774648	1.6742152420024088	1.2305482607438714	4	3.263918432323745	0.6302699713972801
0.5352112676056338	1.7204347655307572	1.1991242970357987	4	3.45477033017219	0.6400793109938536
0.2535211267605634	1.5490222858570617	1.111518702021571	3	2.9140621146391963	0.5850408129268698
0.5704225352112676	1.9561782656545295	1.188385988031802	5	3.714986788897599	0.6675158656351039
0.5140845070422535	1.886554780930201	1.2547085180626392	4	3.6553478060350937	0.6882409858900337
0.44366197183098594	1.9327743044585495	1.0611118068918206	4	3.4375480831813556	0.6429054703417522
0.38028169014084506	1.832141671094118	1.1140154889189269	3	3.32643885015389	0.6623354989172081
0.5563380281690141	1.735620512528657	1.197012647068422	4	3.488971187766093	0.6649020060293147
0.2676056338028169	1.569269948520928	1.106006909103084	3	2.942882491426829	0.6181377396408179
0.4295774647887324	1.6308959798920595	1.0247523652241926	3	3.0852258099049843	0.6312168591029159
0.13380281690140844	1.3290078675621673	0.5411863379193371	2	2.003997022382913	0.5442278860569715
0.7746478873239436	2.1132373452017794	1.2882238909280002	7	4.176109123453723	0.7592578572933381
0.7323943661971831	2.092998201976769	1.3341058309983405	6	4.159498399172293	0.788364936072997
0.676056338028169	2.1238112176623343	1.266190071613688	6	4.0660576273041915	0.7581412590408092
0.6338028169014085	2.1016390202844324	1.3282721227040466	5	4.0637139598898875	0.7928464339258942
0.7605633802816901	1.9923753563757394	1.3028018660276508	6	4.055740602685081	0.772805616165851
0.4859154929577465	1.9439159867405185	1.2992467362742777	5	3.729078215972543	0.76632777836006
0.6619718309859155	1.980891605563197	1.2891547607361225	5	3.932018197285235	0.774175250037319
0.3873239436619718	1.9174464558160358	1.2788285628395457	4	3.583598962317553	0.7664203612479474
0.6971830985915493	2.1339350489942674	1.2577369173680515	6	4.088855064953868	0.7746897223977832
0.6408450704225352	2.1137876178827524	1.315205843440472	5	4.069838531745759	0.812704589954263
0.5704225352112676	2.150763236705431	1.2078102194246692	5	3.9289959913413677	0.7764361775156378
0.5140845070422535	2.129785994743828	1.2825152109131126	4	3.9263857126991937	0.8243913757407011
0.6830985915492958	1.993040203161517	1.2764589739119174	5	3.95259776862273	0.7940334060656877
0.39436619718309857	1.9326322028139356	1.2570246716406703	4	3.584023071637705	0.7912430562834084
0.5563380281690141	1.978851726342284	1.2310014041790382	4	3.7661911586903365	0.801052395879982
0.2676056338028169	1.8935782336057638	1.1648503710490392	3	3.32603423845762	0.799671592775041
0.6830985915492958	2.033508139060269	1.2805675222693291	6	3.9971742528788936	0.7429436906517515
0.6408450704225352	1.9932753259619538	1.3450903383071322	5	3.9792107346916215	0.7746093518590249
0.5845070422535211	2.0302509447846324	1.2544844463508917	5	3.8692424333890454	0.7383409394203997
0.5422535211267606	1.97914562984283	1.3530365683147239	4	3.874435719284315	0.7767723281216534
0.6690140845070423	1.8725279112407187	1.310530691011802	5	3.852072686759563	0.7559381679704497
0.39436619718309857	1.7819918379129376	1.3065418459983844	4	3.4828998810944207	0.7436240086643608
0.5704225352112676	1.828211361441286	1.30850146530269	4	3.7071353619552436	0.7534333482609344
0.29577464788732394	1.6927244137377668	1.3053124516788221	3	3.293811513303913	0.7361795292829776
0.6056338028169014	2.0423995423829524	1.2428430012766847	5	3.8908763464765386	0.7581990954487685
0.5492957746478874	1.9943313768407298	1.332989913365845	4	3.876617064854462	0.8015950231571144
0.4788732394366197	2.040550900369078	1.1727767852074042	4	3.692200925013102	0.756259507608833
0.4225352112676056	1.9758437989748232	1.3123848586735625	3	3.7107638689159916	0.8134742152733156
0.5915492957746479	1.8433971084391858	1.2890722977527607	4	3.7240187019665942	0.7782560432963954
0.3028169014084507	1.712972076401633	1.2651656235952295	3	3.2809546014053135	0.7692764559969255
0.4647887323943662	1.7745981077727642	1.250678245741094	3	3.490065085908224	0.7823555754590237
0.176056338028169	1.5445610593832244	1.144082218840447	2	2.8646996162518406	0.770935960591133
0.6971830985915493	2.2051322531202806	1.2814042545346056	6	4.183719606246436	0.7667532144612753
0.6549295774647887	2.199224262833968	1.3518810378777877	5	4.206034878176545	0.8031807804304535
0.5985915492957746	2.2361998816566464	1.2417083080610545	5	4.076499739013475	0.7669123679918283
0.5492957746478874	2.2365818009328473	1.3409690064528963	4	4.126846582033631	0.8124866138359392
0.6830985915492958	2.0784768481127327	1.3100237874169447	5	4.071599227078973	0.7845095965418782
0.4084507042253521	2.039428009002955	1.3149230086281907	4	3.7628017218564977	0.7793382943786465
0.5845070422535211	2.0856475325313033	1.2842712314983415	4	3.954425806283166	0.7891476339752201
0.3028169014084507	2.03597264185779	1.2753039879792611	3	3.614093531245502	0.7837985769020251
0.6197183098591549	2.2483484792549664	1.240756276896413	5	4.108823066010535	0.786770524020197
0.5633802816901409	2.251767547930747	1.3387380413532934	4	4.1538858709741815	0.8373093088714001
0.49295774647887325	2.2979870714590955	1.1459135167606984	4	3.936858334698667	0.7919737933231187
0.4295774647887324	2.3190920270948463	1.2771103256892868	3	4.025779817572865	0.8610932628923633
0.6056338028169014	2.100833279529203	1.2826577537976884	4	3.9891248361437928	0.8139703290106811
0.31690140845070425	2.0562203045216565	1.2707885395942211	3	3.643910252566582	0.8168955036159732
0.4788732394366197	2.117846335892788	1.191078368871776	3	3.7877979442011833	0.8299746230780713
0.18309859154929578	2.0594334015632594	1.0206385999599017	2	3.263170593072457	0.8423645320197044
0.5985915492957746	2.127836187334168	1.270670523691779	5	3.9970982603217218	0.748675285924959
0.5563380281690141	2.101127183029749	1.3813260985368097	4	4.038791309735573	0.7896902612523525
0.5	2.1473467065580976	1.2164844607101524	4	3.86383116726825	0.7443547457040711
0.4507042253521127	2.1182382072268493	1.4037141719706738	3	3.972656604549636	0.7976011994002998
0.5845070422535211	1.9501929146282053	1.3322245147032452	4	3.866924471584972	0.7663512813916336
0.30985915492957744	1.8553664846536593	1.3553840197878138	3	3.5206096593710505	0.7534034401239097
0.4859154929577465	1.9169925160247905	1.3316396225972447	3	3.7345476315797814	0.7664825595860079
0.20422535211267606	1.7581526717612639	1.3987082362837435	2	3.361086260157683	0.7471264367816093
0.5211267605633803	2.1625324535559973	1.2166282192594955	4	3.9002874333788733	0.769177440739532
0.4647887323943662	2.1384858698907157	1.4027131960856263	3	4.0059877983707075	0.8306981261142479
0.39436619718309857	2.2001119012618466	1.0546233039695652	3	3.6491014024145105	0.7702507720498725
0.33098591549295775	2.1828317496168483	1.4032245819566413	2	3.917042247066447	0.8630684657671164
0.5070422535211268	1.9372401786886568	1.3318736215100964	3	3.7761560537198804	0.7995794862999558
0.21830985915492956	1.7885241657570634	1.3955447540710983	2	3.402378778983091	0.7967718268525312
0.38028169014084506	1.8809632128137603	1.2690917131111512	2	3.5303366160657568	0.8163905060456784
0.08450704225352113	1.5272542210756768	1.0	1	2.611761263329198	0.8275862068965517
0.8028169014084507	1.9813403305843718	1.257001385265003	8	4.0411586172578255	0.6796911691453782
0.7605633802816901	1.945150062874733	1.2803715239107338	7	3.986084967067157	0.6932734240782344
0.704225352112676	1.9715612191766463	1.2265646454583108	7	3.9023512167476326	0.6673674151935022
0.6619718309859155	1.92770938828078	1.252040344445193	6	3.8417215637118884	0.681159420289855
0.7887323943661971	1.858901909502422	1.2519321855488694	7	3.899566489417489	0.6799368641578236
0.5140845070422535	1.7962735269941852	1.2315928485381655	6	3.541950882574604	0.6590605406516599
0.6901408450704225	1.8270865426797507	1.2174509943973224	6	3.7346783821474956	0.665600100382709
0.4154929577464789	1.745569410305332	1.1776066144854107	5	3.3386689825372216	0.6376811594202898
0.7253521126760564	1.980238788889732	1.2198690551836906	7	3.925459956749479	0.6815518123566227
0.6690140845070423	1.9378332196127133	1.2424088194639786	6	3.849256123583734	0.6977078836468291
0.5985915492957746	1.968646235298279	1.1633978663380369	6	3.730635650932091	0.6674842066146414
0.5422535211267606	1.915441041447566	1.1800834525520756	5	3.6377780151264023	0.6840579710144927
0.7112676056338029	1.8372103740116839	1.2080664643756875	6	3.7565444440211744	0.682148563739683
0.4225352112676056	1.757718007903652	1.163143271557838	5	3.343396490729096	0.6575393154486586
0.5845070422535211	1.7946936267263307	1.1364085054077493	5	3.5156091743876012	0.6653867871259176
0.29577464788732394	1.6846989822699523	1.0342508668947679	4	3.014724497052044	0.6304347826086956
0.704225352112676	1.894158580374876	1.2493522687162961	7	3.8477362012038485	0.6543409280028812
0.6619718309859155	1.8374063096787145	1.2807777100861213	6	3.7801558507507513	0.6659618519007973
0.6056338028169014	1.8682193253642803	1.2129599116665548	6	3.6868130398477366	0.6357381748686097
0.5633802816901409	1.7949287495267676	1.2500651080595966	5	3.608374139276505	0.6459627329192547
0.6901408450704225	1.7367834640776854	1.2492268364866463	6	3.676151145634754	0.6504025319936513
0.4154929577464789	1.6372057159828537	1.2205224172390208	5	3.2732210909683532	0.6194440773534206
0.5915492957746479	1.6741813348055323	1.210577383148495	5	3.476308013728675	0.6272915490306794
0.31690140845070425	1.5340586173689545	1.1505966423205831	4	3.0015566681402417	0.5828157349896481
0.6267605633802817	1.8783431566962134	1.2042782761449184	6	3.709381996221414	0.6522866382255836
0.5704225352112676	1.8070773471250874	1.2366561068820219	5	3.6141559892183768	0.6658208889476235
0.5	1.8440529659477662	1.129407424313848	5	3.4734603902616144	0.6295524765089983
0.44366197183098594	1.7463981562967468	1.1545742611888283	4	3.3446343893165613	0.6407867494824017
0.6126760563380281	1.686329932403852	1.19753887441029	5	3.4965448631521703	0.6471497050590482
0.323943661971831	1.5492443643668543	1.1282215479317081	4	3.0014095742703937	0.607638430025109
0.4859154929577465	1.5954638878952028	1.1024431828827912	4	3.1838225637357405	0.6174477696216827
0.19718309859154928	1.3823944490096558	0.9131946793773781	3	2.492772226978583	0.5548654244306419
0.7464788732394366	2.041264963854886	1.2588929498405368	7	4.04663678693486	0.6747490912681874
0.704225352112676	2.0090304237387264	1.2978250644418852	6	4.011080840293287	0.6897713757103212
0.647887323943662	2.039843439424292	1.2169627074486569	6	3.9046934708166106	0.6595476986781335
0.5985915492957746	2.0008776863987814	1.2616049029054905	5	3.8610741386000464	0.6745341614906832
0.7323943661971831	1.908407578137697	1.261409122065402	6	3.902211066400282	0.6742120558031752
0.45774647887323944	1.8431546528548677	1.2443314467798947	5	3.545232578508002	0.6480155059248491
0.6338028169014085	1.8801302716775463	1.2148195748288761	5	3.728752663407831	0.6558629776021081
0.352112676056338	1.791494788458972	1.166892963742453	4	3.310500428257763	0.6185300207039337
0.6690140845070423	2.049967270756225	1.2154073478667309	6	3.934388703129998	0.6760961620351075
0.6126760563380281	2.0130262839971014	1.2588853156374813	5	3.8845876559726107	0.6943923175190521
0.5422535211267606	2.0500019028197802	1.132069795208815	5	3.7243252191553555	0.6581239050804268
0.4788732394366197	2.0038343273867643	1.1682375479683407	4	3.6509451147917247	0.6765010351966874
0.6549295774647887	1.892278869275866	1.2124704800002368	5	3.759678926740891	0.6757211336304768
0.36619718309859156	1.8066805354568718	1.1623335592028543	4	3.335211277758318	0.6433527157393948
0.528169014084507	1.8529000589852203	1.1039437977197828	4	3.48501287078951	0.6531620553359684
0.2323943661971831	1.7256426771296791	0.9346479129604974	3	2.8926849562873596	0.6024844720496894
0.6408450704225352	1.9495403608222264	1.2537960731080107	6	3.8441815043527723	0.6443501302890757
0.5985915492957746	1.892513992076303	1.3121069910141454	5	3.803212532386223	0.656297079423814
0.5422535211267606	1.9294896108989819	1.2020812026450414	5	3.6738243346707837	0.6200286669851888
0.49295774647887325	1.8531939624857665	1.2776542062199583	4	3.6238059151845983	0.6288819875776397
0.6267605633802817	1.7717665773550677	1.2698793776101251	5	3.668406518345474	0.6376258955352387
0.352112676056338	1.6560401705558738	1.2507460344105745	4	3.2588988810227866	0.5957336681203471
0.528169014084507	1.7022596940842223	1.2203391596934405	4	3.4507678678621696	0.6055430077169208
0.24647887323943662	1.524788857261682	1.1529005952902922	3	2.9241683257914106	0.5389924085576259
0.5633802816901409	1.9416382084973016	1.2007864495664002	5	3.7058049397538424	0.6398868230135575
0.5070422535211268	1.868379709483666	1.2748520379303558	4	3.6502740009351484	0.6537046826131008
0.43661971830985913	1.9145992330120145	1.0822724157504757	4	3.4334913670723495	0.6083691670648192
0.3732394366197183	1.8079082424987385	1.1552888745896746	3	3.3364365537081313	0.6162870945479642
0.5492957746478874	1.717445441082122	1.218154478802788	4	3.4848956945327974	0.6303657027523817
0.2605633802816901	1.5450365199255482	1.147242740525253	3	2.9528426407324915	0.5720893352715739
0.4225352112676056	1.6066625512966795	1.068022374628239	3	3.097220137192524	0.5851684547336722
0.1267605633802817	1.2926577246690973	0.6678528699917886	2	2.0872711580411676	0.47515527950310554
0.7676056338028169	2.102851590089474	1.2901746090320512	7	4.160631832924342	0.7155654177987996
0.7253521126760564	2.0808814876790787	1.336627269934699	6	4.142860870289834	0.7373904233293687
0.6690140845070423	2.1116945033646446	1.2691183461464217	6	4.049826934018109	0.7071667462971811
0.6267605633802817	2.0870989631272048	1.332350184889179	5	4.046209711396665	0.7316770186335404
0.7535211267605634	1.9802586420780495	1.305722629710669	6	4.039502398549282	0.7218311034222227
0.4788732394366197	1.9293759295832906	1.3033135321848361	5	3.7115627012047465	0.7051583630677063
0.6549295774647887	1.9663515484059695	1.2938318100412443	5	3.9151129359120023	0.7130058347449652
0.38028169014084506	1.8992713843695008	1.286099728991467	4	3.5656528035018127	0.6899585921325051
0.6901408450704225	2.1218183346965778	1.260635979531475	6	4.0725951592984755	0.723715209654155
0.6338028169014085	2.0992475607255243	1.319240087071638	5	4.0522904646985705	0.7515351746619091
0.5633802816901409	2.136223179548203	1.2124547164503985	5	3.912058177688743	0.715266762223284
0.5070422535211268	2.111610923297293	1.2897321232660475	4	3.908385300084467	0.7479296066252588
0.676056338028169	1.9785001460042893	1.2810922046630733	5	3.9356486886955313	0.7328639907733339
0.3873239436619718	1.9144571313674006	1.2642228068693158	4	3.5660038818986886	0.7147812871679662
0.5492957746478874	1.960676654895749	1.2392166283986223	4	3.749189057942259	0.7245906267645398
0.2605633802816901	1.8693448050103838	1.1802329874416448	3	3.3101411727337187	0.6977225672877847
0.6690140845070423	2.021391424762579	1.279770010350323	6	3.970175519619944	0.6919691779081234
0.6267605633802817	1.978735268804726	1.3435797208146545	5	3.9490755529996617	0.713439936566671
0.5704225352112676	2.015710887627405	1.2535840822529773	5	3.8397175050916497	0.6771715241280458
0.528169014084507	1.960970558396295	1.3510120454615846	4	3.8401516179423867	0.7003105590062112
0.6549295774647887	1.8579878540834909	1.3096190606393139	5	3.8225364921875933	0.6947687526780959
0.38028169014084506	1.7638167664664026	1.304498546020956	4	3.448597002628204	0.6671622395489185
0.5563380281690141	1.810036289994751	1.3074752543162005	4	3.6738495724799654	0.6769715791454922
0.28169014084507044	1.6684909851423868	1.30221219765928	3	3.2523933236467375	0.6342305037957212
0.5915492957746479	2.027859485225725	1.2418988186248043	5	3.861307599625177	0.6970296801564146
0.5352112676056338	1.9761563053941948	1.3308923595894298	4	3.8422599325892586	0.7251332540416722
0.4647887323943662	2.0223758289225433	1.171696320421928	4	3.6588608817388373	0.6797977384933906
0.4084507042253521	1.9516103703794432	1.3091760970560473	3	3.6692371716608427	0.7115251897860593
0.5774647887323944	1.8252220369926508	1.2879730558429952	4	3.6906598815680405	0.7017942741809531
0.2887323943661972	1.6887386478062532	1.2619193077291355	3	3.239390349901586	0.6673274305096691
0.4507042253521127	1.7503646791773846	1.2494661078568778	3	3.450535012386375	0.6804065499717673
0.1619718309859155	1.508210916490155	1.1373023090481096	2	2.80748505652418	0.6180124223602483
0.6901408450704225	2.1930155388225905	1.2845872538664318	6	4.167743637759445	0.7157787017176471
0.647887323943662	2.18468420567674	1.3563411872615587	5	4.18891271688196	0.7420113651380996
0.5915492957746479	2.221659824499419	1.246778710839389	5	4.059987831113456	0.7057429526994744
0.5422535211267606	2.2184067294863126	1.3488957617268393	4	4.109556012339913	0.7360248447204969
0.676056338028169	2.0639367909555046	1.3150829239207056	5	4.055076052904379	0.7233401812495245
0.4014084507042254	2.02125293755642	1.3228309867778443	4	3.7454923750384896	0.7028765252632043
0.5774647887323944	2.0674724610847686	1.2931962986389338	4	3.938133548456097	0.7126858648597779
0.29577464788732394	2.0117392132624103	1.2921062902138827	3	3.599620151363617	0.6818495514147689
0.6126760563380281	2.2338084220977388	1.2457828611207817	5	4.092267339556549	0.7256011087278432
0.5563380281690141	2.2335924764842123	1.3465917657039606	4	4.136522270357187	0.7608475397559579
0.4859154929577465	2.279812000012561	1.1547843301023042	4	3.9205118230726113	0.7155120242076763
0.4225352112676056	2.2948585984994665	1.293804120325935	3	4.011197930093007	0.759144237405107
0.5985915492957746	2.0826582080826683	1.291509790015005	4	3.972759547393448	0.7375085598952389
0.30985915492957744	2.0319868759262767	1.2874447799822908	3	3.629290810838145	0.7149464781287167
0.47183098591549294	2.0936129072974077	1.209768787241724	3	3.775212680454625	0.728025597590815
0.176056338028169	2.02308325867019	1.0735663589300561	2	3.272705955628415	0.6894409937888198
0.5845070422535211	2.1132961301769404	1.2701522467925035	5	3.9679554192229647	0.6875058706326052
0.5422535211267606	2.0829521115832144	1.3799383876814029	4	4.005144020391378	0.7132284921369103
0.4859154929577465	2.129171635111563	1.2161138388456842	4	3.8312009669149933	0.6678929765886288
0.43661971830985913	2.0940047786314695	1.4019250961951746	3	3.9325495931365033	0.6956521739130435
0.5704225352112676	1.9320178431816704	1.3318351157144879	4	3.834275494107426	0.6898895122761912
0.29577464788732394	1.8311330560582793	1.353557389763736	3	3.4804650937093395	0.6514544146366534
0.47183098591549294	1.8927590874294105	1.3318471705550443	3	3.6964372438999478	0.6645335340987515
0.19014084507042253	1.7218025288681942	1.3961873840174548	2	3.3081307579560715	0.5942028985507246
0.5070422535211268	2.1443573821094626	1.2161845664717514	4	3.867584202102341	0.6927156716240898
0.4507042253521127	2.1142524412953354	1.4007780584635754	3	3.965734725111023	0.7287491006269915
0.38028169014084506	2.175878472666467	1.0547223443293914	3	3.6108825071367034	0.6683017465626162
0.31690140845070425	2.146481606723779	1.400378206896432	2	3.8637612220709157	0.7101449275362319
0.49295774647887325	1.9130067500932768	1.3319351076213444	3	3.7378996041934944	0.6976304608126995
0.20422535211267606	1.7521740228639935	1.3925857162651538	2	3.3489850912418233	0.6438482886216466
0.36619718309859156	1.8446130699206904	1.2722352092508395	2	3.4830454622701215	0.6634669678147939
0.07042253521126761	1.4545539352895374	1.0	1	2.524976470500805	0.5217391304347826
0.7535211267605634	2.0565955299122054	1.2788538444295359	7	4.088970501102304	0.7022557461040347
0.7112676056338029	2.026916084138932	1.3213286104650943	6	4.059512300237829	0.7218624730188097
0.6549295774647887	2.0577290998244977	1.2540223477659898	6	3.966681025055276	0.6916387959866221
0.6126760563380281	2.0223404788790287	1.3105318037794056	5	3.9455483389964625	0.7130434782608696
0.7394366197183099	1.9262932385379028	1.2900564032681898	6	3.9557862615244024	0.7063031531116637
0.4647887323943662	1.8646174453351148	1.280639808981992	5	3.610045986711473	0.6865248226950355
0.6408450704225352	1.9015930641577934	1.2714620784721586	5	3.8139002130524875	0.6943722943722943
0.36619718309859156	1.818323279059281	1.2501928704777832	4	3.4347133326356554	0.6666666666666667
0.676056338028169	2.067852931156431	1.244888632565008	6	3.988797901749608	0.708187259343596
0.6197183098591549	2.0344890764773487	1.2964446830828134	5	3.9506520694193172	0.7329016342892383
0.5492957746478874	2.071464695300027	1.1899633040953324	5	3.8107237740432467	0.6966332218506132
0.49295774647887325	2.030662817987073	1.2536224634423954	4	3.7772430279083418	0.7246376811594203
0.6619718309859155	1.9137416617561134	1.2577454502149363	5	3.833458942956965	0.7142304504006631
0.3732394366197183	1.8335090260571807	1.2266875768905459	4	3.433436039567445	0.6914893617021276
0.5352112676056338	1.8797285495855292	1.2021880511427836	4	3.617127868333947	0.7012987012987013
0.24647887323943662	1.7614139979300907	1.108927887799551	3	3.1168207589690784	0.6666666666666667
0.6549295774647887	1.9674260212224324	1.2646570631714955	6	3.8870126618587166	0.6764412275975644
0.6126760563380281	1.91397678455655	1.3217359165072882	5	3.8483887574018665	0.6948063961940003
0.5563380281690141	1.950952403379229	1.2320442695793696	5	3.739334701127613	0.6585379837553751
0.5140845070422535	1.8800224530860752	1.3164883851070306	4	3.710595345235359	0.6770186335403727
0.6408450704225352	1.793229369835315	1.2872239058726351	5	3.7212983461304856	0.6761352123054251
0.36619718309859156	1.6828686611561827	1.2685493155112841	4	3.317615159766058	0.64387031408308
0.5422535211267606	1.7290881846845312	1.2720326765294594	4	3.543374382340751	0.6536796536796536
0.2676056338028169	1.5605601780620937	1.2340790969553816	3	3.0622449088202925	0.6031746031746033
0.5774647887323944	1.9631010009775487	1.2193819830721453	5	3.7599477727820885	0.6783961397837439
0.5211267605633803	1.895208200083975	1.2947403277697898	4	3.7110752884171454	0.7018413285758336
0.4507042253521127	1.9414277236123234	1.1360509413252189	4	3.5281828902896546	0.6565058130275522
0.39436619718309857	1.84367956329915	1.2406373937322128	3	3.478683154214462	0.6804692891649413
0.5633802816901409	1.744273931682431	1.250902106591168	4	3.5585563199637402	0.6785023487151146
0.2746478873239437	1.58080784072596	1.1905294640950654	3	3.045985192144969	0.6362715298885511
0.43661971830985913	1.6424338720970912	1.1790895696686696	3	3.25814316007562	0.6493506493506493
0.14788732394366197	1.346314705869715	0.9344288590922358	2	2.4286308889056127	0.5714285714285714
0.6971830985915493	2.139050135282444	1.282263080086636	6	4.1184963139606285	0.7002507514070881
0.6549295774647887	2.1199257214285643	1.3536805430527392	5	4.128535841946093	0.7233778247654289
0.5985915492957746	2.1569013402512427	1.2444220582643282	5	3.9999149478113454	0.6871094123268037
0.5492957746478874	2.1374586241760927	1.3463440348698625	4	4.0330984336938425	0.7127329192546584
0.6830985915492958	1.999178306707329	1.3118709292525739	5	3.9941478275091984	0.7047066408768536
0.4084507042253521	1.9403048322462002	1.3188536897657495	4	3.6676092262373015	0.6795845997973657
0.5845070422535211	1.9865243557745487	1.2897256543497704	4	3.8607570523778403	0.6893939393939394
0.3028169014084507	1.903808406182117	1.2879170565051394	3	3.494542364095707	0.6507936507936509
0.6197183098591549	2.1690499378495627	1.2424491856666693	5	4.031217433375387	0.7069675683551724
0.5633802816901409	2.1526443711739924	1.3424116673818978	4	4.058436320246031	0.7375556142901194
0.49295774647887325	2.198863894702341	1.1511108845031726	4	3.8429325256843865	0.6922200987418379
0.4295774647887324	2.186927791419173	1.2892092839972558	3	3.905714540205161	0.728088336783989
0.6056338028169014	2.0017101027724484	1.2864107742607553	4	3.8937546798501055	0.7142166344294003
0.31690140845070425	1.9240560688459833	1.2799988033433758	3	3.520956280640063	0.6838905775075987
0.4788732394366197	1.9856821002171146	1.2033361160486709	3	3.667891455702405	0.696969696969697
0.18309859154929578	1.8611870480497499	1.0625245099596476	2	3.1068101495586933	0.6428571428571428
0.5915492957746479	2.0485376459287643	1.2677701710198495	5	3.9078571127232617	0.6688723302599344
0.5492957746478874	2.0020040062729945	1.3773442888284382	4	3.9286440697493203	0.6899365666710717
0.49295774647887325	2.048223529801343	1.2140263927156505	4	3.755207668995867	0.6446010511227902
0.44366197183098594	1.9860739715511764	1.400502258804691	3	3.830238202186853	0.6645962732919255
0.5774647887323944	1.8510697378714505	1.328322099429336	4	3.756856626033181	0.6665975868103529
0.3028169014084507	1.7232022489779861	1.3492834120630164	3	3.3753025624494533	0.6203985140155353
0.4788732394366197	1.7848282803491173	1.328586498300187	3	3.592288018085924	0.6334776334776335
0.19718309859154928	1.5599063182477542	1.3946615318616333	2	3.1517509487009367	0.5476190476190477
0.5140845070422535	2.0634092767992427	1.2124687488766317	4	3.789962532718128	0.6694237461582513
0.45774647887323944	2.0063216342150425	1.39609847814292	3	3.860166591231202	0.6976932000058735
0.3873239436619718	2.0679476655861735	1.051056069454598	3	3.5063276787027435	0.637245845941498
0.323943661971831	1.9845853961033388	1.3976355468808028	2	3.7061646049559727	0.6635610766045549
0.5	1.8050759430129837	1.3254176924363152	3	3.630493635449299	0.6665745601915816
0.2112676056338028	1.5902778122435537	1.3812896353188167	2	3.182835053196173	0.5972644376899696
0.3732394366197183	1.6827168593002506	1.2639790446420889	2	3.3199353405620577	0.6168831168831168
0.07746478873239436	1.1307615140486575	1.0	1	2.2082263027810516	0.4285714285714286
0.7183098591549296	2.2109011992227967	1.2947607736843345	6	4.223971832062061	0.7478697990261358
0.676056338028169	2.2061469981569872	1.3649389073863278	5	4.247142243571484	0.7805206819082859
0.6197183098591549	2.243122616979666	1.2757105724053437	5	4.138551499244165	0.7442522694696607
0.5774647887323944	2.2452352200866215	1.3860112649999559	4	4.208711273818972	0.7841614906832298
0.704225352112676	2.085399583435752	1.3313962468148424	5	4.12102118236327	0.7618494980197108
0.4295774647887324	2.048081428156729	1.338915592264598	4	3.81657448521006	0.7510131712259371
0.6056338028169014	2.0943009516850775	1.3431711398609971	4	4.043105894362976	0.7608225108225108
0.33098591549295775	2.047510534062822	1.3698474406510608	3	3.74834389020684	0.746031746031746
0.6408450704225352	2.2552712145779856	1.2633471892581534	5	4.159463474258675	0.7641104254980295
0.5845070422535211	2.2604209670845212	1.3647613799294387	4	4.209689389267481	0.8089841857186908
0.5140845070422535	2.3066404906128697	1.2068441800630914	4	4.027569177718215	0.7636486701704093
0.45774647887323944	2.3306299192998785	1.3757152882405619	3	4.16409168641368	0.8233264320220841
0.6267605633802817	2.1094866986829772	1.322538742189429	4	4.0587860042526875	0.7856452058579717
0.3380281690140845	2.0677581967266883	1.3272941523241917	3	3.7330805180649644	0.779128672745694
0.5	2.1293842280978197	1.3173986310542432	3	3.946782859152063	0.7922077922077921
0.2112676056338028	2.0767402398708072	1.329830294346769	2	3.6178381398513793	0.7857142857142856
0.6197183098591549	2.1347589226571873	1.2597861329776856	5	4.014263365494028	0.7260151874027915
0.5704225352112676	2.1097806021835233	1.3515572653198988	4	4.031760402714689	0.7613651380996431
0.5211267605633803	2.1560001257118717	1.2216229522194892	4	3.8987498384947408	0.7160296225513617
0.47183098591549294	2.129776099431881	1.3907347909358372	3	3.992341876283211	0.7598343685300207
0.6056338028169014	1.9588463337819793	1.3163133313019302	4	3.880793467900811	0.7380261582389241
0.323943661971831	1.866904376858691	1.3003052889316726	3	3.4911533277621944	0.7156366092536306
0.5070422535211268	1.9285304082298225	1.3463755411935996	3	3.781948202944549	0.7287157287157287
0.22535211267605634	1.7754595100688118	1.3731468999122756	2	3.373958522657144	0.6904761904761905
0.5422535211267606	2.1711858727097715	1.2027477907979183	4	3.9161871846344503	0.7408523175868227
0.4788732394366197	2.1500237620957474	1.351695975108961	3	3.980592976641328	0.7929312952439687
0.4154929577464789	2.211649793466879	1.0734207324453953	3	3.700563483658753	0.7324839411795934
0.352112676056338	2.200138587924396	1.3898477752235996	2	3.942099039204334	0.8064182194616977
0.528169014084507	1.9487780708936888	1.3085717001646227	3	3.785518785142819	0.7618126554296767
0.2323943661971831	1.805831004064611	1.2558698978741434	2	3.294095268135938	0.7401215805471124
0.4014084507042254	1.898270051121308	1.3388608052716842	2	3.6385393070972176	0.7597402597402596
0.1056338028169014	1.5618678976907723	1.0	1	2.6675017005076738	0.7142857142857142
0.6267605633802817	2.3407078595292012	1.2733855932636549	5	4.240854016173138	0.75458661597422
0.5845070422535211	2.3672167732735407	1.383449034417749	4	4.335172849944811	0.7970794238139289
0.528169014084507	2.413436296801889	1.2209033248831849	4	4.162508635769581	0.7517439082656474
0.4788732394366197	2.4730243275519044	1.4077475401723636	3	4.359645107160888	0.8074534161490683
0.6126760563380281	2.2162825048719967	1.336042428457259	4	4.165000989667284	0.7737404439532098
0.3380281690140845	2.2101526049787146	1.3582154871514664	3	3.9063962611442653	0.7632556568726782
0.5140845070422535	2.2717786363498456	1.3390629465450843	3	4.124926089937183	0.7763347763347763
0.2323943661971831	2.2903318522488467	1.4065651276941376	2	3.9292913461401673	0.7619047619047619
0.5492957746478874	2.428622043799789	1.2198438533108897	4	4.197761671758566	0.7765666033011084
0.49295774647887325	2.4932719902157707	1.4043401040440397	3	4.390569840738683	0.8405503428630163
0.4225352112676056	2.554898021586902	1.0608420685121651	3	4.038275301366673	0.7801029887986409
0.3591549295774648	2.715010930104431	1.4074677951513173	2	4.481633654833214	0.8778467908902692
0.5352112676056338	2.292026299013712	1.3368904852146593	3	4.1641280518340045	0.8094317030487242
0.24647887323943662	2.3207033462446462	1.3961822647516628	2	3.9633644842357456	0.8115501519756838
0.4084507042253521	2.413142393301343	1.2835047935442758	2	4.105097891070971	0.8311688311688311
0.11267605633802817	2.591612582050842	1.0	1	3.7042886383888702	0.8571428571428571
0.5211267605633803	2.277981678898791	1.2066893252491926	4	4.005797764711364	0.7289475556820608
0.47183098591549294	2.2924181703477733	1.3634930063031252	3	4.127742162566392	0.7770582793709528
0.4225352112676056	2.3540442017189047	1.0759607443031258	3	3.852540157289636	0.7166109253065776
0.36619718309859156	2.4137302003024357	1.4092096976716366	2	4.189137081072664	0.782608695652174
0.5070422535211268	2.091172479145715	1.310000794917826	3	3.9082155275846677	0.7459396395566609
0.22535211267605634	2.0194226164426503	1.271899069008599	2	3.5166737981273055	0.7163120567375887
0.4084507042253521	2.1118616634993472	1.3271189183968388	2	3.8474312861215383	0.7359307359307359
0.11971830985915492	1.989051122446851	1.0	1	3.1087694323060058	0.6666666666666667
0.44366197183098594	2.374291864382771	1.077302755472694	3	3.8952565916864508	0.7497078520205255
0.38028169014084506	2.4441016942982348	1.4093702522291398	2	4.23375363666822	0.8322540857230959
0.31690140845070425	2.5365407413549317	0.49155361684090226	2	3.344995766646538	0.741583054626533
0.24647887323943662	2.83840927815802	1.0	1	4.084888151397457	0.8985507246376812
0.4295774647887324	2.1422331574951468	1.33098439734804	2	3.9027950196319194	0.7855761260016578
0.13380281690140844	2.04979411043845	1.0	1	3.1835969273398583	0.7659574468085106
0.3028169014084507	2.2346722045518437	1.0	1	3.537489105960294	0.8051948051948051
best score
2	4.481633654833214	0.8778467908902692
0.8985507246376812
1