coverage		internal		external		size		score		f1
0.9259259259259259	1.8283300059451382	1.1317412720421038	5	3.885997203913168	0.6738475755599043
0.8055555555555556	1.9578694247208295	1.226163868670011	4	3.989588848946396	0.661785915942456
0.7129629629629629	1.464455071174863	1.0876336429019238	4	3.2650516770397493	0.595734126984127
0.5740740740740741	1.5158826512856927	1.2167887360196754	3	3.3067454613794425	0.5536140979689368
0.8888888888888888	1.976003594665481	1.2215341488770826	4	4.086426632431452	0.7311983583387693
0.6111111111111112	2.197947349273184	1.3370340061544412	3	4.146092466538736	0.7342330731084599
0.6018518518518519	1.5400615445452284	1.1821717949170687	3	3.3240851913141487	0.6461640211640212
0.2777777777777778	1.6550061513966559	1.3134063690004913	2	3.246190298174925	0.6081989247311828
0.7314814814814815	1.7549068491826831	0.9855679075958194	4	3.4719562382599842	0.602726136116547
0.6111111111111112	1.9031516886294533	1.100809874055713	3	3.6150726737962775	0.5629367768121634
0.5185185185185185	1.2452658839014978	0.839323289242688	3	2.603107691662704	0.47486772486772477
0.37962962962962965	1.21281266043106	0.9919859033687447	2	2.5844281934294346	0.35125448028673834
0.6944444444444444	1.9273305818889888	1.0900578513687207	3	3.711832877702154	0.655486700007248
0.4074074074074074	2.2359097074122967	1.3015223643001868	2	3.944839479119891	0.6221829429960231
0.4074074074074074	1.2490810003203636	0.8836573307575178	2	2.540145738485289	0.4900793650793651
0.07407407407407407	1.1879896697983539	1.0	1	2.262063743872428	0.25806451612903225
0.9074074074074074	1.9884150899818342	1.137806792165683	4	4.033629289554924	0.7798094694498804
0.7685185185185185	2.214496009694988	1.2500228584502144	3	4.233037386663721	0.7963597158802639
0.6944444444444444	1.5566102049670327	1.1122507514282627	3	3.36330540083974	0.710978835978836
0.5370370370370371	1.6798291420293623	1.3449739356897903	2	3.5618401147561896	0.7013888888888888
0.8703703703703703	2.2386749029545236	1.2768729430680998	3	4.3859182163929935	0.8915978111183591
0.5648148148148148	2.702926189010599	1.3961732851626456	2	4.663914288988059	0.9723173515981736
0.5833333333333334	1.7160974819186658	1.3494516849931968	2	3.648882500245196	0.8442460317460317
0.2222222222222222	2.122022632994958	1.0	1	3.3442448552171804	0.9583333333333334
0.6944444444444444	1.943879242310793	0.9120806157161554	3	3.5504043024713927	0.7203015148220628
0.5555555555555556	2.260732698045003	1.0089213544982074	2	3.825209608098766	0.7153729071537291
0.48148148148148145	1.27390399095307	0.6423266336018013	2	2.397712106036353	0.5873015873015872
0.32407407407407407	1.2376356510637665	1.0	1	2.5617097251378405	0.4444444444444444
0.6574074074074074	2.297001037934306	1.0849938590484576	2	4.039402304390171	0.8582300500108719
0.3425925925925926	3.2838297450262393	1.0	1	4.626422337618832	0.9863013698630138
0.37037037037037035	1.3101723308423736	1.0	1	2.680542701212744	0.7301587301587301
best score
2	4.663914288988059	0.9723173515981736
0.9863013698630138
1