coverage		internal		external		size		score		f1
0.9146341463414634	1.7664403547122347	1.2445237718055873	10	3.9255982728592853	0.44027699449038127
0.8170731707317073	1.7093402263446873	1.260495370445855	9	3.7869087675222497	0.42579382656173714
0.8333333333333334	1.8114812742182513	1.2236988610252983	9	3.868513468576883	0.46865756385135227
0.7357723577235772	1.7528737447430127	1.2439547676611102	8	3.7326008701277003	0.45591157110174907
0.8983739837398373	1.7823880385479463	1.2579391965218285	9	3.938701218809612	0.48529802506728514
0.8008130081300813	1.7201438546139198	1.2876753296050283	8	3.8086321923490294	0.47463208996967365
0.8170731707317073	1.835052533471679	1.2339392082088796	8	3.886064912412266	0.5225227782006958
0.7195121951219512	1.7714398225361816	1.272509851276408	7	3.7634618689345407	0.5156509599653414
0.9065040650406504	1.678759569416082	1.260734591536213	9	3.845998225992945	0.4358815545981831
0.5772357723577236	1.603561826840572	1.248403791005714	8	3.4292013902040095	0.3754677590239661
0.8252032520325203	1.7184705056983316	1.2444561150412685	8	3.7881298727721204	0.46726026514275076
0.4959349593495935	1.6382032193666416	1.2293782365148964	7	3.363516415231132	0.40269860027858395
0.8902439024390244	1.6857406155692383	1.2880812134895538	8	3.864065731497816	0.48598078401067535
0.5609756097560976	1.6007976306476779	1.2871413990437828	7	3.4489146394475583	0.42409347898478333
0.8089430894308943	1.732121835056546	1.2733093996648974	7	3.814374324152338	0.5286208960122004
0.4796747967479675	1.6407518892292767	1.2737669125317168	6	3.394193598508961	0.46352572548224724
0.9024390243902439	1.7810764073798415	1.251434024366452	9	3.934949456136537	0.47457528186372344
0.8008130081300813	1.7186682695498017	1.2772352677192953	8	3.7967165453991782	0.4625690038656668
0.8211382113821138	1.8335769484075608	1.224050572838621	8	3.878765732628296	0.510459692096689
0.7195121951219512	1.7697534396057608	1.256556645296684	7	3.745822280024396	0.5018645758464764
0.8414634146341463	1.800847058278468	1.247100917715504	8	3.8894113906281182	0.49750013327315956
0.7398373983739838	1.7323478508867975	1.2868868030637006	7	3.7590720523244823	0.4870536514767284
0.7479674796747967	1.863672055295665	1.2074054451298428	7	3.8190449801003044	0.5060715808836109
0.6463414634146342	1.7942271461749157	1.2576414939220857	6	3.6982101035116353	0.4953125933895165
0.8943089430894309	1.68426503050512	1.2776021379388482	8	3.8561761115333995	0.4739176979066685
0.5487804878048781	1.599111247717257	1.27040093949013	7	3.4182926750122653	0.4103070948659183
0.8130081300813008	1.7304354521261252	1.25730417546521	7	3.800747757672636	0.5148345118933354
0.46747967479674796	1.6387844424771192	1.247483896305024	6	3.3537480135788913	0.4474416106769047
0.8333333333333334	1.6930298634071614	1.2875070485713827	7	3.8138702453118776	0.5000235875235876
0.4878048780487805	1.5951445889716613	1.2892028290906408	6	3.372152296111083	0.43016219891219887
0.7398373983739838	1.7483561607820075	1.2588715554589442	6	3.7470651146149354	0.5104441854441855
0.3943089430894309	1.6419590909343769	1.2586778641045713	5	3.294945898128379	0.42869463869463864
0.8699186991869918	1.8455033220783637	1.216922083626771	9	3.9323441048921266	0.4365800763493364
0.7601626016260162	1.7911485485856389	1.2337108536678751	8	3.78502200387953	0.4198243976619813
0.7764227642276422	1.9060572274433984	1.1821397154397162	8	3.864619707110757	0.4677150858930035
0.6666666666666666	1.8525880442181466	1.2018062770118951	7	3.7210609878967085	0.45301359732797863
0.8536585365853658	1.8733273373143051	1.2316612937095368	8	3.9586471676092074	0.48364505277571435
0.7439024390243902	1.815182455499183	1.2674314126361612	7	3.826516307159734	0.4712192737653623
0.7601626016260162	1.946506659908051	1.1901014635723246	7	3.896770725106392	0.5259514888865306
0.6504065040650406	1.8908675182226993	1.2349990046208104	6	3.7762730269085507	0.5185058193929228
0.8617886178861789	1.7567453095409578	1.2344151308896112	8	3.8529490583167476	0.431173091702983
0.516260162601626	1.6819458523296429	1.2139490383382303	7	3.4121550532694993	0.3614561163474207
0.7682926829268293	1.8132700567385105	1.203003683183331	7	3.7845664228486706	0.4659835333748378
0.42276422764227645	1.735424814524902	1.1730462919896447	6	3.331235334156823	0.3904488024053241
0.8455284552845529	1.7758644680195472	1.2685015341467536	7	3.8898944574508536	0.48418920981222147
0.5	1.6917849610194449	1.2641781937754106	6	3.4559631547948553	0.41168875824893847
0.7520325203252033	1.8449965328297904	1.2368588925617432	6	3.8338879457167367	0.5336374114475917
0.4065040650406504	1.7579275373917163	1.2280334970776456	5	3.3924650995100123	0.45652650989872623
0.8495934959349594	1.871851752250187	1.2217147728328206	8	3.9431600210179667	0.4715819666717074
0.7357723577235772	1.813496072568762	1.251401025981161	7	3.8006694562735	0.4574328896464974
0.7560975609756098	1.9448202769776302	1.1748063122712895	7	3.875724150224529	0.5121651047676656
0.6422764227642277	1.8889000714705417	1.2097100904522313	6	3.7408865846870007	0.5024217045875803
0.7886178861788617	1.9074146882586664	1.212871158472842	7	3.90890373291037	0.4973541803979178
0.6747967479674797	1.8452602179650839	1.2624357855713797	6	3.782492751503943	0.48514229282287447
0.6829268292682927	1.99847178977543	1.143207382380751	6	3.8246060014244736	0.507329877130904
0.5691056910569106	1.9420978457264837	1.2017664084153252	5	3.7129699451987195	0.4946707513874493
0.8414634146341463	1.7741780850891264	1.2524191292717897	7	3.868060628995062	0.47040282569335645
0.4796747967479675	1.6898175142672873	1.237787124603331	6	3.4072794356185856	0.39560464344359614
0.7479674796747967	1.8430290860776328	1.2114971528852152	6	3.8024937186376446	0.5175532966422491
0.3861788617886179	1.755566601289128	1.184177334042158	5	3.3259227971199037	0.4372255721323153
0.7804878048780488	1.7993892325721756	1.2640446494791824	6	3.8439216869294066	0.5002738848775434
0.4186991869918699	1.7031987770825787	1.2621509445885708	5	3.3840489086630194	0.4164902780146683
0.6747967479674797	1.887052663254994	1.2047222810161844	5	3.766571692238658	0.512828661853052
0.3130081300813008	1.788730451563702	1.1852289011101325	4	3.286967482755135	0.41123784751833536
0.9105691056910569	1.7844202610548565	1.2422410894264522	9	3.9372304561723652	0.46226063360884107
0.8089430894308943	1.7224301049341935	1.2671172573130942	8	3.798490451678182	0.448715024578924
0.8292682926829268	1.837338783791953	1.2198399938402886	8	3.8864470703151683	0.49693672902974095
0.7276422764227642	1.7740526800450662	1.2532111764639726	7	3.754906132931803	0.4864097609128215
0.8943089430894309	1.8046088936628597	1.2646520019932372	8	3.963569838745528	0.5156572478976655
0.7926829268292683	1.736647091326103	1.3125568852657428	7	3.841886903421114	0.5078046396190209
0.8130081300813008	1.8679712957349703	1.2409521025423773	7	3.9219315283586482	0.5625368547401891
0.7113821138211383	1.7992429266874386	1.307782905397391	6	3.8184079459059683	0.561188746222191
0.9024390243902439	1.6880268658895123	1.2674016478530177	8	3.8578675381327736	0.4600637186199257
0.5650406504065041	1.6034104881565625	1.259068922540754	7	3.4275200611038206	0.39447397568106957
0.8211382113821138	1.7347346925654306	1.253848733726326	7	3.8097216376738703	0.49937969695968054
0.483739837398374	1.6438002229896422	1.2458223689683439	6	3.37336242935636	0.4294109932543074
0.8861788617886179	1.6973291038464668	1.3130671578672526	7	3.8965751235023376	0.5207745756658799
0.5487804878048781	1.6001603694841844	1.3281630732026153	6	3.477103930491678	0.4543716850782068
0.8048780487804879	1.7533719412945306	1.3088590048656081	6	3.8671089949406268	0.57632033827686
0.46747967479674796	1.6479780275494043	1.338423174861203	5	3.453880877207355	0.5077460220938482
0.8983739837398373	1.803133308598742	1.2563208572345175	8	3.957828149573097	0.5035941617936587
0.7926829268292683	1.7349607083956822	1.2986803334347383	7	3.826323968659689	0.494018255500156
0.8170731707317073	1.8662849128045498	1.227810786065338	7	3.911168869601595	0.5487504706213242
0.7113821138211383	1.7972754799352817	1.285509359982406	6	3.794166953738826	0.5451046314168486
0.8373983739837398	1.8288793240855863	1.2595962054443948	7	3.925873903513721	0.5339395462515762
0.7317073170731707	1.7536356264298238	1.32944385755006	6	3.814786801053055	0.5278252196521427
0.7439024390243902	1.90684719824017	1.2182306872360913	6	3.8689803245006518	0.5500128039601724
0.6382113821138211	1.8321483358841717	1.3166908750260953	5	3.7870505930240883	0.5458902635825712
0.8902439024390244	1.6956427209160465	1.2991385878162842	7	3.8850252111713552	0.5069881915470151
0.5365853658536586	1.5981929227320275	1.3047873727841302	6	3.439565661369816	0.43828757027286436
0.8089430894308943	1.751404494542373	1.286512633942674	6	3.8468602179159412	0.5602362234715177
0.45528455284552843	1.6456170914468153	1.2990900649561063	5	3.39999170924845	0.4884450843274373
0.8292682926829268	1.7077646410369158	1.330268932985147	6	3.86730186670499	0.5429568117068118
0.47560975609756095	1.5932492672402665	1.363876879175278	5	3.4327359025131052	0.4677097902097902
0.7357723577235772	1.7771031534126813	1.318471064917881	5	3.8313465760541394	0.564048174048174
0.3821138211382114	1.6512935642608115	1.3787927231592272	4	3.41220010855825	0.47526223776223775
0.8536585365853658	1.8756135876345792	1.2075942759013814	8	3.9368664001213265	0.4608495555899732
0.7398373983739838	1.8177953130080675	1.2348423332376397	7	3.792475044619691	0.44516727698165837
0.7601626016260162	1.9491195174169356	1.1661241947382603	7	3.8754063137812125	0.49989949210282647
0.6463414634146342	1.8939158519830646	1.2007312170037474	6	3.7409885324014462	0.488111823145268
0.8373983739837398	1.9117139286979719	1.2332045919745667	7	3.982316894656279	0.517893997597332
0.7235772357723578	1.850275998477607	1.2940786835715512	6	3.867931917821516	0.5091054128888577
0.7439024390243902	2.003487570287953	1.1858774856756118	6	3.933267494987955	0.5729596638635539
0.6300813008130082	1.9481167823415113	1.2705357000042516	5	3.848733783158771	0.5734264954666293
0.8455284552845529	1.7784773255284319	1.235750463622096	7	3.859756244435081	0.4581372130285174
0.491869918699187	1.6948332947798104	1.217627083791517	6	3.4043302972705143	0.38129476200128376
0.7520325203252033	1.8480448665901559	1.2023643173680902	6	3.8024417042834493	0.503243415199937
0.3983739837398374	1.7615855379041556	1.1752422174131065	5	3.3352017390570996	0.4200537144015405
0.8292682926829268	1.8044050130846987	1.2955335854107128	6	3.929206891178338	0.5242370049435265
0.47560975609756095	1.7092177136976061	1.3141484851325023	5	3.498975954927669	0.4452460220938482
0.7357723577235772	1.8930715998700207	1.2732606295021491	5	3.902104587095747	0.5915844059322319
0.3821138211382114	1.7962541223324862	1.3073997096644665	4	3.4857676531351642	0.5096825276173103
0.8333333333333334	1.910027545767551	1.219986094822251	7	3.9633469739231355	0.504107613478467
0.7154471544715447	1.8483085517254494	1.2716970852111795	6	3.8354527914081737	0.49302129808351536
0.7398373983739838	2.0015201235357956	1.164525216810791	6	3.90588273872057	0.5568755490582116
0.6219512195121951	1.9457558462389222	1.2326937431863256	5	3.800400808937443	0.5541255577002184
0.7723577235772358	1.9578802700303377	1.2192882781867957	6	3.949526271794369	0.5395961372935056
0.6544715447154471	1.8933880220323736	1.3139907009057947	5	3.8618502676536153	0.5333902635825712
0.6666666666666666	2.077241908204788	1.1352391923099998	5	3.8791477671814545	0.5600153647522068
0.5487804878048781	2.026467007750945	1.2677142753594979	4	3.8429617709153208	0.5573628294782141
0.8252032520325203	1.8024375663325412	1.2730791615423915	6	3.900719979907453	0.5081528901381842
0.45528455284552843	1.7068567775950172	1.2746532958093253	5	3.436794626249871	0.4259450843274373
0.7317073170731707	1.8907106637674325	1.235309434422299	5	3.857727415262902	0.5722834681658211
0.3617886178861789	1.79330295220425	1.2344584619968912	4	3.38955003208732	0.48555635540929654
0.7642276422764228	1.8383428395608832	1.3163390943539968	5	3.918909576191303	0.551548174048174
0.3943089430894309	1.7278431719460638	1.3680951713088236	4	3.490247286344318	0.45963723776223775
0.6585365853658537	1.9576605296615825	1.2725325590050927	4	3.888729674032529	0.5800602175602175
0.2886178861788618	1.8501002028753897	1.3612287770481706	3	3.4999468661024222	0.46701631701631696
0.9146341463414634	1.754074942627312	1.2395010643455435	9	3.908210153314319	0.45430992798371683
0.8170731707317073	1.6882916217032058	1.263223711162278	8	3.768588503597191	0.4397704807506593
0.8333333333333334	1.8032003005609654	1.217101822218473	8	3.853635456112772	0.48799218520147614
0.7357723577235772	1.735037270638223	1.2490660719534499	7	3.7198757003152503	0.4761874251090903
0.8983739837398373	1.770470410431872	1.2611480494048009	8	3.92999244357651	0.5067127040694008
0.8008130081300813	1.6976316819192594	1.3073907394663924	7	3.805835429515733	0.4975823038152898
0.8170731707317073	1.8289558863281274	1.2373264561150281	7	3.8833555131748625	0.552314518936458
0.7195121951219512	1.7537249490461218	1.3020151077784257	6	3.775252251946499	0.5492626877845048
0.9065040650406504	1.6538883826585247	1.2633906016704397	8	3.8237830493696148	0.45111917479166097
0.5691056910569106	1.5643950787497194	1.2532266519492143	7	3.386727421755844	0.38425163987733835
0.8252032520325203	1.695719283158587	1.2495469625067874	7	3.7704694976978947	0.4891573611559493
0.4878048780487805	1.5982822453483247	1.2391079966403138	6	3.325195120037419	0.4174849348166211
0.8902439024390244	1.6583136944396237	1.3077443453588866	7	3.8563019422375344	0.5105522398621489
0.5528455284552846	1.5546423918428676	1.3200192430702269	6	3.427507163368379	0.44244562664052045
0.8089430894308943	1.707853963653213	1.302871873854021	6	3.819668926938128	0.5643942798391737
0.4715447154471545	1.5933564543798235	1.3284046394128082	5	3.393305809239786	0.49343475196862463
0.9024390243902439	1.7689948253677539	1.2528337941352905	8	3.9242676438932884	0.49464961796539386
0.8008130081300813	1.6959452989888386	1.2935367069543335	7	3.790295014073253	0.48379591969642477
0.8211382113821138	1.8272695033977067	1.2242076589569342	7	3.8726153737367546	0.538528134817593
0.7195121951219512	1.7517575022939642	1.2797730894099641	6	3.75104278682588	0.5331785729791623
0.8414634146341463	1.7898639146787427	1.2549720370471635	7	3.8862993663600527	0.5237172104478451
0.7398373983739838	1.7081176487885064	1.3222781291732597	6	3.7702331763357497	0.5158991612144563
0.7479674796747967	1.8613292205988525	1.2132216579800925	6	3.822518358253742	0.538086745522486
0.6463414634146342	1.7775267627145908	1.3081394922110836	5	3.7320077183403084	0.5315789934573477
0.8943089430894309	1.656627311509203	1.2938382946268638	7	3.8447745492254977	0.4967658557432839
0.540650406504065	1.55267494509071	1.2966750696982647	6	3.39000042129304	0.4263615118351781
0.8130081300813008	1.7058865169010555	1.2805570299776103	6	3.7994516769599667	0.5483101650338311
0.45934959349593496	1.5909955182772344	1.2891188200774968	5	3.3394639318506663	0.4741338142022137
0.8333333333333334	1.6622466633955983	1.322883871215725	6	3.8184638679446565	0.5310307532691254
0.4796747967479675	1.5386276940706856	1.3517614475901305	5	3.3700639384087836	0.4533985200845667
0.7398373983739838	1.7224815802431004	1.3095906820139365	5	3.7719096606310205	0.5497369039229504
0.3861788617886179	1.5830165977988353	1.3622623534342955	4	3.331457813021749	0.45737315010570834
0.8699186991869918	1.841475104403591	1.2080211138162813	8	3.919414917406864	0.4519050117617083
0.7601626016260162	1.778779903601224	1.2349172414427376	7	3.7738597466699777	0.43494494117792715
0.7764227642276422	1.910104108010092	1.1677396023153592	7	3.8542664745530937	0.48967715629909525
0.6666666666666666	1.848397874341747	1.2023008949910097	6	3.7173654359994233	0.47618576470758167
0.8536585365853658	1.8726985192911283	1.2337989582628381	7	3.9601560141393324	0.5076716617936008
0.7439024390243902	1.80475802083629	1.294218903754455	6	3.8428793636151353	0.49717935445117145
0.7601626016260162	1.9579695926466354	1.188174404979317	6	3.9063065992519688	0.5610336054258676
0.6504065040650406	1.8934952091719304	1.2729432400287957	5	3.8168449532657664	0.5591152253414057
0.8617886178861789	1.7394619161215883	1.2356687051181783	7	3.8369192391259457	0.4479148772247862
0.508130081300813	1.6493153171384929	1.2168207292653557	6	3.3742661277046615	0.3693687035635973
0.7682926829268293	1.802526888948839	1.2037146619627306	6	3.774534233838399	0.4913173567622505
0.4146341463414634	1.7069639647345745	1.1762298953740529	5	3.2978280064500907	0.4057424442763168
0.8455284552845529	1.7588870354433812	1.2954544722009946	6	3.899869962928929	0.5123109465058404
0.491869918699187	1.6545961405280252	1.3129919763869111	5	3.4594580356141234	0.4309347519686245
0.7520325203252033	1.8384500267004404	1.2753391694377605	5	3.865821716463404	0.5772731358070085
0.3983739837398374	1.7279771558705102	1.3091342113387945	4	3.4354853509491416	0.4917934399607806
0.8495934959349594	1.871012136360708	1.220602980429468	7	3.941208612725135	0.4938852776747359
0.7357723577235772	1.8027905740841323	1.2718688324406067	6	3.810431764248316	0.4810952396458289
0.7560975609756098	1.9560021458944779	1.1668536631610198	6	3.878953370031107	0.5449494906205252
0.6422764227642277	1.8911342730693412	1.2351485737806551	5	3.768559269614224	0.5398142875749947
0.7886178861788617	1.9123622923890207	1.220187266732666	6	3.921167445300549	0.5276700788558193
0.6747967479674797	1.8387664488627926	1.3143013447935863	5	3.8278645416238586	0.5190789934573476
0.6829268292682927	2.0226203350352074	1.1387848848789939	5	3.844332049182494	0.5457040946269832
0.5691056910569106	1.958190041288969	1.2718940314227971	4	3.799189763768677	0.5394737418216846
0.8414634146341463	1.7569195886912237	1.2730315753791968	6	3.8714145787045666	0.49622683170049786
0.4715447154471545	1.6522352044254363	1.2735440776335192	5	3.39732399750611	0.4116338142022137
0.7479674796747967	1.8360890905978515	1.2374352649276954	5	3.8214918352003435	0.5579721980405974
0.3780487804878049	1.7250259857422738	1.2362717812875281	4	3.339346547517607	0.4676672677527671
0.7804878048780488	1.7837212663913022	1.3163207381528559	5	3.880529809422207	0.5372369039229504
0.4105691056910569	1.6595662054840876	1.3663348460885645	4	3.4364701572637086	0.44174815010570834
0.6747967479674797	1.8893835631996063	1.2761639815868375	4	3.8403442927539237	0.562171129903688
0.3048780487804878	1.759064247592755	1.365032159108279	3	3.428974455481522	0.44316420014094426
0.8455284552845529	1.772756660752146	1.2000842707999557	8	3.818369386836655	0.4238893666561001
0.7439024390243902	1.700244539428144	1.225472645672285	7	3.6696196241248193	0.40292706105723186
0.7642276422764228	1.831568743837012	1.1640201728853778	7	3.759816558998813	0.4580375804295941
0.6626016260162602	1.7567732828064873	1.1986867000075425	6	3.6180616088302897	0.4392729261931635
0.8292682926829268	1.7941631551180481	1.223800102010361	7	3.847231549811336	0.4794324591357936
0.7276422764227642	1.7131334293010294	1.2818135112194933	6	3.7225892169432866	0.46423361801706287
0.7479674796747967	1.8663450011113756	1.1837842453210152	6	3.7980967261071874	0.5280878689917592
0.6463414634146342	1.7835456993296184	1.2687475098691028	5	3.6986346726133554	0.5195803416204754
0.8373983739837398	1.6609265519485084	1.2256642604386432	7	3.7239891863708916	0.4158969971040909
0.491869918699187	1.5576907256032329	1.2044075129325131	6	3.253968157234933	0.33201451008945293
0.7560975609756098	1.7109022974135784	1.1993166785065477	6	3.666316536895736	0.45440451824783246
0.4105691056910569	1.597014454892262	1.1720224295175383	5	3.179605990100857	0.361447038059015
0.8211382113821138	1.6672624439081212	1.2822652911933177	6	3.7706659464835526	0.4793652100717317
0.47560975609756095	1.5446466306857132	1.2955977142031547	5	3.315854100986429	0.39139986824769435
0.7398373983739838	1.7285005168581278	1.2699677565689942	5	3.738305671801106	0.5377382520860781
0.3943089430894309	1.5905402685676198	1.304164372103784	4	3.289013583760835	0.44237483530961796
0.8333333333333334	1.7924767721876276	1.2127579590009865	7	3.8385680645219473	0.46564607501692856
0.7276422764227642	1.7111659825488719	1.2624788086592391	6	3.701287067630875	0.44814950321172053
0.7520325203252033	1.864377554359218	1.165478872256312	6	3.7818889469407333	0.5120037541864166
0.6463414634146342	1.7811847632270292	1.235475896751353	5	3.6630021233930163	0.5002794038540646
0.7723577235772358	1.8207377008537602	1.210021278276464	6	3.8031167027074604	0.4947243424217108
0.6666666666666666	1.72881693902048	1.3014418714370428	5	3.6969254771241893	0.47954410973641737
0.6788617886178862	1.9126708251928952	1.1379482608374405	5	3.729480874648222	0.5061692109060529
0.573170731707317	1.8207531539860786	1.2744821735664749	4	3.6684060592598704	0.49005513717052174
0.8252032520325203	1.6652949971559636	1.2628577631251139	6	3.7533560123135974	0.4632810952663894
0.4634146341463415	1.542285694583124	1.2606728685801543	5	3.26637319730962	0.3720989304812834
0.7439024390243902	1.7261395807555389	1.2365869051893204	5	3.7066289249692495	0.5184373143196673
0.3821138211382114	1.5875890984393837	1.238840363936503	4	3.208543283514098	0.41824866310160425
0.7642276422764228	1.6737717565489902	1.3022855820872388	5	3.740284980912652	0.49770202020202015
0.4024390243902439	1.5221293181811972	1.3469254348588036	4	3.271493777430245	0.39232954545454546
0.6707317073170732	1.751946675896716	1.2767926525487263	4	3.6994710357625156	0.5127525252525252
0.3089430894308943	1.5758150645222344	1.37425453212459	3	3.2590126860777184	0.3772727272727273
0.7886178861788617	1.875311376800013	1.1472022704471019	7	3.8111315334259768	0.41679509649843083
0.6747967479674797	1.8078063545966547	1.1722839295630512	6	3.6548870321271854	0.3911566949401397
0.6951219512195121	1.961017926407001	1.0782959655781537	6	3.734435843204667	0.45501094591483604
0.5813008130081301	1.8971532096843688	1.1070761640529907	5	3.5855301867454896	0.43188803392816766
0.7723577235772358	1.917378072901543	1.1722513405984551	6	3.861987137077234	0.4760045356584258
0.6585365853658537	1.8447853854778202	1.247161592238905	5	3.750483563082579	0.4570803416204754
0.6788617886178862	2.028639271650235	1.0881859402663465	5	3.7956870005344676	0.5337054427901109
0.5650406504065041	1.9657137120577535	1.1955026848127772	4	3.726257047277035	0.5244754270255942
0.7804878048780488	1.7619353692037467	1.1732927104330004	6	3.715715884514796	0.4062882869948087
0.4186991869918699	1.6582541410404636	1.12869991686086	5	3.2056532448931936	0.3037075605553866
0.6869918699186992	1.8421080272128791	1.10913191209707	5	3.6382318092286483	0.45004594439377044
0.3252032520325203	1.7325496565110583	1.0303730876475445	4	3.088125996191123	0.3327594506942333
0.7642276422764228	1.7897402030063296	1.248950042495213	5	3.8029178877779652	0.47523825208607806
0.4024390243902439	1.667089876252872	1.261990581070219	4	3.331519481713335	0.36424983530961796
0.6707317073170732	1.8969072339683908	1.199387729805215	4	3.7670266710906786	0.5471728151075976
0.3089430894308943	1.7690958086178006	1.2273601110338193	3	3.305399009082514	0.4231664470794906
0.7682926829268293	1.9154106261493862	1.153837914588365	6	3.837541223664581	0.4599204208530834
0.6504065040650406	1.842424449375231	1.213727899703075	5	3.7065588531433464	0.43777940385406455
0.6747967479674797	2.0262783355476457	1.0562962419738429	5	3.7573713254889682	0.5144045050237
0.556910569105691	1.9627625419295172	1.1326639317907798	4	3.6523370428259883	0.5003492548175807
0.7073170731707317	1.973910511341097	1.1385050623720594	5	3.8197326468838884	0.493669210906053
0.5894308943089431	1.897302761671331	1.2682659085469097	4	3.754999564527184	0.47443013717052174
0.6016260162601627	2.1271201193868494	0.9758903023395026	4	3.7046364379865144	0.5077115136325663
0.483739837398374	2.0760463225090793	1.1610658447996214	3	3.7208520047070746	0.4867401828940291
0.7601626016260162	1.7873792669037407	1.2154071116974587	5	3.7629489802272156	0.45593731431966733
0.3821138211382114	1.6641387061246358	1.1963964405394705	4	3.2426489678023174	0.34012366310160425
0.6666666666666666	1.8939560638401545	1.1363669130133445	4	3.6969896435201655	0.5230466428995841
0.2886178861788618	1.765160915113486	1.081939965714428	3	3.135718767006776	0.3909982174688057
0.6991869918699187	1.8284962835819683	1.271523393456522	4	3.7992066689084085	0.49712752525252524
0.32113821138211385	1.677881208102571	1.3494274787856557	3	3.348446898270341	0.35643939393939394
0.5934959349593496	1.9843043517232626	1.1693894037493624	3	3.7471896904319744	0.5170033670033669
0.21544715447154472	1.8362857725748134	1.330621179666901	2	3.382354106713259	0.3159090909090909
0.9105691056910569	1.6996808483364352	1.242310689892669	9	3.852560643920161	0.4891966605448679
0.8048780487804879	1.6270982656259694	1.2467297054557807	8	3.6787060198622377	0.45629078215468155
0.8292682926829268	1.742006944483729	1.2208832594231873	8	3.7921584965898427	0.5272397593327713
0.7235772357723578	1.6651020065499529	1.2272994796798091	7	3.6159787220021196	0.4950677695708301
0.8943089430894309	1.7092770543546356	1.263817535130807	8	3.8674035325748735	0.5459602782006958
0.7886178861788617	1.6276964178309896	1.2841415452211413	7	3.700455849230993	0.5164626482770296
0.8130081300813008	1.7590206222398572	1.241111185751392	7	3.81313993807255	0.5971688893722238
0.7073170731707317	1.6721338076098065	1.2697818173041056	6	3.649232698084644	0.5712897563232011
0.9024390243902439	1.5926950265812883	1.246194511853274	8	3.741328562824806	0.46763947619568325
0.5447154471544715	1.4944598146614492	1.2034900236464008	7	3.2426652854623215	0.40313198433907815
0.8211382113821138	1.6257840190703174	1.226844258085589	7	3.6737664885380203	0.5080377056176892
0.4634146341463415	1.5166911039120101	1.169792298485406	6	3.1498980365437577	0.4395120033553176
0.8861788617886179	1.5883784303513535	1.2835590389660776	7	3.7581163311060495	0.5294325843238887
0.5284552845528455	1.4730512504065523	1.2486279021550644	6	3.250134437114462	0.46447269517921697
0.8048780487804879	1.6262628222168984	1.2693280263731195	6	3.7004688973705058	0.5864213483778702
0.44715447154471544	1.4954470846562455	1.2217910002436105	5	3.1643925564445716	0.5198672342150603
0.8983739837398373	1.707801469290518	1.2554009956470207	8	3.861576448677376	0.533897192096689
0.7886178861788617	1.6260100349005688	1.2701511337567146	7	3.684779054836145	0.5026762641581646
0.8170731707317073	1.7573342393094364	1.2278560096409303	7	3.802263419682074	0.5833825052533588
0.7073170731707317	1.670166360857649	1.2473488684023293	6	3.62483230243071	0.5552056415178588
0.8373983739837398	1.7199286505904732	1.257137785759549	7	3.814464810333762	0.5685715808836109
0.7276422764227642	1.6265265073521917	1.2877782654053698	6	3.6419470491803256	0.5379262297531529
0.7439024390243902	1.7797380791625372	1.2165692876464638	6	3.7402098058333912	0.5904168443642128
0.6341463414634146	1.6796173929910125	1.256863068762795	5	3.5706268032172224	0.5580114757037834
0.8902439024390244	1.5866920474209327	1.269516609281687	7	3.7464525591416438	0.5156462002050237
0.516260162601626	1.4710838036543947	1.2250927982497875	6	3.2124367645058083	0.4483885803738744
0.8089430894308943	1.624295375464741	1.2468222519633938	6	3.680060716859029	0.5703372335725276
0.4349593495934959	1.4930861485536568	1.1822187851083275	5	3.1102642832554803	0.5005662964486494
0.8292682926829268	1.580655521959283	1.2870734504412533	6	3.6969972650834633	0.5530578218078217
0.45528455284552843	1.4407183243471076	1.2417479484805785	5	3.1377508256732147	0.4798310023310023
0.7357723577235772	1.6245722105195228	1.2563484230557755	5	3.6166929912988754	0.5761693861693862
0.3617886178861789	1.4606298856443634	1.1796954752576205	4	3.002113978788163	0.4904137529137529
0.8658536585365854	1.780281748326355	1.2117091590093039	8	3.8578445658722442	0.4911525858930035
0.7479674796747967	1.7088446395129542	1.213026126486842	7	3.669838245674593	0.45382528563966695
0.7723577235772358	1.8401688439218222	1.1728824112410783	7	3.7854089787401364	0.5345315267348612
0.6544715447154471	1.7668067329054324	1.171968915521787	6	3.5932471931426666	0.4982128332462781
0.8495934959349594	1.8027632552028585	1.2374591652169467	7	3.8898159163547645	0.5527372031722448
0.7317073170731707	1.7231668793999748	1.2618112815249771	6	3.716685477998123	0.5194527890898923
0.7560975609756098	1.8763784512103208	1.1936142761841002	6	3.8260902883700307	0.613610070367619
0.6382113821138211	1.7955858394483528	1.2248051788881256	5	3.6586024004502997	0.5858433469078709
0.8577235772357723	1.6695266520333187	1.2128414780147243	7	3.7400917072838156	0.466795221686526
0.483739837398374	1.5677241757021783	1.1473306993552905	6	3.198794712455843	0.3913957721022938
0.7642276422764228	1.7209357475125238	1.1720721254869262	6	3.6572355152758727	0.5133444253009469
0.3902439024390244	1.6090545950109962	1.072468222712502	5	3.0717667201625227	0.4321749265227526
0.8414634146341463	1.6772958940070666	1.2617362929649354	6	3.780495601606148	0.5345843811445614
0.46747967479674796	1.5566867708044474	1.2061168395849777	5	3.230283285186173	0.45766287353508983
0.7479674796747967	1.7405406569768622	1.2252352727872182	5	3.713743409438877	0.6040012573734737
0.37398373983739835	1.605590443716038	1.1317979370081506	4	3.1113721205615867	0.5252035919188622
0.8455284552845529	1.8010768722724377	1.2241268084312087	7	3.870732135988199	0.5389508190533799
0.7235772357723578	1.7211994326478173	1.2392702796778143	6	3.68404694809799	0.50336867428455
0.7520325203252033	1.8744110044581632	1.1721026038324882	6	3.798546128615855	0.5975259555622765
0.6300813008130082	1.7932249033457637	1.1867241168400127	5	3.6100303209987845	0.56654240914146
0.7845528455284553	1.8307711509527056	1.2233605646438797	6	3.8386845611250404	0.5802465437975708
0.6626016260162602	1.7408570791392144	1.2627634237125616	5	3.666222128868036	0.545807115023813
0.6788617886178862	1.9247109653116297	1.1440182039493607	5	3.7475909578788764	0.6087958525570849
0.556910569105691	1.835803329134497	1.1867864499603349	4	3.579500348200523	0.5728838937797662
0.8373983739837398	1.675328447254909	1.239122465609823	6	3.751849286848472	0.5185002663392189
0.44715447154471544	1.5543258347018585	1.1663825450316136	5	3.1678628512781875	0.4383619357686789
0.7439024390243902	1.7381797208742733	1.1870449724771812	5	3.6691271323758445	0.5847003196070627
0.35365853658536583	1.602639273587802	1.0584581806235973	4	3.014755990796765	0.5010774197108486
0.7764227642276422	1.6858118966677247	1.262816981561959	5	3.725051642457326	0.5639650254894157
0.3861788617886179	1.5371794933296157	1.183332138523996	4	3.1066904936422297	0.47515830206378984
0.6707317073170732	1.7669968510451344	1.1877800076079215	4	3.625508565970129	0.5955812818617696
0.2804878048780488	1.5958819647201254	1.0006046513242994	3	2.8769744209224735	0.4877110694183865
0.9065040650406504	1.7115633046749097	1.2440656766741702	8	3.8621330463897303	0.5200432128099461
0.7967479674796748	1.6303092753398738	1.2573060116246448	7	3.684363254444193	0.4868431449733157
0.8252032520325203	1.7616334797487418	1.2228874627193527	7	3.809724194500615	0.5679276903197039
0.7154471544715447	1.675182141370172	1.2435689938098775	6	3.634198289651594	0.5371750240952613
0.8902439024390244	1.7242278910297781	1.281184789872725	7	3.8956565833415278	0.5893225690259034
0.7804878048780488	1.6315422878647148	1.3246201622615734	6	3.736650255004337	0.5621357159191607
0.8089430894308943	1.7847538596750603	1.2644383897973563	6	3.858135338903311	0.6562929971968874
0.6991869918699187	1.6856363296060402	1.3334308586357697	5	3.718254180111728	0.6370628591029929
0.8983739837398373	1.5909912878602381	1.256561514243445	7	3.745926785843521	0.49981308102017485
0.532520325203252	1.4760995841669178	1.210131756294006	6	3.2187516656641755	0.42991660799155074
0.8170731707317073	1.6293111559772637	1.2428884153023012	6	3.6892727420112723	0.5523066161499304
0.45121951219512196	1.4991050851686845	1.1810821667633238	5	3.13140676412713	0.4789295555415325
0.8821138211382114	1.585671302471806	1.3237613852288161	6	3.7915465088388336	0.5772673079738297
0.516260162601626	1.4467372609621352	1.301543987308558	5	3.2645414108723187	0.5088823857302118
0.8008130081300813	1.6305911471345502	1.3326852698257887	5	3.76408942509042	0.6552207695685957
0.4349593495934959	1.4681535564131478	1.3148637809520347	4	3.2179766869586786	0.5892279821627647
0.8943089430894309	1.7225415080993578	1.270006267910983	7	3.8868567190997716	0.5755361849070385
0.7804878048780488	1.6295748411125572	1.3050945291680047	6	3.7151571751586108	0.5460516011138183
0.8130081300813008	1.7827864129229027	1.2459420861993384	6	3.8417366292035418	0.6402088823915448
0.6991869918699187	1.6832753935034517	1.299872849718048	5	3.6823352350914185	0.617761921336582
0.8333333333333334	1.7391465594174456	1.2884088494592354	6	3.8608887422100144	0.6229294706268391
0.7195121951219512	1.6309075692969024	1.3627253602633551	5	3.7131451246822085	0.5970266272189348
0.7398373983739838	1.8147614554693177	1.2560029898151441	5	3.8106018436584455	0.6600153647522068
0.6260162601626016	1.6983664418316067	1.377410275282907	4	3.7017929772771154	0.6369082840236686
0.8861788617886179	1.583703855719649	1.3041629266272978	6	3.774045644135565	0.5611831931684872
0.5040650406504065	1.4443763248595465	1.266332745885585	5	3.214774111395538	0.4895814479638009
0.8048780487804879	1.6282302110319613	1.2990180226461425	5	3.7321262824585917	0.6359198318021847
0.42276422764227645	1.4652023862849115	1.2490624464514666	4	3.1370290603786546	0.5651018099547511
0.8252032520325203	1.5758623868254125	1.3616032354036787	5	3.7626688742616112	0.6151845376845376
0.44308943089430897	1.3997426060267253	1.3519584104731297	4	3.1947904473941637	0.5391826923076923
0.7317073170731707	1.629559963742244	1.3764443617487043	4	3.7377116425641193	0.659605672105672
0.34959349593495936	1.412632781649605	1.385898390698399	3	3.1481246682829633	0.573076923076923
0.8495934959349594	1.8053761127117431	1.2059450375988212	7	3.8609146462455235	0.5266852063885408
0.7276422764227642	1.72621521316034	1.2169918916102287	6	3.6708493811933334	0.48905879284223774
0.7560975609756098	1.8794267849706863	1.1608514210595922	6	3.796375767005888	0.5832160741199643
0.6341463414634146	1.7992438399607913	1.1746114793273037	5	3.6080016607515097	0.5493705514106852
0.8333333333333334	1.8357869314652284	1.2527311533196388	6	3.9218514181182007	0.6042096638635539
0.7113821138211383	1.746876015754242	1.3115834433728355	5	3.769841572948216	0.5745628591029929
0.7398373983739838	1.9307299019266573	1.2093790315516681	5	3.879946331852309	0.6875515966362648
0.6178861788617886	1.843326999903281	1.30366139037524	4	3.76487456914031	0.6713285738787411
0.8414634146341463	1.680344227767432	1.2166901154735963	6	3.738497757875175	0.5041903848969067
0.45934959349593496	1.560344771316886	1.1374981564739095	5	3.1571925212867304	0.4211900780379041
0.7479674796747967	1.7441986574893007	1.1747013918615106	5	3.666867529025608	0.5675284618762879
0.36585365853658536	1.6101629443565864	1.045825774008539	4	3.021842376901711	0.47961259754738017
0.8252032520325203	1.691830833282752	1.3114060581192715	5	3.828440143434544	0.5927207695685957
0.44308943089430897	1.5447031640983997	1.2722541605305762	4	3.260046755523285	0.5111029821627647
0.7317073170731707	1.7745205218139186	1.3042700428512244	4	3.810497881738314	0.6940259619607445
0.34959349593495936	1.605913525745171	1.24946517729969	3	3.2049721989798208	0.6189706428836863
0.8292682926829268	1.8338194847130709	1.2341267967762337	6	3.8972145741722315	0.5881255490582116
0.7032520325203252	1.7445150796516529	1.2778633550370333	5	3.7256304672090117	0.555261921336582
0.7357723577235772	1.9283689658240681	1.1772029374591928	5	3.8413442610068382	0.6682506588698539
0.6097560975609756	1.8403758297750452	1.240345311019956	4	3.6904772383559767	0.6472024016707275
0.7682926829268293	1.8760011416175189	1.2562982937170264	5	3.9005921182613745	0.6475153647522068
0.6422764227642277	1.774916049516859	1.3707581808754485	4	3.7879506531565355	0.6212832840236686
0.6626016260162602	2.0047334072323775	1.1730013082536934	4	3.840336341502331	0.7000192059402586
0.5365853658536586	1.9128640396364498	1.3676282968018556	3	3.8170777022919644	0.6825443786982248
0.8211382113821138	1.6894698971801632	1.277576731521545	5	3.788184840083822	0.5734198318021847
0.42276422764227645	1.5417519939701638	1.2061826936665405	4	3.170698915278981	0.4869768099547511
0.7276422764227642	1.7715693516856825	1.2407718997260666	4	3.7399835278345135	0.6698997897527309
0.32926829268292684	1.6019786322408562	1.1030903793137246	3	3.034337304237508	0.5868024132730014
0.7601626016260162	1.7061095714274963	1.3707392732686066	4	3.837011446322119	0.643980672105672
0.3617886178861789	1.5146989252299414	1.3601996785836776	3	3.236687221699798	0.5522435897435898
0.6544715447154471	1.8211220688506329	1.369399070718689	3	3.844992684284769	0.7128075628075627
0.25609756097560976	1.591512348265869	1.3676715010964369	2	3.2152814103379157	0.6096153846153846
0.9105691056910569	1.677424821443922	1.2402516811323359	8	3.8282456082673146	0.5110986689816814
0.8048780487804879	1.5912938659330307	1.2517264752207635	7	3.647898389934282	0.4766208091695846
0.8292682926829268	1.7226180703418987	1.2188484256874728	7	3.770734788712298	0.5577053545159728
0.7235772357723578	1.6296641637288551	1.2372224493445692	6	3.5904638488457823	0.525248965657575
0.8943089430894309	1.685212481622935	1.2761247115520173	7	3.855646136264383	0.5791002332221723
0.7886178861788617	1.5860243102233973	1.3168441599919063	6	3.691486356394165	0.5502096574814743
0.8130081300813008	1.7392358820337435	1.258819086648491	6	3.811063098763535	0.644366938759201
0.7073170731707317	1.6310147564364599	1.3239640649814575	5	3.662295894588649	0.6227515889777693
0.9024390243902439	1.5519758784533952	1.2508253111305478	7	3.705240213974187	0.48959074521644363
0.5365853658536586	1.4305816065256007	1.2014091793152737	6	3.168576151694533	0.4179905495538644
0.8211382113821138	1.5837931783359462	1.2363225374443705	6	3.6412539271624302	0.540380557712244
0.45528455284552843	1.4444835119991035	1.170195511045414	5	3.0699635758900463	0.464618285416309
0.8861788617886179	1.540153324830489	1.315766049566527	6	3.742098236185634	0.5653412495361434
0.5203252032520326	1.3921156877925545	1.2885131448841105	5	3.2009540359286976	0.4945711156049881
0.8048780487804879	1.5759695739649695	1.3228894760825438	5	3.703737098828001	0.640909499443372
0.43902439024390244	1.3998765899511716	1.2968077264949358	4	3.13570870669001	0.5713388945062352
0.8983739837398373	1.6835260986925142	1.2649687089092208	7	3.8468687913415724	0.5653138491033074
0.7886178861788617	1.5840568634712398	1.297350053944861	6	3.6700248035949627	0.534125542676132
0.8170731707317073	1.737268435281586	1.2403543100969967	6	3.79469591611029	0.6282828239538585
0.7073170731707317	1.6286538203338707	1.2904533466335208	5	3.6264242401381233	0.6034506512113584
0.8373983739837398	1.693628581776128	1.2813916155525353	6	3.8124185713124032	0.6110034121891528
0.7276422764227642	1.5762859961273217	1.3511616704722904	5	3.6550899430223764	0.5827153570937114
0.7439024390243902	1.7601398822997367	1.247674348705282	5	3.751716670029409	0.6457040946269832
0.6341463414634146	1.6300894753696304	1.3617994752147797	4	3.626035292047825	0.6190191963671392
0.8902439024390244	1.5381858780783315	1.2961991180115322	6	3.7246288985288882	0.5492571347308008
0.508130081300813	1.3897547516899655	1.2533491940309232	5	3.151234027021702	0.4752701778385773
0.8089430894308943	1.5736086378623804	1.2892695194726829	5	3.6718212467659574	0.6216085616769611
0.4268292682926829	1.3969254198229355	1.2310852096106766	4	3.054839897726295	0.5472127222982216
0.8292682926829268	1.5212408136558315	1.3497105455236815	5	3.70021965186244	0.600873267559314
0.44715447154471544	1.331465639564749	1.3304075291214434	4	3.1090276402309076	0.5212936046511628
0.7357723577235772	1.5612829972802678	1.3602852281990223	4	3.657340583202867	0.6417165844491426
0.35365853658536583	1.3215968263669702	1.350120660495654	3	3.02537602344799	0.5492248062015503
0.8658536585365854	1.7663607033048996	1.2061260132825617	7	3.838340375124047	0.5164628705848096
0.7479674796747967	1.6806972355190226	1.2165533649467892	6	3.6452180801406087	0.4771327344045513
0.7723577235772358	1.8339088073293688	1.1625695935169538	6	3.7688361244235584	0.5712900156822778
0.6544715447154471	1.7446222667912104	1.1761508990823326	5	3.57524471058899	0.5350592812854615
0.8495934959349594	1.790268953823911	1.2530198679726423	6	3.8928823177315124	0.5922836054258676
0.7317073170731707	1.6922544425846617	1.310978676421327	5	3.7349404360791594	0.5602515889777693
0.7560975609756098	1.8761083287570763	1.212009313281362	5	3.8442152030140484	0.6732403265110412
0.6382113821138211	1.7750500334413053	1.3063154617063726	4	3.719576877261499	0.6534394862222116
0.8577235772357723	1.6348262501261146	1.216032255417535	6	3.708582082779422	0.49226432645922025
0.47560975609756095	1.5057231981473054	1.135473527458803	5	3.1168064817036694	0.4068788079126804
0.7642276422764228	1.6895770843197204	1.1759118115276068	5	3.62971653812375	0.5532171917510642
0.3821138211382114	1.5418859778946101	1.0461134085670087	4	2.97011320759983	0.46172350989085054
0.8414634146341463	1.6372092601131711	1.3104722910788298	5	3.7891449658261473	0.5784094994433719
0.45934959349593496	1.476426197636424	1.2689681505781496	4	3.2047439417105084	0.4932138945062352
0.7479674796747967	1.7062435553519426	1.3063757807008018	4	3.760586815727541	0.676136874304215
0.36585365853658536	1.5148775704625368	1.250217189895464	3	3.130948418894586	0.5951185260083136
0.8455284552845529	1.788301507071754	1.2344470384757609	6	3.8682770008320677	0.5761994906205252
0.7235772357723578	1.6898935064820726	1.27730587865531	5	3.6907766209097406	0.5409506512113584
0.7520325203252033	1.8737473926544872	1.1798805097586718	5	3.805660422738362	0.6539393887446303
0.6300813008130082	1.772098863313069	1.2430781999673972	4	3.6452583640934746	0.629313314014198
0.7845528455284553	1.8213795684479386	1.2568316793099679	5	3.8627640932863616	0.6332040946269832
0.6626016260162602	1.7066390830548828	1.3699174253119935	4	3.7391581343831364	0.6033941963671392
0.6788617886178862	1.9364564407704015	1.1775523004922424	4	3.7928705298805303	0.682130118283729
0.556910569105691	1.8218280843538153	1.3732708181755724	3	3.7520094716350787	0.6586922618228521
0.8373983739837398	1.6348483240105822	1.2766902550508885	5	3.7489369530452104	0.5591085616769611
0.43902439024390244	1.4734750275081876	1.2029755013304226	4	3.1154749190825126	0.4690877222982216
0.7439024390243902	1.7032923852237063	1.2429564551919527	4	3.690151279440049	0.6520107020962014
0.34552845528455284	1.5109426769582217	1.1040000271421164	3	2.960471159384891	0.5629502963976287
0.7764227642276422	1.63783260496552	1.369350184223597	4	3.783605553416759	0.6260915844491426
0.3780487804878049	1.4236629699473067	1.3539620373902768	3	3.155673787825388	0.5283914728682171
0.6707317073170732	1.7300861135679984	1.3739449251292966	3	3.774762746014368	0.68895544593219
0.27235772357723576	1.454958415341917	1.370930675018116	2	3.0982468139372688	0.5738372093023256
0.8414634146341463	1.6878253391318196	1.195281569538306	7	3.724570323304272	0.4844449904641144
0.7317073170731707	1.5890726439837628	1.2029641499233377	6	3.523744110980271	0.4397785409304068
0.7601626016260162	1.7422842157941087	1.1569956113701623	6	3.659442428790287	0.5343771771678598
0.6504065040650406	1.6346727569488984	1.1701794351899049	5	3.4552586962038436	0.49076387506815977
0.8252032520325203	1.6986443622886511	1.238654688274356	6	3.7625023025955278	0.5593378689917592
0.7154471544715447	1.5823049327423493	1.2918204162016573	5	3.5895725034155515	0.5207167052568391
0.7439024390243902	1.7661588189147643	1.2048739023766823	5	3.714935160315837	0.633705442790111
0.6341463414634146	1.637613146138415	1.2984056257448395	4	3.570165113346669	0.6040208815710488
0.8333333333333334	1.5432016585908546	1.2016592519213678	6	3.578194243845556	0.45491013298507577
0.45934959349593496	1.3957736883049932	1.1163035315423118	5	2.97142681334324	0.3620537757437071
0.7520325203252033	1.579627574477408	1.1687646649261056	5	3.500424759728717	0.5089217855337625
0.3780487804878049	1.40444909059172	1.038184013110773	4	2.8206818841902974	0.4063542521192234
0.8170731707317073	1.5272597502708591	1.2901383481500868	5	3.634471269152653	0.5388746157224418
0.44308943089430897	1.3389893103335335	1.2390607612431779	4	3.02113950247102	0.44379528985507244
0.7357723577235772	1.5688066680490522	1.29650647355748	4	3.601085499330109	0.6267182696530522
0.3617886178861789	1.3316283873920163	1.2384436067013538	3	2.931860611979549	0.5292270531400967
0.8292682926829268	1.6966769155364936	1.223097227531069	6	3.7490424357504892	0.5432537541864166
0.7154471544715447	1.5799439966397602	1.2626706715660316	5	3.5580618226773364	0.5014157674904282
0.7479674796747967	1.7637978828121752	1.1772681519843833	5	3.6890335144713555	0.6144045050237
0.6341463414634146	1.6346619760101788	1.2427067858898495	4	3.5115151033634433	0.5798947093630352
0.7682926829268293	1.711430058605626	1.2410325252084378	5	3.720755266740893	0.5936692109060531
0.6544715447154471	1.5692021957519926	1.3475680173557099	4	3.5712417578231497	0.5539755917159763
0.6747967479674797	1.7990195534675113	1.1752409747276087	4	3.6490572761625995	0.6327115136325663
0.5609756097560976	1.6385789012832948	1.3766131977388383	3	3.5761677087782306	0.5928007889546352
0.8211382113821138	1.5248988141682702	1.2608793652525367	5	3.6069163908029207	0.5195736779560309
0.43089430894308944	1.3360381402052974	1.1806065338794365	4	2.9475389830278234	0.41966911764705883
0.7398373983739838	1.5658554979208161	1.2406255699326163	4	3.546318466227416	0.6025920974450386
0.34959349593495936	1.3276934938877012	1.1073032877159765	3	2.784590277538637	0.4970588235294118
0.7601626016260162	1.50039571766263	1.3450413050855243	4	3.605599624374171	0.5766729797979797
0.3699186991869919	1.2404137868767862	1.3133093102066653	3	2.9236417962704433	0.4625
0.6666666666666666	1.5468369304974778	1.373368362328984	3	3.586871959493129	0.6230639730639731
0.2764227642276423	1.1800846407361365	1.3930960798947793	2	2.849603484858558	0.475
0.7845528455284553	1.7933172875842764	1.132589826273793	6	3.710459959386525	0.48626094591483604
0.6626016260162602	1.6959124430970998	1.1292841969989935	5	3.487798266112353	0.43302439756453137
0.6910569105691057	1.8797663292695148	1.048399636044389	5	3.6192228758830094	0.5460131350978032
0.5691056910569106	1.7796225340818534	1.0318836381879848	4	3.380611863326749	0.49440549695566416
0.7682926829268293	1.8273985050629658	1.1862834627686678	5	3.7819746507584626	0.571205442790111
0.6463414634146342	1.7141627538236672	1.2602772921542191	4	3.62078150939252	0.5258958815710488
0.6747967479674797	1.943980111539186	1.0954801805711911	4	3.7142570400778565	0.6671318034876387
0.5528455284552846	1.831859645378861	1.2250070338222545	3	3.6097122076564	0.6386945087613984
0.7764227642276422	1.6408672606256096	1.1284376302916104	5	3.545727655144862	0.45118230803013404
0.3861788617886179	1.480998698276972	0.9638280211426852	4	2.831005581208275	0.3341799052396879
0.6829268292682927	1.7108160559924908	1.0313769882409383	4	3.4251198735017216	0.5171028850376675
0.2926829268292683	1.5209742379832676	0.6967215487288715	3	2.5103787135414075	0.38307320698625047
0.7601626016260162	1.6453562757343045	1.2593251458942203	4	3.664844023254541	0.5485932696530522
0.3699186991869919	1.4336945309723523	1.1497924162203086	3	2.953405646379653	0.4250603864734299
0.6666666666666666	1.7401176745930442	1.224911330432774	3	3.6316956716924844	0.6689576928707364
0.2764227642276423	1.4700057568794858	0.9714712573949031	2	2.717899778502031	0.5438405797101449
0.7642276422764228	1.825037568960377	1.1585156329582884	5	3.747780844195088	0.5519045050237
0.6382113821138211	1.711211583695431	1.2043083199357616	4	3.5537312857450134	0.5017697093630352
0.6707317073170732	1.9410289414109496	1.0420845320916114	4	3.6538451808196344	0.6430056312796251
0.5447154471544715	1.827924751874546	1.0988372251274454	3	3.471477424156463	0.6065262791507136
0.7032520325203252	1.8755691611527634	1.1740171730783489	4	3.752838366751438	0.6170865136325663
0.5772357723577236	1.740645044863631	1.3598770592857932	3	3.677757876507148	0.5719674556213017
0.5975609756097561	2.0470681884843227	0.9754504636134519	3	3.620079627707531	0.6769486848434216
0.4715447154471545	1.9304315277164037	1.3651904230286187	2	3.7671666661921765	0.6392011834319526
0.7560975609756098	1.6424051056060684	1.203174109905889	4	3.6016767764875675	0.5244670974450386
0.34959349593495936	1.4297596374680375	1.0181118325079965	3	2.7974649659109936	0.39289215686274515
0.6626016260162602	1.7361827810887291	1.0983773941982176	3	3.497161801303207	0.6367894632600515
0.25609756097560976	1.4641034166230136	0.5337339134842841	2	2.2539348910829076	0.49558823529411766
0.6951219512195121	1.6489030740778141	1.3585262357306604	3	3.7025512610279865	0.6022306397306396
0.2886178861788618	1.3331838561066407	1.305704094636232	2	2.9275058369217346	0.44375
0.5894308943089431	1.7928185715376783	1.3665637197547713	2	3.748813185601393	0.6845959595959595
0.18292682926829268	1.305295633055196	1.0	1	2.4882224623234883	0.44999999999999996
0.8739837398373984	1.8176786571185726	1.249960746868788	9	3.941623143824759	0.46742653912350995
0.7764227642276422	1.759845800505874	1.2764076504225177	8	3.812676215156034	0.45452666828292665
0.7926829268292683	1.8747544793636335	1.22692429455614	8	3.894361700749042	0.5024173565139488
0.6951219512195121	1.8168134749841296	1.2618104030917638	7	3.7737458292954056	0.4926733351804876
0.7764227642276422	1.8420245892345402	1.2433772194391093	8	3.8618245729012917	0.4897102782006958
0.6788617886178862	1.7794078862651659	1.283344000866895	7	3.741613675749947	0.4781509599653413
0.6951219512195121	1.9107320906740337	1.2087977616187666	7	3.8146518035123123	0.5328831750865095
0.5975609756097561	1.8491305207830127	1.2615817173803208	6	3.708273213773089	0.5265927866262314
0.8658536585365854	1.7254425614611928	1.2766661740841871	8	3.867962394081965	0.46587536232392834
0.524390243902439	1.6461712830956259	1.2705751165223016	7	3.4411366435203665	0.40111585419992957
0.7845528455284553	1.7774954875044937	1.2624134711831108	7	3.82446180421606	0.5056432712273466
0.44308943089430897	1.6936878170852159	1.2566278906838269	6	3.3934051386633515	0.43671849656658457
0.7682926829268293	1.7400898987855302	1.2838197842973986	7	3.792202366009758	0.4911208960122003
0.42276422764227645	1.6500479635797582	1.2860316394808045	6	3.358843830702839	0.4197757254822472
0.6869918699186992	1.8032595353901042	1.262609532009129	6	3.7528609373179322	0.5417243786809005
0.34146341463414637	1.7078431404640928	1.2672712994904611	5	3.3165778545887	0.4662308705786966
0.8617886178861789	1.8405490041704222	1.250646903236147	8	3.952984525292748	0.47764719209668893
0.7601626016260162	1.7777215033347453	1.2902685537769	7	3.8281526587376615	0.4643645758464763
0.7804878048780488	1.9090457077436132	1.2164575498827368	7	3.9059910625043988	0.5190967909676445
0.6788617886178862	1.8471630740308551	1.2684297186027491	6	3.7944545812514905	0.5105086718208891
0.6869918699186992	1.8716401190246494	1.2104308582351546	7	3.7690628471785033	0.5042858665978966
0.5853658536585366	1.8035232205253975	1.2594272607331085	6	3.6483163349170424	0.49322926005618317
0.5894308943089431	1.9567347923357434	1.1440960512844716	6	3.6902617379291582	0.5154168443642129
0.4878048780487805	1.8920134487988598	1.203711255012643	5	3.583529581860283	0.5043751120674198
0.8536585365853658	1.7384035158551094	1.2906923189874397	7	3.8827543714279154	0.4773345118933354
0.4959349593495935	1.6480805168276007	1.291777485699732	6	3.435792961876926	0.40369161067690473
0.7723577235772358	1.8012920886379467	1.2693847077236076	6	3.84303451993879	0.525640263875558
0.4146341463414634	1.705482204361504	1.2716205095414843	5	3.3917368602444515	0.44692993281228577
0.6788617886178862	1.757652235132489	1.2602040513287867	6	3.696718075079162	0.508360852110852
0.3170731707317073	1.6531143801549546	1.2570018906047142	5	3.227189441491376	0.4261946386946386
0.5813008130081301	1.8369682663273696	1.2054190176453154	5	3.623688096980815	0.5225330225330225
0.21951219512195122	1.7261249554041722	1.1874098675615794	4	3.133047018087703	0.42336829836829837
0.8292682926829268	1.9130292832062594	1.2213324373744097	8	3.9636300132635958	0.46353963108896723
0.7195121951219512	1.8605561079471307	1.252313374208334	7	3.8323816772774157	0.44824164898050867
0.7357723577235772	1.9918803123559987	1.1806537791841916	7	3.908306449263767	0.5029738641016769
0.6260162601626016	1.9438034460786382	1.219887524504036	6	3.7897072307452753	0.49169859047726006
0.7317073170731707	1.9544747236370348	1.2099220653938592	7	3.8961041061040644	0.48845148888653056
0.6219512195121951	1.9001635925731808	1.2602980356345452	6	3.7824128477199213	0.4747558193929228
0.6382113821138211	2.0533751643835267	1.1479787986039376	6	3.8395653451012857	0.5386100703676191
0.5284552845528455	2.0079818952562	1.211910003310718	5	3.7483471831197632	0.5322069832715073
0.8211382113821138	1.821238120467495	1.253187015421784	7	3.8955633472713926	0.4612115850273677
0.4634146341463415	1.744720888875384	1.2408531455870646	6	3.44898866860879	0.3848815293332759
0.7276422764227642	1.8979324606857297	1.2214723400289695	6	3.8470470771374634	0.506830182531929
0.3699186991869919	1.8214506508188435	1.2021265853184027	5	3.393495935324238	0.4243578351999311
0.7235772357723578	1.8542926071802723	1.2617046526342977	6	3.8395744955869278	0.4898874114475916
0.3617886178861789	1.7690828266122947	1.261627419881857	5	3.3924988643803307	0.40402650989872624
0.6300813008130082	1.9529367127847095	1.2145625055495022	5	3.79758051914722	0.55036489373711
0.2682926829268293	1.8710855134758466	1.2066067262666829	4	3.345984922669359	0.4581581373734078
0.8089430894308943	1.9527883407066144	1.217504672982553	7	3.979236103120062	0.47466510476766566
0.6951219512195121	1.8981961458210233	1.2670379839115864	6	3.860356080952122	0.45867170458758044
0.7154471544715447	2.051407717631369	1.15574807637653	6	3.922602948479444	0.5225259555622765
0.6016260162601627	2.0056209591536107	1.2177503664489113	5	3.8249973418626846	0.5129060455050964
0.6341463414634146	2.0077678641259116	1.1575741823152406	6	3.799488387904567	0.5052465437975706
0.5203252032520326	1.9532531349470617	1.219641891012439	5	3.6932202292115335	0.49217075138744926
0.524390243902439	2.1371070211194767	1.034713323714642	5	3.696210588736558	0.5187958525570848
0.4105691056910569	2.101298398894306	1.0972083842238634	4	3.609075888809226	0.5058384392343116
0.8008130081300813	1.8523251604281148	1.2683717754033892	6	3.9215099439615853	0.4738032966422493
0.4268292682926829	1.7667218905097055	1.2658145505147995	5	3.459365709317188	0.3847255721323153
0.7073170731707317	1.9505757766821206	1.2202936304257712	5	3.8781864802786234	0.5310639559706992
0.3333333333333333	1.8681343433476107	1.2064693451926403	4	3.4079370218735843	0.4340319651653941
0.6260162601626016	1.8982079524755715	1.2219178572015275	5	3.7461420698397006	0.510328661853052
0.24796747967479674	1.8026745630894245	1.207763665911337	4	3.2584057086755585	0.4081128475183353
0.516260162601626	2.0324919208049432	1.101905955770936	4	3.650658039177505	0.5285358273163151
0.13821138211382114	1.9498753910665372	1.0140500169597801	3	3.102136790140139	0.39831713002444713
0.8699186991869918	1.8443108395548142	1.2530938232284048	8	3.967323361970211	0.4955518262109184
0.7682926829268293	1.7820207437740503	1.2957997502649752	7	3.8461131769658548	0.4848270148341671
0.7886178861788617	1.9133449481829186	1.229865321581304	7	3.9318281559430845	0.5395592299553353
0.6869918699186992	1.852178854543378	1.2903766900784999	6	3.8295474145405772	0.5343815173065283
0.7723577235772358	1.8759393594639546	1.2528541809684757	7	3.901151264009666	0.5250368547401891
0.6707317073170732	1.8085390010379205	1.3219960036575147	6	3.8012667120125085	0.517438746222191
0.6910569105691057	1.9617505728482663	1.2176919995035675	6	3.8704994829209394	0.5812929971968872
0.5894308943089431	1.8980323854138874	1.3188693139879222	5	3.806332593710753	0.5834264954666292
0.8617886178861789	1.7427027562944148	1.2961135425693424	7	3.900604916749936	0.49779695088102627
0.5121951219512195	1.6530962973401238	1.302543289812153	6	3.4678347091034962	0.4275644561625441
0.7804878048780488	1.8063078691504695	1.291177717130718	6	3.8779733911592364	0.5495131093611973
0.43089430894308944	1.7115011409765315	1.3090741602987852	5	3.4514696102184064	0.475577347395053
0.7642276422764228	1.762668015645012	1.322618832184552	6	3.849514490105987	0.5325703382768601
0.4105691056910569	1.6591333167699822	1.3553881985349983	5	3.4250906209960372	0.4552460220938481
0.6829268292682927	1.8429872029423973	1.320346133517633	5	3.8462601657283226	0.601584405932232
0.32926829268292684	1.7336486261729567	1.3868952884265011	4	3.4498122072823847	0.5221825276173102
0.8577235772357723	1.874252976533534	1.2625906233811652	7	3.9945671771504716	0.5112504706213241
0.7520325203252033	1.806571554285763	1.3317513206881502	6	3.8903553952991166	0.5013546314168487
0.7764227642276422	1.9597831260961087	1.2284766460297538	6	3.9646825363535045	0.5652088823915449
0.6707317073170732	1.8956714493112987	1.3292327302565066	5	3.8956358868848784	0.5641255577002184
0.6829268292682927	1.9161432725906513	1.22151155441697	6	3.8205816562759143	0.5479294706268389
0.5772357723577236	1.8433036251047497	1.3179374584927928	5	3.738476855955266	0.5433902635825714
0.5853658536585366	2.0271575112771645	1.1450317405099857	5	3.757555105445687	0.5700153647522068
0.4796747967479675	1.9638615115914155	1.2850549277623695	4	3.728591236101752	0.5698628294782141
0.8495934959349594	1.7607005688928548	1.3323013237072376	6	3.9425953885350515	0.5164862234715175
0.483739837398374	1.6567723806673935	1.3640983822983317	5	3.5046106003640993	0.43594508432743717
0.7682926829268293	1.8406262668398086	1.3306003115242933	5	3.939519261290931	0.5822834681658211
0.4024390243902439	1.7306974560447204	1.3942963292364439	4	3.5274328096714083	0.4980563554092965
0.6747967479674797	1.7882584426332595	1.319037741972808	5	3.7820929325735477	0.561548174048174
0.3048780487804878	1.6652376757865341	1.3736126560764046	4	3.3437283806434266	0.4721372377622377
0.5772357723577236	1.8950550335020528	1.2877930281276535	4	3.76008383398743	0.5925602175602176
0.2073170731707317	1.7666262079960167	1.3937891927657482	3	3.3677324739324965	0.4836829836829837
0.8130081300813008	1.9570875811459196	1.2176992207703103	7	3.9877949319975308	0.49491637281247824
0.6991869918699187	1.9032119263335463	1.270486441912204	6	3.872885360115669	0.482298183973195
0.7195121951219512	2.056423498143892	1.1702237396718367	6	3.94615943293768	0.5461524349478912
0.6056910569105691	2.011639895768638	1.244227998038507	5	3.8615589507177144	0.541257820767834
0.7154471544715447	2.0127836446384344	1.2126716170592027	6	3.9409024161691817	0.529209663863554
0.6016260162601627	1.9592720715620893	1.3070521797750172	5	3.8679502675972692	0.5209264954666292
0.6219512195121951	2.143125957734504	1.1386644204192542	5	3.9037415976659533	0.5975515966362648
0.508130081300813	2.10882206966309	1.2784004398092759	4	3.8953525907731787	0.6042831193332866
0.8048780487804879	1.8573409409406378	1.271666271335366	6	3.9338852610564916	0.497429776027864
0.43902439024390244	1.7727408271247331	1.2755204310594	5	3.4872856484280357	0.413077347395053
0.7113821138211383	1.956594713297148	1.2465403189124056	5	3.9145171460306916	0.5594157312334368
0.34552845528455284	1.8756580141163952	1.2581540537480898	4	3.479340523149038	0.46947168424381625
0.7073170731707317	1.9042268890905991	1.3090972028611447	5	3.9206411651224755	0.539084405932232
0.33739837398373984	1.8101982338582085	1.361002803088425	4	3.5085994109303735	0.4440575276173102
0.6138211382113821	2.0400155915737272	1.2827131061847465	4	3.936549835969856	0.62698050741529
0.24390243902439024	1.9599069520915828	1.391544773276186	3	3.595354164392159	0.529576703489747
0.7926829268292683	2.010816197886277	1.2233482106400018	6	4.026847335355547	0.5131255490582116
0.6747967479674797	1.9569111354595001	1.3172535166255215	5	3.9489614000525015	0.5016255577002184
0.6991869918699187	2.140765021631915	1.1504097515130849	5	3.9903617650149186	0.5782506588698538
0.5813008130081301	2.105870899534854	1.2882867357645027	4	3.975458448307487	0.580156947125273
0.6178861788617886	2.0883971974253663	1.1553573254618974	5	3.8616407017490526	0.5575153647522069
0.5	2.040411119276668	1.295119968438293	4	3.835531087714961	0.5542378294782141
0.508130081300813	2.2702284769921866	0.9870575165922116	4	3.7654160748852115	0.5875192059402585
0.3902439024390244	2.2668574659828615	1.1809341827883435	3	3.838035551210229	0.5931504393042855
0.7845528455284553	1.9018659529880104	1.3191893014497247	5	4.0056080999661905	0.5197834681658211
0.4024390243902439	1.8072470637299727	1.3681337115348995	4	3.577819799655116	0.4199313554092965
0.6910569105691057	2.0370644214454914	1.2924173383700994	4	4.020538670384696	0.6028543352072764
0.3089430894308943	1.9559720585872682	1.3915747259112419	3	3.656489873929404	0.4974084738790622
0.6097560975609756	1.9716046411873052	1.2988050747309376	4	3.8801658134792185	0.5769352175602176
0.22357723577235772	1.8686923515763532	1.401524750817791	3	3.493794338166502	0.4628496503496503
0.5	2.1751154951970446	1.1901129845041492	3	3.8652284797011935	0.6234136234136234
0.11382113821138211	2.1225024877854866	1.3853936503811746	2	3.6217172763780434	0.4755244755244755
0.8739837398373984	1.8101723563238263	1.2494545347700339	8	3.933610630931258	0.4866072823826537
0.7764227642276422	1.7430053343672072	1.290453156639045	7	3.8098812552338943	0.474604679030436
0.7926829268292683	1.8743295387760752	1.226059227327375	7	3.8930716929327183	0.5293368941516043
0.6951219512195121	1.806660876902061	1.2843562655023226	6	3.7861390936238957	0.5224554588688421
0.7764227642276422	1.8369239500571113	1.2480270454257192	7	3.8613737597104727	0.514814518936458
0.6788617886178862	1.7630210233966033	1.3145461212769791	6	3.7564289332914687	0.5055126877845046
0.6951219512195121	1.9162325952069492	1.2123988162438333	6	3.8237533626702946	0.5693669387592011
0.5975609756097561	1.8434108122443067	1.3098917001673065	5	3.750863488021369	0.5691152253414057
0.8658536585365854	1.7036873468875715	1.2906102822343963	7	3.860151287658553	0.48757461507729516
0.516260162601626	1.6075783196988065	1.2941468327225525	6	3.4179853150229853	0.4156383977248578
0.7845528455284553	1.7607898915091524	1.2849379591619188	6	3.8302806961995266	0.537587050923511
0.4349593495934959	1.6568795678069506	1.2986766844145723	5	3.390515601815019	0.4612660772698294
0.7682926829268293	1.7171500380036948	1.3149496164113943	6	3.8003923373419184	0.5206442798391737
0.4146341463414634	1.6045117436004017	1.3428465359442474	5	3.3619924258861125	0.44093475196862464
0.6869918699186992	1.7883656297728165	1.3110395196080848	5	3.7863970192996	0.5872731358070084
0.3333333333333333	1.6653716597109804	1.3696545336922303	4	3.368359526736544	0.5042934399607808
0.8617886178861789	1.835237567126691	1.257786007157354	7	3.954812192170224	0.501028134817593
0.7601626016260162	1.7610535766444457	1.324332965354138	6	3.8455491436246	0.4894285729791622
0.7804878048780488	1.9142651484547917	1.2232149898165434	6	3.917967943149384	0.5532828239538585
0.6788617886178862	1.8410498761417178	1.3203024070056764	5	3.8402140717652804	0.5498142875749947
0.6869918699186992	1.870625294949334	1.214820440399401	6	3.7724376052674344	0.5360034121891526
0.5853658536585366	1.7886820519351687	1.3068629485354246	5	3.68091085412913	0.5290789934573477
0.5894308943089431	1.9725359381075838	1.1371922792338203	5	3.699159111650347	0.5557040946269832
0.4878048780487805	1.8955845451294393	1.27025942741707	4	3.6536488505952898	0.5519737418216846
0.8536585365853658	1.7151825912515373	1.3246636349806036	6	3.893504762817507	0.5045601650338312
0.4878048780487805	1.6021508074978126	1.351604010277366	5	3.441559695823959	0.4216338142022137
0.7723577235772358	1.7860046936702276	1.3213409881845304	5	3.879703405431994	0.5679721980405975
0.4065040650406504	1.6624204895827441	1.3771343921184815	4	3.446058946741876	0.4801672677527671
0.6788617886178862	1.7336368694636786	1.3076342319265073	5	3.720132890008072	0.5472369039229503
0.3089430894308943	1.596960709324558	1.3528770744475462	4	3.2587808732029986	0.4542481501057083
0.5813008130081301	1.8267780670400766	1.2724491943007992	4	3.680528074349006	0.5746711299036881
0.21138211382113822	1.6755902527133817	1.3596420620086587	3	3.246614428543179	0.4598308668076111
0.8292682926829268	1.9180721717390763	1.2181131392320017	7	3.9654536036540047	0.48469403700874714
0.7195121951219512	1.8576939486922288	1.2703740351378954	6	3.847580178952075	0.4703721255355088
0.7357723577235772	2.010905520502575	1.17226803201833	6	3.9189459102444824	0.5342263765102051
0.6260162601626016	1.9570183225990576	1.2462565976272324	5	3.8292911803888914	0.5269465506426105
0.7317073170731707	1.9672656669971171	1.2132864516013375	6	3.9122594356716256	0.5172836054258676
0.6219512195121951	1.9046504983925086	1.306936592657205	5	3.8335383105619085	0.5066152253414057
0.6382113821138211	2.0885043845649234	1.1417838819826447	5	3.8684996486613894	0.5832403265110412
0.5284552845528455	2.040545103201114	1.2818698108632363	4	3.850870198617196	0.5863940316767571
0.8211382113821138	1.8118229632993206	1.2713345311684356	6	3.9042957058498704	0.48550371759017763
0.45528455284552843	1.7181192539551524	1.2739849818779903	5	3.447388788678671	0.39876607726982927
0.7276422764227642	1.9019731401275675	1.2482399184121982	5	3.87785533496253	0.5451044611082132
0.3617886178861789	1.807381047654419	1.2592569880293873	4	3.428426653569985	0.4515825965872867
0.7235772357723578	1.8496053159210184	1.3086526156543996	5	3.8818351673477762	0.5247731358070084
0.35365853658536583	1.7419212673962328	1.358532092858826	4	3.4541118968404243	0.4261684399607808
0.6300813008130082	1.9717386251117515	1.2856341437571521	4	3.8874540696819118	0.6090914197587605
0.2601626016260163	1.8688709968089483	1.393927385317616	3	3.52296098375258	0.5057245866143742
0.8089430894308943	1.9652982202449598	1.2239945722286605	6	3.998235881904515	0.5011994906205253
0.6951219512195121	1.9022895622899196	1.3171852200774947	5	3.9145967335869263	0.48731428757499473
0.7154471544715447	2.0861434484623347	1.1535765036462606	5	3.9551671065801397	0.5639393887446303
0.6016260162601627	2.037593933072878	1.2918349244347715	4	3.931054873767812	0.5622678594687435
0.6341463414634146	2.0337756242557856	1.1563798908885352	5	3.8243018566077356	0.5432040946269832
0.5203252032520326	1.9721341528146916	1.2950945125976656	4	3.78755386866439	0.5363487418216846
0.524390243902439	2.2019515105302103	0.9924238085535885	4	3.718765562986238	0.569630118283729
0.4105691056910569	2.1758215107002266	1.1882073036077163	3	3.7745979199989996	0.5692983224289128
0.8008130081300813	1.8472443798184295	1.3187920048127648	5	3.966849392761276	0.5054721980405975
0.4186991869918699	1.7389700972679965	1.3657418189216097	4	3.523411103181476	0.4020422677527671
0.7073170731707317	1.9687874549835152	1.2954171935588137	4	3.971521721713061	0.5849652475507469
0.3252032520325203	1.8649361033046332	1.3941149731852895	3	3.5842543285224435	0.4735563570036895
0.6260162601626016	1.903327674725329	1.2982312854087557	4	3.827575220296686	0.5590461299036881
0.23983739837398374	1.7776563962937182	1.3969177090700462	3	3.414411503737748	0.4389975334742777
0.516260162601626	2.0840795399144096	1.1962894383604123	3	3.7966291408764477	0.5995615065382507
0.13008130081300814	1.9859485548615345	1.393544622639821	2	3.5095744783143634	0.4397463002114166
0.7967479674796748	1.839536807565996	1.206475186406584	7	3.8427599614522547	0.4564548343509398
0.6951219512195121	1.7660693571569686	1.2556739074008176	6	3.7168652157772986	0.4374263891014002
0.7154471544715447	1.9192809289673145	1.165583137157912	6	3.8003112205967713	0.5012806400760965
0.6138211382113821	1.8470688127567452	1.238618764664365	5	3.699508715632492	0.48741166692168014
0.6991869918699187	1.8756410754618569	1.197810359189425	6	3.7726384265212007	0.4843378689917591
0.5975609756097561	1.7947009885501963	1.286111963367096	5	3.6783739275270486	0.4670803416204754
0.6178861788617886	1.9785548747226112	1.1329821020075255	5	3.729423155591925	0.543705442790111
0.516260162601626	1.9031082158982238	1.2711826931176378	4	3.690551071617487	0.5369754270255942
0.7886178861788617	1.7201983717640603	1.2558506149586421	6	3.7646668729015644	0.45255798115606904
0.43089430894308944	1.6081697441128402	1.2531486168910597	5	3.2922126699469896	0.3592311935488992
0.7073170731707317	1.792023630285255	1.2394264027402575	5	3.7387671061962444	0.505569577387283
0.34959349593495936	1.6699441603515286	1.248550310789086	4	3.268087967075574	0.40216399193612395
0.6910569105691057	1.7396558060787062	1.2866523036552175	5	3.7173650203030295	0.4852382520860782
0.32926829268292684	1.6044843800933424	1.3258474217397889	4	3.259600094516058	0.3767498353096179
0.6097560975609756	1.834301737808861	1.2729875548297644	4	3.7170453901996012	0.5596728151075977
0.24796747967479674	1.6856218137384278	1.376599238555374	3	3.3101885319685986	0.4398331137461572
0.7845528455284553	1.8736736287096996	1.2115338485703417	6	3.8697603228084967	0.4682537541864167
0.6788617886178862	1.7923400524476072	1.3008836439177769	5	3.77208548498327	0.44777940385406456
0.7032520325203252	1.9761939386200222	1.1492977768015327	5	3.82874374794188	0.5244045050237001
0.5975609756097561	1.9001570457699875	1.2886862285731582	4	3.786404249952902	0.5128492548175807
0.6097560975609756	1.9238261144134732	1.1389143677165656	5	3.672496579691014	0.503669210906053
0.5040650406504065	1.8346972655118012	1.2699678228573164	4	3.608730129019524	0.4869301371705219
0.5121951219512195	2.06451462322732	0.9873352010048887	4	3.564044946183428	0.5202115136325662
0.4065040650406504	1.9925723276297063	1.1859951196028502	3	3.585071512273207	0.5034068495606958
0.7764227642276422	1.737294869976117	1.3013147459439738	5	3.8150323801477333	0.46593731431966723
0.4024390243902439	1.601533209965106	1.3405955696865577	4	3.3445678040419073	0.3526236631016042
0.6951219512195121	1.8313505676806248	1.2903090265154114	4	3.8167815454155485	0.5355466428995841
0.32113821138211385	1.681686920234113	1.391863670191018	3	3.394688801807245	0.4076648841354724
0.6016260162601627	1.7658907874224385	1.2711451244866172	4	3.6386619281692183	0.5096275252525253
0.22357723577235772	1.5944072132231977	1.3507104183183027	3	3.1686948673138584	0.37310606060606066
0.5040650406504065	1.9008303568438893	1.1901583119919688	3	3.5950537094862645	0.5336700336700337
0.12601626016260162	1.7110747802557538	1.3990463368120893	2	3.2361373772304445	0.34090909090909094
0.7398373983739838	1.9703140007574824	1.1478642060948951	6	3.8580156052263614	0.44919730674276315
0.6260162601626016	1.9083084989049468	1.2077538075234828	5	3.742078566591031	0.42491166692168014
0.6463414634146342	2.092162385077362	1.0606858990342825	5	3.799189747526279	0.5015367680913158
0.532520325203252	2.0451176038416623	1.1449574778258667	4	3.7225954068707807	0.48426458365210023
0.6422764227642277	2.0397945608708126	1.1244219434495402	5	3.8064929270845806	0.4812054427901109
0.5284552845528455	1.979657823583476	1.249771494610399	4	3.7578846027467208	0.4588504270255942
0.5487804878048781	2.209475181298995	0.9746688038030449	4	3.7329244729069178	0.5546318034876387
0.4349593495934959	2.1858530717252727	1.1685777495954135	3	3.7893901709141824	0.5493005693674591
0.7317073170731707	1.8532633164334569	1.2091296491557917	5	3.7941002826624195	0.44306957738728303
0.35772357723577236	1.746493768036781	1.1909114539043797	4	3.295128799176933	0.32403899193612395
0.6382113821138211	1.9763111257522996	1.1481548417783065	4	3.7626773496444272	0.5069619717341037
0.26422764227642276	1.874967664329679	1.11547072511306	3	3.254666031719162	0.36955198924816524
0.6341463414634146	1.9108513454941134	1.2525233622498868	4	3.7975210492074147	0.4815478151075977
0.25609756097560976	1.787687957318764	1.321382318241093	3	3.365167836535467	0.33566644707949056
0.540650406504065	2.0941111009394557	1.1758900740049054	3	3.8106515814484263	0.579563753476797
0.16260162601626016	2.000995896399103	1.3799878960396539	2	3.543585418455017	0.40974967061923584
0.7195121951219512	2.037433624768224	1.1405755388254666	5	3.897521358715642	0.46190450502370006
0.6016260162601627	1.9767066534552398	1.2670048977024522	4	3.8453375674178547	0.4347242548175807
0.6260162601626016	2.2065240111707585	0.9944755306339755	4	3.8270158019673355	0.530505631279625
0.508130081300813	2.1819181782209576	1.1888126915216257	3	3.8788609510433965	0.5171323397567742
0.5447154471544715	2.1410642309125723	1.002828534439011	4	3.688608212506055	0.5045865136325662
0.4268292682926829	2.0946384712100428	1.2026932513165691	3	3.7241609908192945	0.48257351622736244
0.4349593495934959	2.401061614830734	0.5976554971955751	3	3.433676461619805	0.5269486848434217
0.3170731707317073	2.461421667236021	0.7873859317033449	2	3.5658807696710735	0.5051102743410436
0.7113821138211383	1.907900175365877	1.269574701572066	4	3.8888569907590815	0.4574216428995841
0.32113821138211385	1.783753063814449	1.3361064851498021	3	3.440997760346365	0.30349821746880556
0.6178861788617886	2.0901762074351407	1.19576088839137	3	3.9038232746882997	0.5473955238661121
0.22764227642276422	1.9950935561426308	1.3814648039920985	2	3.6042006365574935	0.3614973262032086
0.5365853658536586	2.002896500424226	1.208750455560409	3	3.7482323218382936	0.5128367003367003
0.14227642276422764	1.8641739956262584	1.411957162053834	2	3.41840758044432	0.30965909090909094
0.4268292682926829	2.323808711057296	0.8109833118264149	2	3.561621291176394	0.5505050505050505
0.032520325203252036	2.367275912094431	1.0	1	3.399796237297683	0.18181818181818188
0.8699186991869918	1.7489790002465901	1.2517436847081407	8	3.8706413841417224	0.5258548565139488
0.7642276422764228	1.6730700702789372	1.2666968480099277	7	3.7039945605652878	0.4934850234921758
0.7886178861788617	1.8043942746878052	1.2293368425798727	7	3.82234900344654	0.5741912645873701
0.6829268292682927	1.7250697354657458	1.25141301489059	6	3.6594095796246284	0.5444825274075384
0.7723577235772358	1.7669886859688415	1.2498220587066062	7	3.7891684682526834	0.5596688893722237
0.6666666666666666	1.6814298819602884	1.2795272279049914	6	3.627623776531946	0.5275397563232012
0.6910569105691057	1.8346414537706341	1.2152274163061063	6	3.7409257806458465	0.6216970376009276
0.5853658536585366	1.745501442520729	1.2578367323128725	5	3.5887040284921383	0.5955477075878414
0.8617886178861789	1.6337520827993015	1.2659178614577211	7	3.7614585621432015	0.506454959539035
0.491869918699187	1.5259871782624916	1.2220455316699776	6	3.239902628631656	0.4376654662635543
0.7804878048780488	1.6791987500728374	1.250684151543605	6	3.710370706494491	0.5596141194622075
0.4105691056910569	1.5589701980833728	1.1909981050392566	5	3.1605374088136866	0.48769855951626506
0.7642276422764228	1.63555889656738	1.2786201660328256	6	3.678406704876628	0.54267134837787
0.3902439024390244	1.5066023738768237	1.2320544924285493	5	3.1289007687443973	0.4673672342150603
0.6829268292682927	1.6904562600492388	1.2570187162437783	5	3.63040180556131	0.6137056180534441
0.3089430894308943	1.542984947556508	1.1857900815053124	4	3.037718118492715	0.5373340427688253
0.8577235772357723	1.765302303038421	1.2594446414858733	7	3.882470521760067	0.5458825052533589
0.7479674796747967	1.6794624352081309	1.2891231414488358	6	3.7165530563317635	0.5114556415178586
0.7764227642276422	1.8326740070184766	1.2258526593455017	6	3.83494943059162	0.6056129227955853
0.6666666666666666	1.7431405064181398	1.2679610433512702	5	3.6777682164360765	0.5762467698214304
0.6829268292682927	1.7890341535130192	1.2153824671681044	6	3.6873434499494167	0.5883335110308794
0.573170731707317	1.6907726822115907	1.2514081207406362	5	3.515351534659544	0.5555114757037833
0.5853658536585366	1.8746265683840058	1.138508691590423	5	3.5985011136329654	0.6185002132370553
0.47560975609756095	1.773197832974967	1.1786236680983333	4	3.427431257170861	0.5850143446297292
0.8495934959349594	1.6335914498152224	1.2881432540687203	6	3.7713281998189023	0.5265872335725277
0.4634146341463415	1.5042414377742346	1.2405255709616962	5	3.2081816428822725	0.44806629644864926
0.7682926829268293	1.6880953239466496	1.2670337890202519	5	3.723421795893731	0.5944046802870332
0.3821138211382114	1.5400337774282722	1.1927926135982767	4	3.1149402121647602	0.5132078705608116
0.6747967479674797	1.6357274997401006	1.2502135686218463	5	3.5607378163294268	0.5736693861693861
0.2845528455284553	1.4745739971700855	1.163346189026704	4	2.9224730317252448	0.48728875291375284
0.5772357723577236	1.7043913548856042	1.1775370424656089	4	3.4591641697089366	0.6077117327117327
0.18699186991869918	1.5124079698407524	0.9821581985121304	3	2.6815580382715822	0.5038850038850038
0.8252032520325203	1.8481369076508063	1.2212662318022443	7	3.8946063914855706	0.5297595783873912
0.7073170731707317	1.7761028072559137	1.2372564527710057	6	3.720676333197651	0.4926455601742298
0.7317073170731707	1.92931437906626	1.176997943085701	6	3.8380196392251316	0.5868028414519564
0.6138211382113821	1.8591089528754796	1.1970535962804445	5	3.669983687367306	0.5536746722090757
0.7276422764227642	1.885674525560802	1.215940719908453	6	3.8292575218920195	0.5698600703676191
0.6097560975609756	1.8067411286689308	1.2546201271700348	5	3.671117353399941	0.533343346907871
0.6341463414634146	1.9905950148413456	1.1462386566468654	5	3.7709800129516253	0.6463320844411429
0.516260162601626	1.9181583910466418	1.1954646553905304	4	3.6298832090387982	0.6198041836348387
0.8170731707317073	1.7302318218630057	1.2369063917949643	6	3.7842113843896774	0.5077771522288987
0.43089430894308944	1.6202098842315746	1.1660449048699386	5	3.2171490980446027	0.4254941988362947
0.7235772357723578	1.8040637704039895	1.1970710815555379	5	3.724712087731885	0.5718325826746785
0.33739837398373984	1.6849943354999466	1.0801458133552129	4	3.1025385228388993	0.48499274854536834
0.7195121951219512	1.7516959461974406	1.254370314657357	5	3.7255784559767484	0.5515012573734737
0.32926829268292684	1.6195345552417604	1.1742318112840142	4	3.1230346592087015	0.4595785919188623
0.6260162601626016	1.849351912957279	1.1959525957679924	4	3.671320768887873	0.6425015717168421
0.23577235772357724	1.7056887139363186	1.0269047295131493	3	2.968365801173045	0.5502714558918165
0.8048780487804879	1.883707078808645	1.2264579100024613	6	3.915043037591594	0.5537759555622765
0.6829268292682927	1.8043801925663416	1.2645823587903522	5	3.751889380624987	0.51404240914146
0.7113821138211383	1.9882340787387567	1.1577448825105097	5	3.8573610750704046	0.6270311466747319
0.5894308943089431	1.9152072209184055	1.2049524426287788	4	3.709590557856127	0.5956780114268251
0.6300813008130082	1.9358662545322076	1.1574348056124018	5	3.7233823609576175	0.6062958525570848
0.508130081300813	1.8497474406602192	1.2030229238910357	4	3.5609004458520683	0.5697588937797662
0.5203252032520326	2.079564798375738	0.9949709534326105	4	3.594860955060381	0.6484948156963561
0.3983739837398374	2.0126392278275973	1.005642033539613	3	3.416655245107048	0.613845191706355
0.7967479674796748	1.7493350100948515	1.26422330801575	5	3.8103062855902765	0.5322003196070628
0.3943089430894309	1.616583385113524	1.1809642110135112	4	3.1918565392164657	0.4354524197108487
0.7032520325203252	1.8464007428290428	1.205258319236367	4	3.7549110945857347	0.6183753995088285
0.3008130081300813	1.701753820432004	1.0261376647142488	3	3.0287044932763343	0.5181032262811316
0.6219512195121951	1.7809409625708565	1.202883304185672	4	3.6057754862687235	0.5924562818617696
0.21544715447154472	1.614474113421089	1.0185621867977306	3	2.8484834546903643	0.48354440275171984
0.5121951219512195	1.9208972570417806	1.0071713832594016	3	3.4402637622524015	0.6441083758156929
0.10569105691056911	1.7411751305525902	0.2632117778583451	2	2.1100779653215045	0.5065666041275797
0.8658536585365854	1.7696015434777261	1.2633527598850822	7	3.8988079618993936	0.5663449442410498
0.7560975609756098	1.6844782157206535	1.2977705983054855	6	3.7383463750017487	0.535328487003498
0.7845528455284553	1.8376897875309997	1.2455273214968405	6	3.8677699545562954	0.6294857682812247
0.6747967479674797	1.7491594430331674	1.3022371732249138	5	3.7261933642255607	0.6048941844041977
0.7682926829268293	1.7940499340255418	1.2756789007680984	6	3.8380215177204695	0.6125429971968874
0.6585365853658537	1.6967916188266183	1.3466169077872627	5	3.7019451119797346	0.5845628591029929
0.6869918699186992	1.8806455049990334	1.2502582865790832	5	3.817895661496816	0.6975515966362648
0.5772357723577236	1.7807215037437514	1.3728132208238264	4	3.7307704969253015	0.6838285738787411
0.8577235772357723	1.6386072303277455	1.2966367488567285	6	3.7929675564202463	0.5504600790581671
0.4796747967479675	1.5102603743892622	1.2580299497903449	5	3.2479651209275744	0.4767137110314167
0.7764227642276422	1.6941142605616772	1.301078975790934	5	3.771616000580253	0.6230520948698004
0.3983739837398374	1.5475574481970567	1.2574748192938061	4	3.2034062512307004	0.5490171387892708
0.7601626016260162	1.6417464363551282	1.3451914125655116	5	3.7471004505466556	0.6027207695685957
0.3780487804878049	1.48209766793887	1.3295828233438716	4	3.1897292717705463	0.5236029821627648
0.6788617886178862	1.7119150256543887	1.3713416900194995	4	3.762118504291774	0.7065259619607445
0.2967479674796748	1.5224395308657985	1.3856479491086968	3	3.20483544745417	0.6356373095503529
0.8536585365853658	1.7920824872733847	1.2892114596157007	6	3.9349524834744516	0.5964588823915449
0.7398373983739838	1.6944306827240294	1.3611021925379714	5	3.7953702736359842	0.5652619213365819
0.7723577235772358	1.8782845688964442	1.2662875655731183	5	3.916929858046798	0.6782506588698538
0.6585365853658537	1.7777703336155155	1.3898394299460601	4	3.8261463489274297	0.6597024016707275
0.6788617886178862	1.8259167446898954	1.252790692347769	5	3.7575692256555504	0.6575153647522068
0.5650406504065041	1.7123105533573293	1.3659319173295807	4	3.643283121093414	0.6337832840236687
0.5813008130081301	1.942127911072848	1.1779180290628055	4	3.701346753143784	0.7125192059402585
0.46747967479674796	1.829390044757077	1.379501215892536	3	3.6763709354463607	0.6992110453648915
0.8455284552845529	1.6393855002525395	1.3595674590542959	5	3.844481414591388	0.5834198318021847
0.45121951219512196	1.4791464978106341	1.3438536449573535	4	3.2742196549631095	0.4994768099547511
0.7642276422764228	1.7089638555261528	1.3881858353718595	4	3.8613773331744348	0.6823997897527309
0.3699186991869919	1.5185046373614834	1.3999577280777664	3	3.2883810646262415	0.603469079939668
0.6707317073170732	1.6435040752679666	1.363832826442428	4	3.678068609027468	0.6564806721056721
0.27235772357723576	1.4312249303505684	1.3484262624037766	3	3.052008916331581	0.5689102564102564
0.573170731707317	1.73764807397126	1.3771116232487468	3	3.6879304289273236	0.7294742294742294
0.17479674796747968	1.4663013559468094	1.3969275911039807	2	3.03802569501827	0.6346153846153846
0.8089430894308943	1.8887228593211676	1.2276340586786665	6	3.9253000074307285	0.5774024349478912
0.6869918699186992	1.8103991291813692	1.2711107184512955	5	3.768501717551364	0.5423941844041977
0.7154471544715447	1.994253015353784	1.1808140501134863	5	3.890514219938815	0.6553829219374696
0.5934959349593496	1.92273089168719	1.2513412830447994	4	3.7675681096913385	0.6311177305052471
0.7113821138211383	1.9418851911472352	1.2414366303883617	5	3.8947039353567354	0.6350515966362648
0.5894308943089431	1.8572711114290037	1.3509661929286942	4	3.797668198666641	0.6057035738787411
0.6178861788617886	2.0870884691445224	1.1704822357069922	4	3.875456883713303	0.746939495795331
0.4959349593495935	2.022670788852643	1.372545053577161	3	3.8911508017793976	0.7451047651716548
0.8008130081300813	1.755353946709879	1.2705207245737316	5	3.8266876794136917	0.5605520948698004
0.4065040650406504	1.6241070558823085	1.199400133021206	4	3.2300112539441654	0.47089213878927083
0.7073170731707317	1.8539244135978272	1.2512622544807852	4	3.812503741249344	0.6538151185872505
0.3130081300813008	1.7117853814570498	1.1340259906918702	3	3.158819502230221	0.565356185052361
0.7032520325203252	1.788464633339641	1.350441668051728	4	3.8421583339116943	0.6284009619607445
0.3048780487804878	1.6245056744461344	1.3295593700186286	3	3.258943093245251	0.5314706428836864
0.6097560975609756	1.9309288180668263	1.373304592953745	3	3.9139895085815466	0.7753679492809927
0.21138211382113822	1.756222472090159	1.40925277340773	2	3.376857359319027	0.7034559643255295
0.7886178861788617	1.939524255044646	1.257303829964316	5	3.985445971187824	0.6157506588698538
0.6626016260162602	1.8543199413007674	1.3677222696874605	4	3.884643837004488	0.5815774016707275
0.6951219512195121	2.084137299016286	1.1898116362046363	4	3.9690708864404343	0.7228133235873173
0.5691056910569106	2.0187358953483283	1.391825342836799	3	3.979666929242038	0.71293653556097
0.6138211382113821	2.0186775187581	1.1929755331090341	4	3.8254741900785163	0.6968942059402585
0.4878048780487805	1.9314561883374133	1.395327688830468	3	3.814588755216662	0.6783777120315582
0.5040650406504065	2.237879331958105	0.9795274018807784	3	3.72147177448929	0.783358941253678
0.3780487804878049	2.216648242927077	1.370022966280511	2	3.964719989695393	0.7988165680473374
0.7804878048780488	1.7855134632114051	1.3670156810406204	4	3.9330169491300744	0.6042747897527309
0.3699186991869919	1.6205707809418197	1.3433288842607631	3	3.3338183643895745	0.4993024132730014
0.6869918699186992	1.9269939245625114	1.3922207546736358	3	4.006206549154847	0.7431997196703078
0.2764227642276423	1.7503201318336865	1.4078657233604528	2	3.4346086194217813	0.6552036199095022
0.6056910569105691	1.8397142175515964	1.3948321080414001	3	3.840237382503566	0.7086408961408961
0.1910569105691057	1.619400571317314	1.407223440018364	2	3.217680921904784	0.6033653846153846
0.4959349593495935	2.0790352867483515	1.3739619913048582	2	3.9489322374028033	0.8442113442113441
0.08130081300813008	1.8777290634765422	1.0	1	2.9590298764846725	0.7692307692307692
0.8699186991869918	1.7305861340708828	1.2581122337377946	7	3.858617066995669	0.5561226084373185
0.7642276422764228	1.6389602380793364	1.2897419690786065	6	3.692929849434366	0.5234024285658117
0.7886178861788617	1.7921718098896824	1.239655391390763	6	3.8204450874593077	0.6175597098435384
0.6829268292682927	1.6945378698635867	1.2923914391347833	5	3.6698561382666623	0.590582914278974
0.7723577235772358	1.7485319563842248	1.2683775128576626	6	3.789267192819123	0.6006169387592011
0.6666666666666666	1.6421700456570378	1.3346269869905942	5	3.6434636993142986	0.5702515889777693
0.6910569105691057	1.8260239318294527	1.2415034144636174	5	3.758584256862176	0.6832403265110412
0.5853658536585366	1.7124445372817756	1.35649203574636	4	3.654302426686672	0.6659394862222117
0.8617886178861789	1.5930892526864282	1.2883887862372279	6	3.743266656809835	0.5385340206204807
0.483739837398374	1.4556388012196817	1.2446201669300792	5	3.1839988055481347	0.462402440906193
0.7804878048780488	1.6394926873920965	1.2909042416118708	5	3.710884733882016	0.6087408247445768
0.4024390243902439	1.4792804817350804	1.2387871974436766	4	3.120506703569001	0.5311280511327412
0.7642276422764228	1.5871248631855477	1.3328724916799104	5	3.6842249971418806	0.5884094994433721
0.3821138211382114	1.4138207014768942	1.307321556982846	4	3.1032560795979514	0.5057138945062353
0.6829268292682927	1.643638059192413	1.3544721714604782	4	3.681037059921184	0.688636874304215
0.3008130081300813	1.4314035755831636	1.3484494488872725	3	3.0806660326005173	0.6117851926749804
0.8577235772357723	1.7465645096320674	1.2819415987517886	6	3.886229685619628	0.5845328239538585
0.7479674796747967	1.6398091095544487	1.3491595623110881	5	3.7369361515403337	0.5509506512113583
0.7764227642276422	1.8236629957268637	1.2575799840274375	5	3.8576657439819435	0.6639393887446303
0.6666666666666666	1.7094933671535393	1.373597062484902	4	3.7497570963051077	0.6418133140141979
0.6829268292682927	1.7712951715203147	1.2419389240955507	5	3.6961609248841585	0.6432040946269832
0.573170731707317	1.644033586895353	1.346115905357527	4	3.563320223960197	0.6158941963671392
0.5853658536585366	1.8738509446108718	1.1634937648927555	4	3.6227105631621637	0.694630118283729
0.47560975609756095	1.738354089474442	1.3471932244490548	3	3.561157070021058	0.675358928489519
0.8495934959349594	1.5847639270829585	1.3472958287384802	5	3.7816532517563983	0.5691085616769611
0.45528455284552843	1.410869531348658	1.3216711962126368	4	3.1878252804068232	0.48158772229822167
0.7682926829268293	1.6406868890641766	1.3713951344291466	4	3.7803747064201527	0.6645107020962013
0.37398373983739835	1.4274686820788487	1.3629168630889603	3	3.1643692850052076	0.5796169630642956
0.6747967479674797	1.5752271088059904	1.3434684809888189	4	3.5934923377622887	0.6385915844491425
0.2764227642276423	1.3401889750679334	1.3042381083931778	3	2.9208498476887534	0.5450581395348837
0.5772357723577236	1.6466121186886251	1.3437069648421562	3	3.5675548558885053	0.7056221125988568
0.17886178861788618	1.3297474230228574	1.2863352265740655	2	2.7949444382148094	0.5988372093023255
0.8252032520325203	1.8432048816798503	1.2276701463744581	6	3.8960782800868285	0.5654763765102051
0.7073170731707317	1.7557775560117883	1.2701270110639684	5	3.7332216402464886	0.528082914278974
0.7317073170731707	1.9396314421842036	1.1830653914073617	5	3.854404150664736	0.641071651812246
0.6138211382113821	1.8544539252252141	1.253363786982901	4	3.721638850419497	0.6132286428487176
0.7276422764227642	1.8872636179776543	1.2415437849756992	5	3.8564496793761176	0.6207403265110412
0.6097560975609756	1.788994144967028	1.3494150523558999	4	3.7481652948839033	0.5878144862222117
0.6341463414634146	2.0188115026825466	1.174322842936202	4	3.8272806870821636	0.7290504081388015
0.516260162601626	1.9316348335700084	1.3767668049321993	3	3.824661801103834	0.7212526482962822
0.8170731707317073	1.7007323735402984	1.2692080170974718	5	3.7870135613694775	0.5462408247445769
0.42276422764227645	1.5558300894203327	1.1954825556757493	4	3.1740768727383584	0.4530030511327412
0.7235772357723578	1.7856474471358514	1.2527364249373325	4	3.7619611078455417	0.6359260309307211
0.32926829268292684	1.6207494261744149	1.1335148685015832	3	3.083532587358925	0.5415040681769883
0.7195121951219512	1.7201876668776652	1.3483421939973788	4	3.7880420559969954	0.610511874304215
0.32113821138211385	1.5334697191634998	1.3219009588065491	3	3.1765088893521627	0.5076185260083137
0.6260162601626016	1.8398928627841915	1.376429677345674	3	3.8423388002924668	0.75151583240562
0.22764227642276422	1.619668539166207	1.408249637273373	2	3.255560452862344	0.6676777890124705
0.8048780487804879	1.8849026818750656	1.257458275121439	5	3.947239005776993	0.6014393887446303
0.6829268292682927	1.7860429748387916	1.366249946730975	4	3.8352197508380597	0.5636883140141979
0.7113821138211383	2.0158603325543103	1.1937310610501546	4	3.920973507425603	0.7049242359307879
0.5894308943089431	1.9276999400656933	1.3962047294244548	3	3.913335563799091	0.6890844186855973
0.6300813008130082	1.950400552296124	1.1933213134436567	4	3.7738031665527894	0.679005118283729
0.508130081300813	1.8404202330547783	1.3925597863963315	3	3.7411101007519227	0.6545255951561855
0.5203252032520326	2.14684337667547	0.9875429950506499	3	3.6547115749781525	0.7595068243783054
0.3983739837398374	2.080094310003125	1.3836913564799826	2	3.862159650222945	0.7630383927342783
0.7967479674796748	1.717236496749429	1.3649950246025802	4	3.8789794888316838	0.5863857020962013
0.3861788617886179	1.5295348256591847	1.3358281082813015	3	3.2515417957291044	0.4754502963976288
0.7032520325203252	1.8359579692798764	1.3955034742981824	3	3.934713476098384	0.7193476027949353
0.2926829268292683	1.6137661989097345	1.407335492923949	2	3.313784618662952	0.6194254445964432
0.6219512195121951	1.7486782622689614	1.3909675386441542	3	3.7615970204253104	0.6847887792655234
0.2073170731707317	1.482846638393362	1.385251342516483	2	3.075415054080577	0.5675872093023255
0.5121951219512195	1.9424813538243995	1.3843403806150016	2	3.8390168563906206	0.8084331688982851
0.0975609756097561	1.6046211976286382	1.0	1	2.7021821732383944	0.6976744186046512
0.7926829268292683	1.75158029014459	1.2110102314740556	6	3.755273448447914	0.5325306400760965
0.6829268292682927	1.6458280461694759	1.2475266480411245	5	3.576281523478893	0.48854803055804386
0.7113821138211383	1.8296819323418911	1.1724878776995076	5	3.713551923862537	0.6015367680913157
0.6016260162601627	1.7170170379223237	1.2397171130160773	4	3.558360167198564	0.5638100381975548
0.6951219512195121	1.7773141081353419	1.2177794749406035	5	3.6902155342954575	0.581205442790111
0.5853658536585366	1.6515572576641375	1.3137903845103402	4	3.5507134958330147	0.5383958815710488
0.6138211382113821	1.8813746153796562	1.158736257282292	4	3.65393201087333	0.6796318034876387
0.5040650406504065	1.748385650499488	1.3535586647169122	3	3.6060093558668065	0.655361175428065
0.7845528455284553	1.5907828636979862	1.2454319713655546	5	3.620767680591996	0.5067059410236465
0.3983739837398374	1.4183932021174424	1.159838328335487	4	2.9766055141927668	0.40358444648157854
0.7032520325203252	1.648210559832961	1.2371302797887198	4	3.588592872142006	0.5865074262795582
0.3170731707317073	1.4375002431038946	1.1102676092968908	3	2.8648410231324926	0.4756125953087713
0.6869918699186992	1.5827507795747748	1.3107580549700304	4	3.580500704463504	0.5610932696530522
0.2967479674796748	1.3502205360929793	1.2546977118443847	3	2.9016662154170385	0.44172705314009664
0.6056910569105691	1.656643679713671	1.3493025947668096	3	3.6116373313910497	0.685624359537403
0.21544715447154472	1.3447947645604263	1.3507634828143789	2	2.91100540184635	0.5688405797101449
0.7804878048780488	1.7749531720327532	1.2382170182167342	5	3.7936579951275364	0.5619045050237
0.6666666666666666	1.6486060875359012	1.3381637007694005	4	3.6534364549719682	0.5142697093630352
0.6991869918699187	1.87842344525142	1.1856828972802298	4	3.7632933344015687	0.655505631279625
0.5853658536585366	1.744450756995173	1.3880734329771387	3	3.717890043630848	0.6231929458173802
0.6056910569105691	1.8129636649932337	1.1632951557949958	4	3.5819498776987984	0.6295865136325662
0.491869918699187	1.6571710499842582	1.3404725021915433	3	3.4895134708749884	0.5886341222879685
0.508130081300813	1.9635941936049497	0.9755318752291612	3	3.447256150134924	0.6936153515100882
0.3943089430894309	1.805220535397344	1.3715530902931163	2	3.5710825687798913	0.6642011834319528
0.7723577235772358	1.5797996094465387	1.334949307459217	4	3.687106640482991	0.5369670974450386
0.3699186991869919	1.3462856425886647	1.2837017050871082	3	2.9999060468627645	0.40955882352941175
0.6910569105691057	1.6527087862093561	1.383453235487288	3	3.7272189322657496	0.6534561299267181
0.2886178861788618	1.338892424303954	1.3950798697688662	2	3.022590180251682	0.5205882352941176
0.5975609756097561	1.5654290791984413	1.3349613120757882	3	3.4979513668839854	0.6188973063973064
0.1910569105691057	1.2079728637875813	1.2411277560889846	2	2.6401575304456717	0.46875
0.5	1.6676075792186187	1.3604452873374018	2	3.5280528665560205	0.7095959595959596
0.09349593495934959	1.0548736484170769	1.0	1	2.1483695833764265	0.5
0.7357723577235772	1.8909216184900928	1.1446183985808083	5	3.771312374794478	0.5390367680913158
0.6138211382113821	1.7935666456075758	1.186123713574316	4	3.593511497393274	0.4856850381975548
0.6422764227642277	2.0233840033230948	1.0411728411302186	4	3.706833267217541	0.6269209601141448
0.5203252032520326	1.9377315010907392	1.1069687450733676	3	3.5650254494161393	0.5850800509300731
0.6382113821138211	1.9579242230649083	1.1423175221453585	4	3.738453127324088	0.6015068034876387
0.516260162601626	1.8504517940798244	1.3064326592885205	3	3.6731446159699708	0.5511945087613983
0.5447154471544715	2.156874937700516	0.9565518944162849	3	3.658142279271272	0.7395090713168515
0.42276422764227645	2.0951416515406933	1.338359421043242	2	3.8562653002262115	0.7330417631420976
0.7276422764227642	1.7247601675182134	1.1844838862743188	4	3.6368863302152965	0.5083824262795582
0.3252032520325203	1.5395663866842308	0.9906862871135639	3	2.855455925830315	0.3714459286421047
0.6341463414634146	1.8459895303049223	1.1054976796038904	3	3.5856335513722275	0.615343235039411
0.23170731707317074	1.6288135404473034	0.5849594753074274	2	2.4454803328279016	0.46341889296315697
0.6300813008130082	1.7587098232940075	1.304070601193139	3	3.6928617253001548	0.5814576928707362
0.22357723577235772	1.4978939799309305	1.172201896629791	2	2.8936731123330794	0.4125905797101449
0.5365853658536586	1.9575286953619682	1.3366990141486472	2	3.830813075364274	0.7784365393061045
0.13008130081300814	1.6347158807037756	1.0	1	2.7647971815167836	0.6376811594202898
0.7154471544715447	1.9549730529366722	1.1689940297798291	4	3.8394142371880458	0.577380631279625
0.5894308943089431	1.8465169005755093	1.340407162821812	3	3.7763549577062645	0.5190262791507136
0.6219512195121951	2.152940044196201	0.9956730454273318	3	3.770564309135728	0.7073408417061667
0.4959349593495935	2.089239311284221	1.3975873388694335	2	3.9827616095032483	0.6847894187260704
0.540650406504065	2.0656603371852857	1.002214933683491	3	3.6085256773728416	0.672782018176755
0.4146341463414634	1.9583197507678487	1.4087366601925289	2	3.781690557301841	0.6329511834319528
0.43089430894308944	2.417954466198886	0.19459724805696552	2	3.0434460231989413	0.7904230272651325
0.3048780487804878	2.5555674223776115	1.0	1	3.860445471158099	0.8284023668639054
0.7073170731707317	1.7547749297896926	1.3376809771866824	3	3.7997729801471065	0.5492894632600513
0.2886178861788618	1.4919916396744584	1.2148974894034732	2	2.995507015256793	0.3643382352941176
0.6138211382113821	1.9516263551054958	1.3948345493555965	2	3.9602820426724743	0.7301841948900771
0.1951219512195122	1.622911200190831	1.0	1	2.818033151410343	0.5411764705882353
0.532520325203252	1.8207067945891233	1.403310892800978	2	3.756538012593354	0.6783459595959596
0.10975609756097561	1.3610720791580857	1.0	1	2.4708281767190616	0.4375
0.42276422764227645	2.2803415100201607	1.0	1	3.7031057376624372	0.9191919191919191
best score
6	4.026847335355547	0.5131255490582116
0.9191919191919191
1