coverage		internal		external		size		score		f1
0.935672514619883	1.8051520001869363	1.2634452934556435	10	4.004269808262463	0.3694378550173235
0.8362573099415205	1.8162718407196397	1.252425191638144	9	3.9049543422993045	0.3694378550173235
0.9122807017543859	1.7437892393245724	1.286005516193444	9	3.942075457272402	0.3627819334539504
0.8128654970760234	1.7486287148160682	1.2783423881435243	8	3.839836600035616	0.3627819334539504
0.9064327485380117	1.7230445220872186	1.2615581282678903	9	3.891035398893121	0.36432276550325693
0.8070175438596491	1.725290907924045	1.2494526460831423	8	3.7817610978668363	0.36432276550325693
0.7076023391812866	1.6437479813545948	1.2646397078746967	8	3.615990028410578	0.3160647617367788
0.5964912280701754	1.6349872022063074	1.2496958516552812	7	3.4811742819317644	0.3160647617367788
0.8128654970760234	1.6973635422465685	1.2360698721904384	9	3.7462989115130307	0.2952598277518864
0.7134502923976608	1.6963998056033138	1.2192164481173717	8	3.629066546118346	0.2952598277518864
0.783625730994152	1.6148568790338635	1.2616736448822006	8	3.6601562549102162	0.27466154816216015
0.6842105263157895	1.6019687995540433	1.2491203236532245	7	3.535299649523057	0.2741111525653249
0.7602339181286549	1.5915190721418402	1.2262357827200632	8	3.577988772990558	0.2762023802114668
0.6608187134502924	1.5752970202488739	1.2052599925622434	7	3.4413757262614095	0.2756519846146315
0.5555555555555556	1.482105104169502	1.224552733304525	7	3.2622133930295822	0.22794437644498844
0.4444444444444444	1.444943715632318	1.197105661241721	6	3.0864938213184834	0.2273939808481532
0.8011695906432749	1.8688688292833757	1.2448844339183958	9	3.9149228538450465	0.32559727530717864
0.6842105263157895	1.8893432535197219	1.2249683991811608	8	3.798522179016672	0.32559727530717864
0.7777777777777778	1.8078003269502712	1.272690577670175	8	3.858268682398224	0.30499899571745237
0.6608187134502924	1.822475597172795	1.256368158207648	7	3.7396624688307356	0.30444860012061703
0.7719298245614035	1.784462520058248	1.2416674390802869	8	3.7980597836999386	0.3065398277667589
0.6549707602339181	1.7958038178676254	1.2183941252129995	7	3.669168703314543	0.3059894321699237
0.5730994152046783	1.7026119017882537	1.244706841587528	7	3.52041815858046	0.25828182400028066
0.4444444444444444	1.7022016461875282	1.2149034400099004	6	3.361549530641873	0.25773142840344543
0.6783625730994152	1.7555714177375168	1.2093173443767327	8	3.643251335213665	0.2374768900153884
0.5614035087719298	1.7627854152153615	1.1786398882628653	7	3.502828812250157	0.23692649441855307
0.6491228070175439	1.6695934991359898	1.2413127846017598	7	3.5600290907552936	0.21632821482882691
0.5321637426900585	1.6636801764265534	1.2148826719462706	6	3.4107265910628826	0.21577781923199169
0.6257309941520468	1.6429217198308201	1.1946079248047705	7	3.4632606387876375	0.21786904687813335
0.5087719298245614	1.6325631005705226	1.1542420807391023	6	3.295577111134186	0.21731865128129824
0.42105263157894735	1.523839198477922	1.1897405386917348	6	3.134632368748604	0.1696110431116552
0.29239766081871343	1.4875923510949849	1.1338092462147835	5	2.9137992581284817	0.20287277701778383
0.9005847953216374	1.8677888279944161	1.2756756083515959	9	4.04404923166765	0.3694378550173235
0.8011695906432749	1.8881282520696425	1.2674436433057135	8	3.9567414860186307	0.3694378550173235
0.8771929824561403	1.8065853255001918	1.3054448342005915	8	3.9892231421569235	0.34883957542759714
0.7777777777777778	1.82108702408699	1.303889288624027	7	3.902754090488795	0.348289179830762
0.8713450292397661	1.7832475186081687	1.279404307703702	8	3.9339968555516367	0.3503804074769038
0.7719298245614035	1.7944152447818205	1.2725587384200432	7	3.838903807763267	0.34983001188006857
0.6608187134502924	1.7012233287024487	1.2859101380023903	7	3.6479521801551313	0.3021224037104254
0.5497076023391813	1.700581644254089	1.2779763587168598	6	3.5282656053101302	0.3015720081135903
0.7719298245614035	1.7543564162874374	1.24833617239813	8	3.7746224132469712	0.25739576143364784
0.672514619883041	1.7613968421295565	1.2345137806672184	7	3.668425242679816	0.2570815331782429
0.7426900584795322	1.6682049260501846	1.2842253602139317	7	3.6951203447436485	0.23648325358851674
0.6432748538011696	1.6620601744931143	1.280348581529464	6	3.5856836098237475	0.23593285799168162
0.7192982456140351	1.641533146745015	1.2441639832076072	7	3.6049953755666575	0.2380240856378233
0.6198830409356725	1.630943098637083	1.2290088662292258	6	3.4798350058019816	0.23747369004098806
0.5029239766081871	1.5222191965444827	1.2463614806728052	6	3.271504653825475	0.18952991452991463
0.391812865497076	1.485648348774858	1.2268231147756172	5	3.1042843290475512	0.21705882352941175
0.7485380116959064	1.9472998642038455	1.2541973364418302	8	3.9500352123415823	0.3116549172808254
0.631578947368421	1.9819036397483083	1.2348872568959433	7	3.8483698440126726	0.31110452168399017
0.7251461988304093	1.888711723668936	1.2916188120749033	7	3.9054767345742487	0.2905062420942639
0.6081871345029239	1.9193181050483246	1.2802814413067989	6	3.8077866808580474	0.28995584649742867
0.7192982456140351	1.8620399443637667	1.2574437331649113	7	3.8387819231427134	0.29204707414357056
0.6023391812865497	1.8882010291922935	1.2371825433414263	6	3.7277227538202697	0.29149667854673533
0.5087719298245614	1.7794771270996932	1.2643631236701516	6	3.552612180594406	0.2437890703770922
0.38011695906432746	1.7943578654411105	1.2381986200295991	5	3.412673444535037	0.2918864097363084
0.6198830409356725	1.8290215417115028	1.2165802464283755	7	3.6654848290755506	0.199298595441745
0.5029239766081871	1.849679559431319	1.1847045736267219	6	3.5373081096662276	0.19874819984490966
0.5906432748538012	1.7409556573387182	1.2627894059055593	6	3.594388338098079	0.1781499202551835
0.47368421052631576	1.7481321017279405	1.24293441095738	5	3.4647507232116364	0.21311942959001784
0.5672514619883041	1.7098385814826873	1.2074673504169098	6	3.4845573938879015	0.17969075230449005
0.4502923976608187	1.7107916107007035	1.1670706464873306	5	3.328154654848853	0.2149684280491858
0.3508771929824561	1.5803229281895828	1.2058324995228575	5	3.1370326206948964	0.1574358974358976
0.2222222222222222	1.549135301388827	1.1470234659056158	4	2.918380989516665	0.18382352941176472
0.9298245614035088	1.8737990572908738	1.2891976076156466	9	4.092821226310029	0.3524443909650359
0.8304093567251462	1.8948897600281573	1.2832829762478846	8	4.008582093001188	0.3487406872613322
0.9064327485380117	1.8133468334587066	1.321422982561757	8	4.041202564558475	0.34578846940166275
0.8070175438596491	1.8288144617538638	1.323132026861531	7	3.958964032475044	0.3420847656979591
0.9005847953216374	1.7900090265666835	1.2984704012963797	8	3.9890642231847004	0.3473293014509694
0.8011695906432749	1.8021426824486946	1.2959187369662306	7	3.8992310100582	0.34362559774726564
0.7017543859649122	1.7089507663693229	1.3094552237739032	7	3.7201603761081383	0.29907129768449103
0.5906432748538012	1.7095969881987756	1.3080534353886422	6	3.608293698441219	0.28147870509189854
0.7953216374269005	1.7611179242459523	1.2640577748256592	8	3.820497336498512	0.2782663636995988
0.695906432748538	1.7691242797964304	1.2534144576598742	7	3.7184451702048427	0.27456265999589513
0.7660818713450293	1.6759323637170584	1.3033111244319129	7	3.745325359494	0.2571176885130374
0.6666666666666666	1.6710755184378006	1.3041826080263021	6	3.6419247931307694	0.25341398480933375
0.7426900584795322	1.6492605844118888	1.2673670077342716	7	3.6593176506256926	0.25865852056234395
0.6432748538011696	1.6399584425817695	1.2586070571582204	6	3.5418403535411596	0.2549548168586403
0.5380116959064327	1.5312345404891687	1.2762187937172556	6	3.345465030112857	0.21040051679586558
0.4269005847953216	1.4964667615084817	1.2672800192297893	5	3.1906473655335925	0.2313695090439276
0.7719298245614035	1.9540613721623603	1.2702870577584142	8	3.996278254482178	0.308603811254891
0.6549707602339181	1.9896310774151824	1.2542787590740059	7	3.8988805967231066	0.30490010755118735
0.7485380116959064	1.89643916133581	1.3111954014782916	7	3.956172574510008	0.2874551360683295
0.631578947368421	1.9283334489930108	1.3048026230632068	6	3.8647150194246387	0.28375143236462586
0.7426900584795322	1.8697673820306409	1.2811375828769829	7	3.893595023387156	0.28899596811763606
0.6257309941520468	1.89721637313698	1.2674678895299905	6	3.7904152568190175	0.2852922644139323
0.543859649122807	1.7884924710443795	1.294907591974171	6	3.627259712141358	0.2407379643511578
0.4152046783625731	1.8051762781747343	1.2796862573731256	5	3.500067213910433	0.26777444611027823
0.6374269005847953	1.8367489793783764	1.2358147745869152	7	3.7099906545500874	0.21993303036626555
0.52046783625731	1.858694903376005	1.2087468696403423	6	3.587909609273657	0.21622932666256178
0.6081871345029239	1.7499710012834047	1.2870908240346353	6	3.6452489598209636	0.19878435517970405
0.49122807017543857	1.7589505144615643	1.2750574730384905	5	3.5252360576754933	0.2340967817712004
0.5847953216374269	1.7188539254273738	1.2375329329781422	6	3.541182180042943	0.20032518722901071
0.4678362573099415	1.721610023434327	1.2078399552166756	5	3.3972862359609444	0.23594578023036838
0.38011695906432746	1.5911413409232065	1.246990491425386	5	3.21824879141292	0.18248062015503874
0.25146198830409355	1.5626583173058566	1.2084050105556576	4	3.022525316165608	0.20171188630490966
0.8888888888888888	1.952846370712281	1.2963625981111944	8	4.138097857712364	0.3524443909650359
0.7894736842105263	1.9882425043293774	1.2928949345868688	7	4.070611123126772	0.3487406872613322
0.8596491228070176	1.895050588250005	1.3368502601989736	7	4.091549971255996	0.3312957157784743
0.7602339181286549	1.9267134470595717	1.3461077289983134	6	4.03305509418654	0.3275920120747706
0.8596491228070176	1.8683788089448359	1.3134359243883293	7	4.041463856140183	0.33283654782778094
0.7602339181286549	1.8955963712035409	1.318073871372028	6	3.973904160704224	0.3291328441240773
0.6432748538011696	1.7868724691109403	1.3273677303071552	6	3.757515053219265	0.2845785440613028
0.5321637426900585	1.8032322758546069	1.3364589204618293	5	3.671854939006495	0.3203831417624521
0.7485380116959064	1.8353604062925715	1.2698223952955714	7	3.8537208132840495	0.24008806912595537
0.6491228070175439	1.8570749014425658	1.261745842358613	6	3.7679435508187225	0.22805103208891842
0.7134502923976608	1.7483509993499655	1.3219439532438526	6	3.7837452449914792	0.21893939393939388
0.6140350877192983	1.7570065121414373	1.3354196224415447	5	3.7064612223022806	0.24828282828282833
0.695906432748538	1.717233923493934	1.28168693809429	6	3.694827294336762	0.22048022598870054
0.5964912280701754	1.7196660211141999	1.2821534184801255	5	3.598310667664501	0.2501318267419962
0.47368421052631576	1.5891973386030795	1.2940851894252556	5	3.356966738554651	0.19666666666666666
0.36257309941520466	1.5602283144056974	1.3003669332041543	4	3.2231683470250565	0.21944444444444444
0.7134502923976608	2.0558672039113235	1.270832314016251	7	4.040149810325235	0.29411105763170264
0.5964912280701754	2.1143328319977766	1.2527417557395393	6	3.9635658158074913	0.290407353927999
0.6842105263157895	2.0056089299051756	1.3227678325099244	6	4.01258728873089	0.27296238244514104
0.5672514619883041	2.0657160288076897	1.321028482098615	5	3.953995972894609	0.3231104144897248
0.6842105263157895	1.9744918540491447	1.2907516346952272	6	3.9494540150601614	0.2745032144944477
0.5672514619883041	2.0283755377804527	1.2801235041394943	5	3.875750503908251	0.32495941294889286
0.4678362573099415	1.8979068552693321	1.3067972239123429	5	3.6725403364916165	0.2714942528735632
0.3391812865497076	1.946115210238513	1.2955087252792363	4	3.5808052220674567	0.3129789272030652
0.5730994152046783	1.9359703842881697	1.2304776651046168	6	3.739547464597465	0.18175473579262214
0.45614035087719296	1.9821497740672824	1.1968089173282468	5	3.6350990422727225	0.20366123850670215
0.5380116959064327	1.8516810915561621	1.299839015026264	5	3.689531802488859	0.19272727272727275
0.42105263157894735	1.888333005597051	1.2957389897602203	4	3.6051246269362185	0.22285353535353536
0.52046783625731	1.8143406005289247	1.2405993007822276	5	3.575407737568462	0.19457627118644072
0.40350877192982454	1.8416573918130044	1.2088716639583676	4	3.4540378277011965	0.22516478342749524
0.2982456140350877	1.6785715386741038	1.2499795011505146	4	3.226796653859706	0.15833333333333333
0.1695906432748538	1.6697375731012698	1.2040778581388276	3	3.043406074514951	0.17592592592592593
0.9122807017543859	1.7744582674524871	1.2753627132401428	9	3.962101682447016	0.3694378550173235
0.8128654970760234	1.7831313714599724	1.2654376407113355	8	3.861434509247331	0.3694378550173235
0.8654970760233918	1.7015884448905219	1.3017003900066262	8	3.86878591092054	0.3627819334539504
0.7660818713450293	1.7010905891045098	1.2967584178592024	7	3.7639308783087415	0.3627819334539504
0.8830409356725146	1.6782506379984985	1.281157570875242	8	3.842449144546255	0.36432276550325693
0.783625730994152	1.6744188097993402	1.2727581441425595	7	3.7308026849360516	0.36432276550325693
0.6608187134502924	1.5812268937199685	1.2837916215921232	7	3.5258372287623843	0.311435132107149
0.5497076023391813	1.560585803441196	1.2720168458338017	6	3.3823102516141788	0.3021758728478897
0.7777777777777778	1.6493595356777675	1.2467589227855242	8	3.6738962362410694	0.2952598277518864
0.6783625730994152	1.6414004071470762	1.23027250267754	7	3.5500354829240317	0.2952598277518864
0.7251461988304093	1.5482084910677045	1.2776661600914698	7	3.551020849989584	0.27466154816216015
0.6257309941520468	1.5220643336802209	1.2681721114493334	6	3.4159674392816006	0.2741111525653249
0.7251461988304093	1.5215367117625347	1.2449350595724862	7	3.4916179701654304	0.2762023802114668
0.6257309941520468	1.4909472578241898	1.2270947832313723	6	3.343773035207609	0.2756519846146315
0.49707602339181284	1.3822233557315895	1.2412023066890545	6	3.1205016858124566	0.22276435121852367
0.38596491228070173	1.3176533397993861	1.2145939689369647	5	2.9182122210170527	0.2562061103511172
0.7777777777777778	1.8423029835941753	1.2598135513992366	8	3.8798943127711896	0.32559727530717864
0.6608187134502924	1.861907204765828	1.240237264999615	7	3.762963183215735	0.32559727530717864
0.7309941520467836	1.768715288686456	1.2946508980457918	7	3.7943603387790317	0.30499899571745237
0.6140350877192983	1.7793222642354312	1.2815327717573584	6	3.6748901237120877	0.30444860012061703
0.7485380116959064	1.7420435093812865	1.2678060956231403	7	3.758387616700333	0.3065398277667589
0.631578947368421	1.7482051883794003	1.2486962608742624	6	3.6284803966220838	0.3059894321699237
0.5263157894736842	1.6394812862867998	1.2726317502170907	6	3.438428825977575	0.25310179877381567
0.39766081871345027	1.6263628564656387	1.2461111749869818	5	3.270134850166071	0.2926110474174678
0.6432748538011696	1.7090251067290225	1.2225019251744098	7	3.574801885704602	0.2374768900153884
0.5263157894736842	1.7096837186184253	1.1900013339624858	6	3.426000842054595	0.23692649441855307
0.5906432748538012	1.600959816525825	1.2648410752554264	6	3.4564441666350527	0.21632821482882691
0.47368421052631576	1.5801370927524687	1.241521530119154	5	3.2953428333979384	0.25893338307839
0.5906432748538012	1.5698427406697941	1.219781406849054	6	3.3802674223726497	0.21786904687813335
0.47368421052631576	1.5427966017252313	1.1810513462725196	5	3.1975321585240666	0.26078238153755784
0.36257309941520466	1.412327919214111	1.2149455628292016	5	2.9898465814585173	0.1973172214622284
0.23391812865497075	1.339141540169487	1.154727929977811	4	2.727787598802269	0.23275763793889648
0.8771929824561403	1.841087982144096	1.290267622067254	8	4.00854858666749	0.3694378550173235
0.7777777777777778	1.860518631680023	1.2846914809327945	7	3.9229878903905955	0.3694378550173235
0.8304093567251462	1.7673267156006511	1.32614379718679	7	3.923879869512587	0.34883957542759714
0.7309941520467836	1.777702262301992	1.3310111342809081	6	3.8397075486296837	0.348289179830762
0.847953216374269	1.7406549362954815	1.3059424775548032	7	3.8945506302245536	0.3503804074769038
0.7485380116959064	1.7465851864459612	1.307475499304743	6	3.802598697446611	0.34983001188006857
0.6140350877192983	1.6378612843533606	1.3132651451385178	6	3.565161517211177	0.29694237848396066
0.5029239766081871	1.6244188541455113	1.31514372295835	5	3.4424865537120484	0.34521974306964165
0.7368421052631579	1.7076365336432175	1.2623475863033822	7	3.706826225209758	0.25739576143364784
0.6374269005847953	1.7080637166849861	1.2511735632691996	6	3.5966641805389807	0.2487481998449098
0.6842105263157895	1.5993398145923858	1.3078674610530865	6	3.5914178019612617	0.23624708624708612
0.5847953216374269	1.5781930904323418	1.314143564404873	5	3.4771319764746416	0.2731194295900179
0.6842105263157895	1.5682227387363543	1.2721086685536447	6	3.5245419336057884	0.2377879182963928
0.5847953216374269	1.5408525994051043	1.2676246944186342	5	3.393272615461165	0.27496842804918575
0.4444444444444444	1.4103839168939838	1.2743001457117358	5	3.129128507050164	0.2115032679738562
0.3333333333333333	1.336711537269328	1.2671229940974156	4	2.9371678647000765	0.25049019607843137
0.7251461988304093	1.9281433312619694	1.272457965932005	7	3.9257474960243837	0.3116549172808254
0.6081871345029239	1.9653216472401966	1.2549101219212464	6	3.8284189036643665	0.31110452168399017
0.6783625730994152	1.856597745147596	1.3214319855902792	6	3.85639230383729	0.2905062420942639
0.5614035087719298	1.886902607098594	1.3188633919686237	5	3.767169507839147	0.34794701579691445
0.695906432748538	1.8254806692915648	1.2939140104257028	6	3.8153011124658054	0.29204707414357056
0.5789473684210527	1.849562116071357	1.2847057479846835	5	3.7132152324770935	0.3497960142560823
0.4619883040935672	1.7190934335602364	1.3061231481055038	5	3.4872048857593074	0.28633085418075277
0.3333333333333333	1.7225984331021436	1.2941163993502982	4	3.3500481657857755	0.3440246788370521
0.5847953216374269	1.78695919953059	1.2336661338129633	6	3.60542065498098	0.1990624281003145
0.4678362573099415	1.8033363523581873	1.2014303006402436	5	3.4726029103083724	0.2284978398138917
0.5321637426900585	1.6728676698470664	1.2992040786862322	5	3.504235491223357	0.2134965034965035
0.4152046783625731	1.6648162284606816	1.2944118962759614	4	3.374432803099216	0.2538992869875223
0.5321637426900585	1.6355271788198291	1.2467116984173765	5	3.414402619927264	0.21534550195567148
0.4152046783625731	1.6181406146766348	1.2187901270994097	4	3.2521354201386172	0.2562105350614823
0.29239766081871343	1.4550547615377343	1.2511374315381758	4	2.9985898538946234	0.1768790849673203
0.16374269005847952	1.3717152035861104	1.2058559864124054	3	2.741313880056995	0.2173202614379086
0.9064327485380117	1.8478494901026108	1.2995484361470253	8	4.053830674787648	0.3524443909650359
0.8070175438596491	1.8682460693468972	1.2950044401284402	7	3.970268053334986	0.34609518461582955
0.8596491228070176	1.7750541532675252	1.3366418436077612	7	3.971345119682304	0.34578846940166275
0.7543859649122807	1.7867176062466783	1.3428223558619317	6	3.883925927020891	0.32494650942926795
0.8771929824561403	1.7483823739623556	1.3205577842844576	7	3.946133140702954	0.3473293014509694
0.7777777777777778	1.7556005303906472	1.3250508853179233	6	3.858429193486348	0.3264873414785746
0.6549707602339181	1.646876628298047	1.3310996532671535	6	3.6329470417991185	0.2851824087956022
0.5380116959064327	1.635237266879135	1.3375664200388007	5	3.5108153828243687	0.3172085385878489
0.7602339181286549	1.7153639713100917	1.2725035714795052	7	3.748101460918252	0.2782663636995988
0.6608187134502924	1.7170790606296726	1.2625058991074358	6	3.640403673187401	0.25604414147737664
0.7076023391812866	1.608355158537072	1.3194589190067785	6	3.6354164167251373	0.2571176885130374
0.6023391812865497	1.589011503165965	1.327201686222907	5	3.518552370675422	0.2818745595489782
0.7076023391812866	1.5772380826810408	1.2894642909394927	6	3.57430471280182	0.25865852056234395
0.6081871345029239	1.551671012138728	1.2893290628849035	5	3.4491872095265554	0.2837235580081461
0.47953216374269003	1.4212023296276073	1.2963931973511882	5	3.1971276907214854	0.23581395348837209
0.36257309941520466	1.3502345531863575	1.2967296383089975	4	3.0095372909105595	0.2614341085271318
0.7485380116959064	1.9358707689288435	1.2831047762935348	7	3.967513556918285	0.308603811254891
0.631578947368421	1.974336991184883	1.2669296130190522	6	3.872845551572356	0.2877618512824963
0.7017543859649122	1.8656130890922824	1.3337105988035407	6	3.9010780738607354	0.2874551360683295
0.5789473684210527	1.8977210198322176	1.3329522466760124	5	3.809620634929283	0.3199358113151216
0.7192982456140351	1.834496013236251	1.3119567880711205	6	3.8657510469214067	0.28899596811763606
0.6023391812865497	1.8603805288049802	1.3074408493403071	5	3.770160559431837	0.3217848097742897
0.49707602339181284	1.7299118462938599	1.3292469326343108	5	3.5562348023199837	0.2722188905547227
0.36257309941520466	1.7361214490191732	1.3254409317108045	4	3.4241354801451824	0.30901067323481124
0.6023391812865497	1.7959745434752765	1.2454658612834373	6	3.6437795860452638	0.21993303036626555
0.4853801169590643	1.8141547650918106	1.214800826733451	5	3.514335708784326	0.23725296977285193
0.5497076023391813	1.68368608258069	1.312963287952623	5	3.5463569728724944	0.23854122621564477
0.4269005847953216	1.6783392443777112	1.3101288031991072	4	3.4153686323721404	0.2648431994362227
0.5497076023391813	1.6463455915534528	1.2691171543320021	5	3.4651703482246363	0.24039022467481286
0.4327485380116959	1.6316636305936645	1.2489174451029468	4	3.313329613708307	0.2671544475101826
0.3216374269005848	1.468577777454764	1.2819125548303516	4	3.0721277591857	0.2072674418604652
0.1871345029239766	1.389745891475483	1.2529760159550791	3	2.8298564103545387	0.23191214470284238
0.8654970760233918	1.9344821958430385	1.3056927205310171	7	4.105671992397447	0.3524443909650359
0.7660818713450293	1.9727169892514438	1.30394103867768	6	4.042739899274153	0.3302221687428136
0.8128654970760234	1.8639930871588433	1.3525761809531145	6	4.029434765187982	0.3312957157784743
0.7076023391812866	1.8957770175120907	1.3693330754896016	5	3.9727124321829788	0.3708881922675026
0.8362573099415205	1.832876011302812	1.3401232461276251	6	4.009256567371958	0.33283654782778094
0.7368421052631579	1.8584365264848532	1.357772992014292	5	3.9530516237623035	0.37273719072667055
0.5964912280701754	1.7279678439737327	1.3523603100447152	5	3.6768193820886235	0.32482758620689656
0.47953216374269003	1.7336914461190145	1.3774339867101928	4	3.590657596571897	0.3727011494252873
0.7134502923976608	1.7943545415418374	1.2760253102161754	6	3.783830144155673	0.23175473579262207
0.6140350877192983	1.8122107627716837	1.2687224557217862	5	3.6949683062127683	0.25143901628447984
0.6549707602339181	1.681742080260563	1.339666151677378	5	3.676378992171859	0.2527272727272727
0.5497076023391813	1.675909241477552	1.3681043353890796	4	3.5937211792058132	0.2825757575757576
0.6608187134502924	1.6444015892333255	1.3097713319171527	5	3.614991634600771	0.25457627118644066
0.5614035087719298	1.6292336276935053	1.330145167060245	4	3.5207823035256802	0.2848870056497175
0.4152046783625731	1.4661477745546048	1.3177756680150166	4	3.1991281209321945	0.22499999999999998
0.2982456140350877	1.3865058876086043	1.35164376095517	3	3.036395262598862	0.25555555555555554
0.6900584795321637	2.0516124720970477	1.2806528883569588	6	4.0223238399861705	0.29411105763170264
0.5730994152046783	2.1209202794379363	1.260036863690924	5	3.9540565583335385	0.3262666024913765
0.6374269005847953	1.9904515969268153	1.3457225084742344	5	3.973601005985845	0.32755485893416925
0.5146198830409356	2.0617961373103677	1.3521533313137766	4	3.9285693516650797	0.37611024033437834
0.6608187134502924	1.953111105899578	1.3281889147163075	5	3.942118734066178	0.3294038573933372
0.543859649122807	2.015120523526321	1.3347962063221062	4	3.893776378971234	0.3784214884083382
0.42105263157894735	1.8520346703874204	1.346996621989742	4	3.62008392395611	0.31853448275862073
0.28654970760233917	1.9010217487190253	1.3579958047644933	3	3.545567261085858	0.3802681992337166
0.5380116959064327	1.9068853421864085	1.2332194675580077	5	3.6781165056508485	0.20810568295114662
0.42105263157894735	1.957338318884859	1.1883410736827216	4	3.566732024146528	0.22679877035559992
0.47953216374269003	1.7942524657459584	1.3278021192256382	4	3.6015867487142863	0.2284090909090909
0.3567251461988304	1.8239788091970752	1.3432613578185173	3	3.523965313214423	0.26010101010101006
0.4853801169590643	1.7475768519619117	1.2798871004257752	4	3.5128440693467513	0.23072033898305078
0.3684210526315789	1.7617446574850135	1.2711623827618739	3	3.401328092878466	0.2631826741996234
0.23976608187134502	1.5442968532998123	1.2888664892386095	3	3.0729294244097667	0.18333333333333324
0.10526315789473684	1.4639085622534156	1.2658836050322633	2	2.8350553251804156	0.20833333333333337
0.9005847953216374	1.8040594737468494	1.2559802108116747	9	3.9606244798801615	0.340643817076944
0.8011695906432749	1.81643272854113	1.2393293760439543	8	3.856931695228359	0.32468476859757034
0.8771929824561403	1.7348898019716792	1.2830851964258947	8	3.8951679808537145	0.333987895513571
0.7777777777777778	1.7391492829115467	1.270354287215283	7	3.7872813479046075	0.3180288470341973
0.8713450292397661	1.711551995079656	1.254707547117069	8	3.837604571436491	0.33552872756287755
0.7719298245614035	1.7124775036063775	1.2359075732620508	7	3.720314901429832	0.319569679083504
0.672514619883041	1.6192855875270058	1.2569318121604813	7	3.548732019570528	0.2872707237963992
0.5555555555555556	1.604987612882739	1.232195691078714	6	3.3927388595170083	0.2713116753170256
0.7777777777777778	1.6826608927589248	1.2236897866008178	8	3.68412845713752	0.26646578981150704
0.6783625730994152	1.6794591009541133	1.1979297818949868	7	3.5557514559485153	0.25050674133213346
0.7485380116959064	1.5862671848747414	1.2553142007577835	7	3.5901193973284315	0.24531711462494554
0.6491228070175439	1.5664661431217641	1.2346619468313833	6	3.450250896970691	0.22935806614557175
0.7251461988304093	1.559595405569572	1.2121366600022103	7	3.4968782644021914	0.2468579466742522
0.6257309941520468	1.5353490672657333	1.1789596022821973	6	3.3400396636999776	0.2308988981948784
0.52046783625731	1.4266251651731325	1.2070541917682933	6	3.154147193198736	0.19859994290777383
0.40350877192982454	1.3709355111292378	1.1600456642296395	5	2.934489947288702	0.2191690733140802
0.7660818713450293	1.8756043406753329	1.2343018642248842	8	3.875988076245246	0.29680323736679914
0.6491228070175439	1.8999658985728654	1.2046378095642005	7	3.75372651515461	0.28084418888742546
0.7426900584795322	1.806773982493493	1.2690422040592442	7	3.8185062450322693	0.27565456218023776
0.6257309941520468	1.8237240736769744	1.2434631786254025	6	3.6929182464544237	0.25969551370086397
0.7368421052631579	1.7801022031883238	1.2317509614000035	7	3.7486952698514853	0.2771953942295443
0.6198830409356725	1.7926069978209433	1.196001651411082	6	3.608491690167698	0.26123634575017063
0.5380116959064327	1.683883095728343	1.233924206782324	6	3.4558189984171	0.22893739046306594
0.40350877192982454	1.6796450277954904	1.184723727508648	5	3.267877527233963	0.2555740103804307
0.6432748538011696	1.7470838005360594	1.1909546410492284	7	3.5813132953864573	0.2081324564781738
0.5263157894736842	1.7540855280599688	1.143617714636443	6	3.4240190321700963	0.19217340799880012
0.6140350877192983	1.6453616259673682	1.2324445219577975	6	3.491841235644464	0.18698378129161208
0.49707602339181284	1.6334192640823209	1.1896005678465271	5	3.3200958553206608	0.20522967937468617
0.5906432748538012	1.6142445501113372	1.1727598372202002	6	3.377647662185338	0.18852461334091875
0.47368421052631576	1.5960787730550834	1.1071928595030553	5	3.1769558430844547	0.20707867783385425
0.38596491228070173	1.4656100905439629	1.162067675102358	5	3.0136426779270225	0.16831993148932867
0.25146198830409355	1.4057442543318017	1.061054563222766	4	2.7182608058586615	0.1864613416426002
0.8654970760233918	1.8743893392252535	1.2700188190803112	8	4.009905234328957	0.340643817076944
0.7660818713450293	1.8985773254870604	1.2561092044139262	7	3.9207684012460158	0.32468476859757034
0.8421052631578947	1.805385409407688	1.3075522821167884	7	3.955042954682371	0.31949514189038253
0.7426900584795322	1.8221040717435353	1.302765591632117	6	3.8675597218551845	0.30353609341100896
0.8362573099415205	1.7787136301025188	1.2769045222482125	7	3.8918754622922522	0.3210359739396891
0.7368421052631579	1.7909869958875042	1.264604940324727	6	3.7924340414753894	0.3050769254603155
0.6257309941520468	1.682263093794904	1.2843816521869154	6	3.5923757401338663	0.2727779701732108
0.5087719298245614	1.6777010254753635	1.268492351204763	5	3.454965306504688	0.30818270603260456
0.7368421052631579	1.7456952274502544	1.237817481094747	7	3.720354813808159	0.22828749523786362
0.6374269005847953	1.7524655261265296	1.2146139944263217	6	3.6045064211376467	0.21232844675849005
0.7076023391812866	1.6437416240339289	1.2852949582386222	6	3.6366389214538377	0.20713882005130202
0.6081871345029239	1.6314752617621935	1.2769586778569928	5	3.5166210741221104	0.2294157258863142
0.6842105263157895	1.6126245481778978	1.2349111494079554	6	3.531746223901643	0.20867965210060868
0.5847953216374269	1.594134770734956	1.2085022833739167	5	3.3874323757462994	0.23126472434548206
0.4678362573099415	1.4636660882238357	1.2361583337096387	5	3.167660679243416	0.18250597800095636
0.3508771929824561	1.403314251431643	1.1980097535502814	4	2.9522011979643805	0.2041938997821351
0.7134502923976608	1.9662020250690067	1.2446711260705088	7	3.924323443537176	0.2823104837436108
0.5964912280701754	2.00972345668174	1.2137911245643627	6	3.820005809316278	0.266351435264237
0.6900584795321637	1.900999554589139	1.2943000542618088	6	3.8853580883831116	0.2611618085570493
0.5730994152046783	1.940184778428446	1.274839362649735	5	3.7881235562828595	0.29424331209321075
0.6842105263157895	1.869882478733108	1.2521570627660075	6	3.806250067814905	0.26270264060635584
0.5672514619883041	1.9028442874012086	1.2187441941689576	5	3.6888399435584702	0.2960923105523786
0.47368421052631576	1.772375604890088	1.261142193332398	5	3.507202008748802	0.25733356420785314
0.3391812865497076	1.7892011472644587	1.2136045875181505	4	3.341987021332317	0.29772838254075584
0.5847953216374269	1.8313610089721335	1.1982201762904061	6	3.6143765068999665	0.1699541619045304
0.4678362573099415	1.856618523688039	1.1449352320302242	5	3.4693900130282045	0.1847941361101879
0.5555555555555556	1.7261498411769185	1.2636896091188334	5	3.5453950058513075	0.17856658406156245
0.43859649122807015	1.7314189426229962	1.229677559786658	4	3.3996929936377245	0.1992696573578927
0.5321637426900585	1.6888093501496813	1.1892597043531405	5	3.4102327971928803	0.18041558252073053
0.4152046783625731	1.68474332883895	1.117493249782044	4	3.217441256983567	0.2015809054318526
0.3157894736842105	1.521657475700049	1.1848082192918443	4	3.0222551686761037	0.1406324725011956
0.18128654970760233	1.4605188224691965	1.0621104541657982	3	2.7039158263425973	0.15559186637618005
0.8947368421052632	1.8811508471837683	1.28544841100663	8	4.061336100295661	0.31994664932095274
0.7953216374269005	1.9063047631539345	1.2746205340716348	7	3.97624693465247	0.30398760084157905
0.8713450292397661	1.813112847074562	1.326248698999823	7	4.010706575314151	0.3132907277575797
0.7719298245614035	1.8311194156882216	1.3260545318600292	6	3.929103772109654	0.2973316792782059
0.8654970760233918	1.786441067769393	1.2997181994399303	7	3.951656343232715	0.3148315598068864
0.7660818713450293	1.8000023398321907	1.2936580449847956	6	3.8597422561620154	0.2988725113275126
0.6666666666666666	1.6912784377395902	1.3136938789624395	6	3.6716389833686964	0.2543182112647381
0.5497076023391813	1.6885194382089872	1.3081316262555462	5	3.546358666803715	0.2840707424065745
0.7602339181286549	1.7534226651171285	1.2561718367329333	7	3.7698284199787166	0.24576862205551586
0.6608187134502924	1.7614808700712157	1.237424048911446	6	3.6597236324329545	0.22980957357614207
0.7309941520467836	1.6527569679786154	1.3083641348392023	6	3.6921152548646017	0.22461994686895415
0.631578947368421	1.6422936744958172	1.3072333776453595	5	3.5811059995095977	0.25039307806749667
0.7076023391812866	1.6216398921225839	1.263744490440692	6	3.5929867217445626	0.2261607789182608
0.6081871345029239	1.6049531834685797	1.2474232298105186	5	3.460563547782022	0.25224207652666464
0.5029239766081871	1.4744845009574594	1.2754679633194237	5	3.2528764408850703	0.1987769164513351
0.38596491228070173	1.4168372673486727	1.2563106943790845	4	3.0591128740084588	0.22208225667527992
0.7368421052631579	1.9739294627358805	1.2635163068941018	7	3.97428787489314	0.27610606961080786
0.6198830409356725	2.0187388006264264	1.2372883343090566	6	3.875910175871155	0.2601470211314343
0.7134502923976608	1.9100148985338254	1.3180563861219587	6	3.941521577053445	0.25495739442424636
0.5964912280701754	1.9510031911620693	1.3061447953274565	5	3.8536392145597014	0.2867980151338473
0.7076023391812866	1.8788978226777946	1.2816775590583136	6	3.868177720917395	0.256498226473553
0.5906432748538012	1.9136627001348323	1.2586958734949136	5	3.763001848483547	0.28864701359301514
0.5087719298245614	1.7831940176237118	1.3014825558315377	5	3.5934485032798107	0.2351818535176856
0.3742690058479532	1.8027241631814883	1.2736234164958777	4	3.450616585525319	0.26758842800821814
0.6023391812865497	1.8403763529168196	1.2214976224077683	6	3.6642131566111376	0.1874352887221824
0.4853801169590643	1.8674369364216623	1.1755223360937643	5	3.5283393894744908	0.2057714882913706
0.5730994152046783	1.7369682539105422	1.294665396355557	5	3.6047330654707777	0.19954393624274513
0.45614035087719296	1.7449419585400259	1.2740887633270248	4	3.475171072744244	0.22549134758437084
0.5497076023391813	1.699627762883305	1.2288817382380985	5	3.478217103460585	0.201392934701913
0.4327485380116959	1.6982663447559792	1.176314864402802	4	3.307329747170477	0.22780259565833083
0.34502923976608185	1.5351804916170786	1.2442776392012411	4	3.1244873705844016	0.1609711455641688
0.21052631578947367	1.4785495103585695	1.1666190769429143	3	2.8556949030909573	0.17944300890037324
0.8538011695906432	1.9725408896500756	1.2931214300481302	7	4.119463489288849	0.31994664932095274
0.7543859649122807	2.0171187986929873	1.2841238104508486	6	4.055628574056117	0.30398760084157905
0.8245614035087719	1.9083948966003863	1.346746018754697	6	4.0797023188638555	0.29879797413439135
0.7251461988304093	1.9490591888419424	1.357261699865792	5	4.031467087538144	0.33940671078602114
0.8245614035087719	1.8772778207443555	1.3196680675979828	6	4.02150729185111	0.3003388061836979
0.7251461988304093	1.9117186978147054	1.323764091893645	5	3.96062898853876	0.341255709245189
0.6081871345029239	1.7812500153035848	1.339332008966689	5	3.7287691587731975	0.28779054916985947
0.49122807017543857	1.8002941602813292	1.3501765977031772	4	3.641698828159945	0.33334929757343545
0.7134502923976608	1.8387563509833804	1.2618811218236707	6	3.814087765204712	0.19925699414853904
0.6140350877192983	1.8654929341015354	1.2441800408068462	5	3.72370806262768	0.2199575348029984
0.6783625730994152	1.7350242515904148	1.3361043358050584	5	3.7494911604948884	0.21372998275437305
0.5789473684210527	1.7425119556398672	1.3566244217249082	4	3.6780837457858278	0.24322390572390573
0.6608187134502924	1.6976837605631776	1.2842719915479957	5	3.6427744655614656	0.2155789812135409
0.5614035087719298	1.6958363418558204	1.2821027125680116	4	3.5393425631957616	0.2455351537978656
0.43859649122807015	1.5327504887169199	1.304700878593817	4	3.2760478585388073	0.1787037037037037
0.3216374269005848	1.4753095064916908	1.3144070743588265	3	3.1113540077511024	0.2030864197530864
0.6783625730994152	2.0960142815385914	1.2619492714504488	6	4.036326126088456	0.2616133159876194
0.5614035087719298	2.174202450767788	1.2286553060049754	5	3.9642612655446934	0.29478512100989496
0.6491228070175439	2.043733768256667	1.3353215498309063	5	4.028178125105118	0.2885575689612696
0.5321637426900585	2.128398851472683	1.3292748463645914	4	3.9898374405273325	0.3367583884825265
0.6491228070175439	2.00639327722943	1.295850431576142	5	3.9513665158231164	0.29040656742043747
0.5321637426900585	2.081723237688636	1.2753551805448586	4	3.889242160923553	0.33906963655648636
0.4327485380116959	1.9186373845497355	1.3225232612835285	4	3.67390918384496	0.27223818646232445
0.2982456140350877	1.9898253676021114	1.2979619755981227	3	3.5860329572353216	0.32779906343124743
0.5380116959064327	1.9601675135162602	1.210347469623549	5	3.708526679046242	0.16910839297824687
0.42105263157894735	2.023941033047174	1.1446775232483188	4	3.5896711878744405	0.18744691850374806
0.5029239766081871	1.860855179908273	1.3191062338622694	4	3.68288539037873	0.17966247844296623
0.38596491228070173	1.9127824280801622	1.3147824793378358	3	3.6135298196987	0.2076318742985409
0.4853801169590643	1.8141795661242264	1.2346286742343442	4	3.534188357317635	0.18197372651692612
0.3684210526315789	1.8505482763680998	1.1695584226250675	3	3.3885277516247463	0.21071353839715423
0.2631578947368421	1.633100472182899	1.2571978592438715	3	3.1534562261636125	0.1216049382716049
0.1286549707602339	1.5971139905780454	1.137616391786216	2	2.863385353124495	0.12962962962962965
0.8771929824561403	1.7693924586155834	1.2672157370699808	8	3.9138011781417044	0.340643817076944
0.7777777777777778	1.7785808905045801	1.2502334832272821	7	3.8065921515096397	0.32468476859757034
0.8304093567251462	1.6853889744252082	1.2993586387973612	7	3.815156969947716	0.333987895513571
0.7309941520467836	1.6821082309306419	1.288300901076234	6	3.7014032840536597	0.3180288470341973
0.847953216374269	1.6587171951200386	1.276041155416126	7	3.7827115669104336	0.33552872756287755
0.7485380116959064	1.6509911550746106	1.2604026368511212	6	3.659931803621638	0.319569679083504
0.6257309941520468	1.5422672529820103	1.2769342577274125	6	3.4449325048614696	0.27338183490751033
0.5087719298245614	1.5097060164998914	1.2528308746524828	5	3.2713088209769356	0.30890734371376394
0.7426900584795322	1.6256987924677746	1.232513430550466	7	3.6009022814977727	0.26646578981150704
0.6432748538011696	1.612469685313636	1.2041947337556431	6	3.459939272870449	0.25050674133213346
0.6900584795321637	1.5037457832210357	1.271630606582047	6	3.4654348693352466	0.24531711462494554
0.5906432748538012	1.4634802527867214	1.2519717655091034	5	3.306095293149626	0.27522967937468623
0.6900584795321637	1.4726287073650044	1.2315091848336572	6	3.3941963717308252	0.2468579466742522
0.5906432748538012	1.4261397617594842	1.1989089516494429	5	3.215691988262728	0.2770786778338541
0.4619883040935672	1.2956710792483637	1.2216973655063197	5	2.9793567488482506	0.2216532648226619
0.34502923976608185	1.1933204902123031	1.166424165106372	4	2.704773895084757	0.25312800830926685
0.7426900584795322	1.8462055900865264	1.2489583616195774	7	3.837854010185636	0.29680323736679914
0.6257309941520468	1.8697276158688465	1.2167996644243744	6	3.7122582744452677	0.28084418888742546
0.695906432748538	1.7610037137762458	1.2940635031359238	6	3.7509736496607076	0.27565456218023776
0.5789473684210527	1.772189769452974	1.2699941510978807	5	3.621131288971907	0.31163461644103685
0.7134502923976608	1.7298866379202147	1.2621828987223995	6	3.7055198290402753	0.2771953942295443
0.5964912280701754	1.7348492784257368	1.2292925632405187	5	3.560633069736431	0.3134836149002047
0.49122807017543857	1.6043805959146162	1.266822925925114	5	3.3624315920151684	0.2580582018890125
0.3567251461988304	1.5792073860451188	1.2155885004009657	4	3.151521032644915	0.29863417964220507
0.6081871345029239	1.6913651681592399	1.2020290550497252	6	3.5015813577118893	0.2081324564781738
0.49122807017543857	1.688623514712567	1.1461581653061768	5	3.3260097501941823	0.23060808959856005
0.5555555555555556	1.5581548322014467	1.2600449059159406	5	3.373755293672943	0.2243805375499346
0.43859649122807015	1.5214251814036563	1.2161190796767922	4	3.1761407523085188	0.25653709921835777
0.5555555555555556	1.5208143411742092	1.201008581773663	5	3.2773784785034277	0.22622953600910256
0.43859649122807015	1.4747495676196096	1.1295907373778704	4	3.0429367962255505	0.25884834729231776
0.32748538011695905	1.311663714480709	1.1887929794229286	4	2.827942074020597	0.18956658102832735
0.19298245614035087	1.18052714084341	1.0551120248845443	3	2.428621621868305	0.22083734441235592
0.8421052631578947	1.8448170170007214	1.2844015251939225	7	3.971323805352539	0.340643817076944
0.7426900584795322	1.8681076139354074	1.2718083971546095	6	3.8826060695695492	0.32468476859757034
0.7953216374269005	1.7593837118428066	1.3309263923571053	6	3.8856317416268125	0.31949514189038253
0.695906432748538	1.770245767132847	1.3333709405188814	5	3.7995231404002667	0.3642433120932107
0.8128654970760234	1.7282666359867755	1.3083466638505112	6	3.8494787969133104	0.3210359739396891
0.7134502923976608	1.7329052761056096	1.306620666521915	5	3.7529762350251854	0.36609231055237856
0.5789473684210527	1.6024365935944893	1.31693226394293	5	3.4983162259584724	0.31066689754118637
0.4619883040935672	1.5767773831449596	1.3125748230793728	4	3.3513405103178995	0.3643950492074224
0.7017543859649122	1.6897451662258007	1.2505858110540709	6	3.6420853632447843	0.2199541619045302
0.6023391812865497	1.68667951239244	1.227075754901923	5	3.5160944485809127	0.24479413611018797
0.6491228070175439	1.5562108298813193	1.313743730248107	5	3.51907736714697	0.2385665840615625
0.5497076023391813	1.5189951785034976	1.3190878795457832	4	3.387790660388462	0.27426965735789266
0.6491228070175439	1.5188703388540818	1.2686587199662251	5	3.436651865837851	0.24041558252073048
0.5497076023391813	1.472319564719451	1.2558117270141878	4	3.2778388940728203	0.27658090543185254
0.4093567251461988	1.3092337115805504	1.2696493602866121	4	2.988239797013361	0.20729913916786225
0.29239766081871343	1.1772871369765314	1.2437663052426726	3	2.713451103037918	0.24448075526506896
0.6900584795321637	1.9470030967810112	1.2633946059519694	6	3.9004561822651445	0.2823104837436108
0.5730994152046783	1.9953890290586922	1.230661988006733	5	3.7991504322701033	0.3196217223170845
0.6432748538011696	1.8649203465475714	1.3320719121806355	5	3.8402671125293764	0.31339417026845917
0.5263157894736842	1.9048820743363133	1.3235899173632673	4	3.7547877811732646	0.3678041401165134
0.6608187134502924	1.8275798555203342	1.299348127901052	5	3.787746696871679	0.31524316872762703
0.543859649122807	1.8582064605522666	1.2809158081688354	4	3.682981917843909	0.3701153881904733
0.4269005847953216	1.695120607413366	1.3193233561541244	4	3.441344548362812	0.300833621926483
0.29239766081871343	1.691802998086952	1.29102443283757	3	3.2752250917432355	0.36919339894323
0.5497076023391813	1.7813540918071649	1.2138843054152662	5	3.5449459995616124	0.19394499428543632
0.4327485380116959	1.8004242559108046	1.150303383316975	4	3.3834761772394755	0.21849267013773488
0.49707602339181284	1.6373384027719036	1.3159715611775447	4	3.450385987341261	0.21070823007695316
0.38011695906432746	1.6147600585650028	1.3079754014666414	3	3.302852419095972	0.24902620981052348
0.49707602339181284	1.5906627889878568	1.2427395581749203	4	3.33047837055459	0.21301947815091316
0.38011695906432746	1.5525259068529405	1.1852424580044751	3	3.117885323921743	0.2521078739091367
0.2573099415204678	1.3350781026677396	1.255360829116517	3	2.8477488733047247	0.15973218555714974
0.12280701754385964	1.150080436305306	1.1304921038989189	2	2.4033795577480843	0.1917211328976035
0.8713450292397661	1.8525444546675955	1.2941681630350983	7	4.018057646942459	0.31730114667545006
0.7719298245614035	1.8771229578800936	1.2825956467239197	6	3.931648429165417	0.3013420981960765
0.8245614035087719	1.7683990557874931	1.3419727640418713	6	3.9349332233381364	0.30103538298190957
0.7192982456140351	1.7810641798664704	1.3456114329335265	5	3.845973858414032	0.336232107611418
0.8421052631578947	1.7372819799314618	1.3251571999674339	6	3.90454444305679	0.30257621503121623
0.7426900584795322	1.7437236888392331	1.3275074055847949	5	3.81392115290356	0.33808110607058584
0.6198830409356725	1.6132550063281126	1.3382076861789935	5	3.5713457334427785	0.28851518685101885
0.49707602339181284	1.5903003990619893	1.34081875161864	4	3.4281951740724423	0.3293810436051815
0.7251461988304093	1.6987605101704872	1.2611532969960493	6	3.685060005996946	0.23351327727984572
0.6257309941520468	1.6974979251260636	1.238597918702387	5	3.5618268379804974	0.2535492660691483
0.672514619883041	1.5670292426149426	1.3256545772217543	5	3.5651984397197376	0.25483752251194114
0.5672514619883041	1.5325181944205268	1.3317241826476902	4	3.4314938390565213	0.28521356980659307
0.672514619883041	1.5296887515877053	1.289215813588107	5	3.4914191850588536	0.256686520971109
0.5730994152046783	1.4858425806364806	1.2828584411964858	4	3.3418004370376444	0.28752481788055295
0.4444444444444444	1.3227567274975796	1.2973438797575492	4	3.0645450516995734	0.22763781223083546
0.3216374269005848	1.1953178248659042	1.2847251271428686	3	2.8016803789093574	0.25907263853000284
0.7134502923976608	1.9560184407256977	1.2746492471535171	6	3.944117980276876	0.26385072483513794
0.5964912280701754	2.006207441792316	1.2432148846965516	5	3.845913554559043	0.2916105178352918
0.6666666666666666	1.8757387592811952	1.3450134920436372	5	3.887418917991499	0.29124245957829165
0.543859649122807	1.9184050902533425	1.3379441086140984	4	3.800208847990248	0.33279013451427253
0.6842105263157895	1.838398268253958	1.3209359544122883	5	3.8435447489820356	0.2930914580374596
0.5672514619883041	1.8717294764692958	1.309680410500058	4	3.7486613489576577	0.3351013825882324
0.4619883040935672	1.7086436233303952	1.3487357637739859	4	3.519367691197948	0.2731439835637737
0.3216374269005848	1.709833685976325	1.3354190310356142	3	3.3668901439125243	0.3225080581402421
0.5672514619883041	1.7921725045407881	1.2261075566640867	5	3.585531523193179	0.21021593273581496
0.4502923976608187	1.8139472718278338	1.1634603602108369	4	3.4277000296994893	0.2294365825864354
0.5146198830409356	1.6508614186889332	1.3297763433600454	4	3.4952576450899144	0.23104690313992637
0.391812865497076	1.6327907464543756	1.321154748789965	3	3.3457583607414167	0.26361809307545736
0.5146198830409356	1.6041858049048865	1.2709547514378126	4	3.3897604393836347	0.23335815121388637
0.39766081871345027	1.5705565947423132	1.2272426274885813	3	3.1954600409443445	0.2666997571740707
0.28654970760233917	1.3531087905571126	1.298656609177901	3	2.9383151073373526	0.18685041630778054
0.14619883040935672	1.1771264681393654	1.2170887929580374	2	2.5404140915067597	0.21360895779500433
0.8304093567251462	1.9543984387922586	1.2990451995097765	6	4.083852995027181	0.3076913045452828
0.7309941520467836	2.004263439472189	1.2878912688201685	5	4.023148860339141	0.34256289878767265
0.7777777777777778	1.8737947569610682	1.3624711109036738	5	4.01404364564252	0.3438511552304655
0.672514619883041	1.9159750873531838	1.3805108993628732	4	3.969000606599098	0.3964806107047486
0.8011695906432749	1.8364542659338308	1.3523448871327208	5	3.9899687437098263	0.34570015368963347
0.7017543859649122	1.869299473569137	1.3754993910161593	4	3.946553250550209	0.3987918587787085
0.5614035087719298	1.7062136204302365	1.3691901355174532	4	3.6368072647196197	0.338904853128991
0.43859649122807015	1.7065936821094467	1.4032692931533106	3	3.5484594664908276	0.4074286930608769
0.6783625730994152	1.7902285022206612	1.2611059756988694	5	3.7296970510189458	0.22440197924744276
0.5789473684210527	1.811517268927675	1.2352618179175219	4	3.62572645526625	0.24716914072597018
0.6198830409356725	1.648431415788774	1.3562131922940968	4	3.6245276490185434	0.24877946127946127
0.5146198830409356	1.6295507425874967	1.400969965288829	3	3.5451405909172617	0.2872615039281706
0.6257309941520468	1.6017558020047273	1.32064379013919	4	3.5481305862959642	0.25109070935342115
0.5263157894736842	1.5673165908754347	1.3535622235220977	3	3.4471946038712167	0.2903431680267837
0.38011695906432746	1.3498687866902337	1.33424698766615	3	3.0642327334207113	0.2104938271604938
0.2573099415204678	1.1722664623390475	1.4046844843150668	2	2.8342608881745823	0.249074074074074
0.6549707602339181	2.098938018886914	1.2660287380367845	5	4.019937517157617	0.29922956545433943
0.5380116959064327	2.1974041647604907	1.2174214897439841	4	3.952837350410907	0.34070362348459093
0.6023391812865497	2.0343183116215897	1.3629427788334236	4	3.9996002717415635	0.342313944038082
0.47953216374269003	2.1440666036979175	1.362339274227355	3	3.9859380416679624	0.41197414760633155
0.6257309941520468	1.987642697837543	1.3479754200156806	4	3.96134911200527	0.3446251921120419
0.5087719298245614	2.0818324519858553	1.3561356191349514	3	3.9467400009453684	0.41505581170494477
0.38596491228070173	1.8643846478006545	1.3859602127047328	3	3.636309772786089	0.33520647083865474
0.24561403508771928	1.9440402540046788	1.4035545670104344	2	3.5932088561028324	0.4361430395913155
0.5029239766081871	1.929860493196081	1.1978729954740532	4	3.6306574652783214	0.1930024740593036
0.38596491228070173	2.004789512463906	1.0795853286339276	3	3.4703397533785356	0.21289218763462703
0.4444444444444444	1.7873417082787053	1.3639311819542705	3	3.5957173346774205	0.21503928170594833
0.3216374269005848	1.8284758447217544	1.408431150505741	2	3.55854442212808	0.25589225589225584
0.4502923976608187	1.725107556566643	1.2966117392454821	3	3.4720116934729437	0.21812094580456165
0.3333333333333333	1.7351246171536612	1.277666010008622	2	3.3461239604956163	0.2605147520401757
0.2046783625730994	1.4089529108758598	1.3470496161423597	2	2.960680889591319	0.14074074074074072
0.06432748538011696	1.1128323863591132	1.0	1	2.17715987173923	0.14814814814814814
0.8830409356725146	1.882076401723361	1.2572936523290648	9	4.022410989724941	0.3694378550173235
0.783625730994152	1.9042017725147056	1.2443532069092107	8	3.932180710418068	0.3694378550173235
0.8596491228070176	1.8226588459452548	1.2850499239755349	8	3.967357892727807	0.3627819334539504
0.7602339181286549	1.8394567617384905	1.2774207510720006	7	3.877111430939146	0.3627819334539504
0.8538011695906432	1.7993210390532317	1.258287751660434	8	3.911409960304309	0.36432276550325693
0.7543859649122807	1.812784982433321	1.2451280064437351	7	3.812298953789337	0.36432276550325693
0.6549707602339181	1.7195930663539494	1.2620734409213437	7	3.6366372675092116	0.3160647617367788
0.543859649122807	1.7220130048475066	1.2456195293173313	6	3.511492183287645	0.3160647617367788
0.7602339181286549	1.7704299367325005	1.225342973007449	8	3.756006827868604	0.2952598277518864
0.6608187134502924	1.779766579781057	1.2045808575610264	7	3.6451661507923756	0.2952598277518864
0.7309941520467836	1.6865746637016852	1.257886472003001	7	3.67545528775147	0.27466154816216015
0.631578947368421	1.6834915350865316	1.244488684548098	6	3.5595591670030506	0.2741111525653249
0.7076023391812866	1.6599028843965156	1.216862900572395	7	3.5843681241501972	0.2762023802114668
0.6081871345029239	1.6523744592305007	1.191801897053866	6	3.452363490787291	0.2756519846146315
0.5029239766081871	1.5436505571379	1.2141861603508106	6	3.2607606940968976	0.22794437644498844
0.391812865497076	1.5113659814869589	1.1800819540635312	5	3.083260801047566	0.2728727770177839
0.7485380116959064	1.9633733846489085	1.2367163351328456	8	3.9486277314776608	0.32559727530717864
0.631578947368421	2.0002733773998087	1.2123039312320134	7	3.844156256000243	0.32559727530717864
0.7251461988304093	1.9070814613204365	1.2726295213062349	7	3.9048571814570807	0.30499899571745237
0.6081871345029239	1.940749465641742	1.2547109807446	6	3.803647580889266	0.30444860012061703
0.7192982456140351	1.8804096820152674	1.2374922479719614	7	3.8372001756012644	0.3065398277667589
0.6023391812865497	1.9096323897857108	1.210265010585233	6	3.7222365816574934	0.3059894321699237
0.52046783625731	1.8009084876931105	1.242477239767324	6	3.5638535637177444	0.25828182400028066
0.391812865497076	1.8200754981532115	1.206891613946263	5	3.41877997759655	0.3092777140841345
0.6257309941520468	1.8473912793630032	1.1941265701055415	7	3.667248843620591	0.2374768900153884
0.5087719298245614	1.8711109200247362	1.1542839732886914	6	3.5341668231379892	0.23692649441855307
0.5964912280701754	1.762387017932136	1.2374004544208943	6	3.5962787004232055	0.21632821482882691
0.47953216374269003	1.7738497344400415	1.2063728035012882	5	3.4597547016840196	0.25893338307839
0.5730994152046783	1.7312699420761046	1.1807313267382509	6	3.485100684019034	0.21786904687813335
0.45614035087719296	1.7365092434128044	1.1284884307402472	5	3.321138025030245	0.26078238153755784
0.3684210526315789	1.606040560901684	1.1747977570558226	5	3.1492593705890854	0.20353325173398606
0.23976608187134502	1.581282342278953	1.0978352614120666	4	2.9188836855623643	0.25359097127222985
0.847953216374269	1.9621583831988292	1.2696051418556376	8	4.079716741428736	0.3694378550173235
0.7485380116959064	1.998884804314004	1.2600044619048918	7	4.007427277914802	0.3694378550173235
0.8245614035087719	1.9056928882346316	1.307368735186932	7	4.037623026930335	0.34883957542759714
0.7251461988304093	1.939129463708303	1.308734183903728	6	3.9730098464424404	0.348289179830762
0.8187134502923976	1.8790211089294624	1.2788749446433232	7	3.976609503865183	0.3503804074769038
0.7192982456140351	1.9080123878522717	1.273589089651292	6	3.9008997231175986	0.34983001188006857
0.6081871345029239	1.7992884857596714	1.2876554753243292	6	3.6951310955869245	0.3021224037104254
0.49707602339181284	1.8181314958330845	1.2827414228709995	5	3.597948942095897	0.36188640973630837
0.7192982456140351	1.8460027062771982	1.2372185459742129	7	3.802519497865446	0.25739576143364784
0.6198830409356725	1.869490918091297	1.2200010432309838	6	3.7093750022579535	0.2570815331782429
0.6900584795321637	1.7607670159986963	1.2849716808541332	6	3.735797176384993	0.23648325358851674
0.5906432748538012	1.7719057321199145	1.285812098740375	5	3.648361105714091	0.2831194295900178
0.6666666666666666	1.7296499401426653	1.2376034290784201	6	3.633920035887752	0.2380240856378233
0.5672514619883041	1.734565241092677	1.2218790398397297	5	3.5236957429207107	0.28496842804918576
0.4502923976608187	1.6040965585815568	1.2409696008917248	5	3.2953585571341	0.22743589743589743
0.3391812865497076	1.578852339378794	1.2215924271206176	4	3.1396260530491196	0.27132352941176474
0.695906432748538	2.0665095038959502	1.2450872369517478	7	4.007503173596236	0.3116549172808254
0.5789473684210527	2.1267488486465074	1.2205992377715071	6	3.9262954548390674	0.31110452168399017
0.672514619883041	2.0180249465539064	1.2953978412798024	6	3.98593740771675	0.2905062420942639
0.5555555555555556	2.080615248786167	1.2858243801368407	5	3.921995184478564	0.34794701579691445
0.6666666666666666	1.9869078706978758	1.256270406838955	6	3.9098449442034973	0.29204707414357056
0.5497076023391813	2.0432747577589296	1.234252547238494	5	3.8272349073366048	0.3497960142560823
0.45614035087719296	1.912806075247809	1.2680850571182076	5	3.63703148324321	0.29254688445251054
0.32748538011695905	1.9647392352116098	1.2407399220946924	4	3.532964537423261	0.3648580121703855
0.5672514619883041	1.948386400936901	1.1987364198414505	6	3.7143742827666557	0.199298595441745
0.4502923976608187	1.99704899404576	1.1550479343169067	5	3.6023893260234856	0.23849783981389172
0.5380116959064327	1.8665803115346393	1.2652368221217891	5	3.669828829562861	0.21377990430622007
0.42105263157894735	1.9069570305701475	1.247820143058443	4	3.5758298052075377	0.26639928698752235
0.5146198830409356	1.8292398205074023	1.1953302529385268	5	3.5391899564868647	0.21562890276538804
0.39766081871345027	1.860281416786101	1.1431747256912137	4	3.4011169611907652	0.26871053506148224
0.2982456140350877	1.6971955636472003	1.1962138797281356	4	3.191655057410424	0.19679487179487187
0.1695906432748538	1.6945696063987317	1.1160495649054323	3	2.980209814579018	0.2450980392156863
0.8771929824561403	1.968919891157344	1.2838978305858773	8	4.1300107041993614	0.3524443909650359
0.7777777777777778	2.006612241980878	1.2769999206344953	7	4.061389940393151	0.3487406872613322
0.8538011695906432	1.9134203259015057	1.324549281141861	7	4.09177077663401	0.34578846940166275
0.7543859649122807	1.948144807652989	1.3299009048322925	6	4.032431677397563	0.3420847656979591
0.847953216374269	1.8867485465963365	1.3001727509069354	7	4.034874513877541	0.3473293014509694
0.7485380116959064	1.9170277317969582	1.3005199750120129	6	3.9660857185048775	0.34362559774726564
0.6491228070175439	1.8083038297043579	1.3148454828005058	6	3.7722721195224076	0.29907129768449103
0.5380116959064327	1.8289499085667082	1.3191973689727612	5	3.686158973445902	0.3377744461102782
0.7426900584795322	1.853730143944072	1.2540570306842935	7	3.850477233107898	0.2782663636995988
0.6432748538011696	1.8785062620359831	1.2406888784167607	6	3.7624699942539133	0.27456265999589513
0.7134502923976608	1.7697823599433828	1.3059186381553658	6	3.7891512904964095	0.2571176885130374
0.6140350877192983	1.7827241448535383	1.3129034695797204	5	3.709662702152557	0.30409678177120036
0.6900584795321637	1.7386652840873513	1.264314550811809	6	3.693038314431324	0.25865852056234395
0.5906432748538012	1.7453836538263008	1.25761665732731	5	3.593643586007412	0.30594578023036834
0.4853801169590643	1.61491497131518	1.2770959015524885	5	3.3773909898267327	0.2524806201550388
0.3742690058479532	1.5923753552958237	1.2745878197010512	4	3.241232180844828	0.28921188630490957
0.7192982456140351	2.074236941562824	1.2624165468472353	7	4.055951734024094	0.308603811254891
0.6023391812865497	2.135764192591194	1.2419742282168538	6	3.9800776020945974	0.30490010755118735
0.695906432748538	2.027040290498593	1.3170319538406046	6	4.039978677087736	0.2874551360683295
0.5789473684210527	2.0914336615197904	1.3139464838655406	5	3.9843275138063836	0.34050171883755087
0.6900584795321637	1.995923214642562	1.2836686838319136	6	3.969650378006639	0.28899596811763606
0.5730994152046783	2.0540931704925534	1.2710208976154287	5	3.8982134833126603	0.34235071729671884
0.49122807017543857	1.9236244879814328	1.3052420906683257	5	3.7200946488251976	0.2888855572213893
0.36257309941520466	1.9782622511286394	1.2954532028240502	4	3.636288553367894	0.3347180576378478
0.5847953216374269	1.9574017448815872	1.2198916466594654	6	3.7620887131784793	0.21993303036626555
0.4678362573099415	2.0078674067793836	1.182451709431425	5	3.65815537352075	0.2594751919950743
0.5555555555555556	1.877398724268263	1.293029280409491	5	3.72598356023331	0.23854122621564477
0.43859649122807015	1.9204800464871772	1.2869257983504407	4	3.6460023360656884	0.2926209772140005
0.5321637426900585	1.840058233241026	1.2317689578744635	5	3.603990933805548	0.24039022467481286
0.4152046783625731	1.8738044327031305	1.1966907920636025	4	3.485699903129306	0.2949322252879605
0.32748538011695905	1.71071857956423	1.2503777513891636	4	3.2885817110703526	0.22810077519379846
0.19883040935672514	1.7126002942881045	1.20994709118581	3	3.1213777948306394	0.2689491817398796
0.8362573099415205	2.072848368477019	1.2882508058244166	7	4.197356484242956	0.3524443909650359
0.7368421052631579	2.134144190657755	1.2835304945110597	6	4.154516790431972	0.3487406872613322
0.8070175438596491	2.025420288565154	1.340442376625757	6	4.17288020905056	0.3312957157784743
0.7076023391812866	2.0894896591996632	1.3571445736324976	5	4.154236572013447	0.39311041448972484
0.8070175438596491	1.994303212709123	1.3163799825239966	6	4.1177007390927685	0.33283654782778094
0.7076023391812866	2.052149168172426	1.3281703012427815	5	4.087921808596494	0.3949594129488927
0.5906432748538012	1.921680485661306	1.3351727290320983	5	3.8474964895472055	0.34149425287356316
0.47953216374269003	1.9758322482284805	1.358808359412385	4	3.8141727713835554	0.4004789272030651
0.695906432748538	1.955781742948148	1.2549959362277818	6	3.906684111924468	0.24008806912595537
0.5964912280701754	2.0059234044592564	1.2431905993731283	5	3.84560523190256	0.2736612385067021
0.6608187134502924	1.875454721948136	1.3265494050876139	5	3.862822840486042	0.2627272727272727
0.5614035087719298	1.9180500435870182	1.3562634321293592	4	3.8357169844883074	0.3103535353535354
0.6432748538011696	1.8381142309208982	1.279240396412982	5	3.76062948113505	0.26457627118644056
0.543859649122807	1.8713744298029718	1.2892806156098475	4	3.704514694535626	0.31266478342749526
0.42105263157894735	1.708288576664071	1.2976029661627748	4	3.4269441744057936	0.24583333333333335
0.30994152046783624	1.7093602904212257	1.3313390393637932	3	3.350640850252855	0.2925925925925926
0.6608187134502924	2.2130396735033586	1.2564851502570422	6	4.130343537210694	0.29411105763170264
0.543859649122807	2.3146329211255092	1.2297974611749811	5	4.0882900314232975	0.34848882471359865
0.631578947368421	2.1841642386143882	1.3278982157171852	5	4.143641401699995	0.32755485893416925
0.5146198830409356	2.3039369394198337	1.3324665177752486	4	4.1510233402360175	0.403888018112156
0.631578947368421	2.146823747587151	1.2929504330448518	5	4.071353128000424	0.3294038573933372
0.5146198830409356	2.2572613256357874	1.2860857445929006	4	4.057966953269624	0.406199266186116
0.4152046783625731	2.094175472496887	1.3189780098586923	4	3.8283581607181523	0.339367816091954
0.28654970760233917	2.2238761515316465	1.3219992626155015	3	3.8324251217494876	0.41730523627075355
0.52046783625731	2.100597983873981	1.2020518203094044	5	3.8231176404406955	0.21810568295114652
0.40350877192982454	2.199479120994325	1.1464153359916038	4	3.749403228915753	0.2545765481333776
0.4853801169590643	2.0363932678554244	1.3065682311326763	4	3.8283416159471653	0.24090909090909096
0.3684210526315789	2.1468332120096973	1.3208342637457007	3	3.836088528386977	0.29713804713804715
0.4678362573099415	1.9897176540713777	1.2296295641421358	4	3.687183475523455	0.24322033898305084
0.3508771929824561	2.0845990602976348	1.1906879923077016	3	3.626164245587792	0.30021971123666036
0.24561403508771928	1.867151256112434	1.2497757979807496	3	3.362541089180903	0.21111111111111114
0.11695906432748537	1.9481901664723478	1.2087335775980035	2	3.273882808397837	0.26388888888888895
0.8596491228070176	1.857161502589159	1.2663645480990613	8	3.983175173495238	0.3694378550173235
0.7602339181286549	1.8788883693315237	1.2535453917232533	7	3.892667679183432	0.3694378550173235
0.8128654970760234	1.7856964532521518	1.2985917428725102	7	3.8971536932006856	0.3627819334539504
0.7134502923976608	1.7991336228954093	1.2934528047548528	6	3.806036720047923	0.3627819334539504
0.8304093567251462	1.7590246739469821	1.2774282288162422	7	3.8668622594883706	0.36432276550325693
0.7309941520467836	1.7680165470393783	1.2685700975846936	6	3.7675807966708557	0.36432276550325693
0.6081871345029239	1.6592926449467778	1.279391392271834	6	3.546871171721536	0.311435132107149
0.49707602339181284	1.6501364868576125	1.2658549134292305	5	3.413067423678656	0.36261104741746775
0.7251461988304093	1.7260062712947182	1.2313311464349372	7	3.6824836165600647	0.2952598277518864
0.6257309941520468	1.7294950772784035	1.208765093967313	6	3.5639911653977627	0.2952598277518864
0.672514619883041	1.6207711751858032	1.270490640604566	6	3.56377643567341	0.27466154816216015
0.5730994152046783	1.6039107231444425	1.2596001535029973	5	3.436610291852118	0.32893338307838993
0.672514619883041	1.5896540993297716	1.2333847759111296	6	3.4955534951239424	0.2762023802114668
0.5730994152046783	1.5665702321172053	1.211060675225767	5	3.350730322547651	0.3307823815375579
0.4444444444444444	1.4361015496060845	1.2252835997989173	5	3.105829593849446	0.26731722146222836
0.3333333333333333	1.3688585781594542	1.1879651171942267	4	2.890157028687014	0.3202576379388965
0.7251461988304093	1.94651306891347	1.248791123505822	7	3.9204503912497017	0.32559727530717864
0.6081871345029239	1.986753007833614	1.2227910890385265	6	3.817731231375064	0.32559727530717864
0.6783625730994152	1.8780291057410132	1.2943446015609252	6	3.8507362804013536	0.30499899571745237
0.5614035087719298	1.9126202398106948	1.279754135695498	5	3.7537778842781226	0.36533832014474055
0.695906432748538	1.8469120298849822	1.2654795542023545	6	3.8082980168358747	0.3065398277667589
0.5789473684210527	1.8752797487834578	1.2435758834205664	5	3.697803000625077	0.3671873186039084
0.47368421052631576	1.7448110662723373	1.272540756821435	5	3.4910360336200883	0.30372215852857887
0.34502923976608185	1.7547454739922699	1.2406821134950266	4	3.3404568272533783	0.3657638092718347
0.5906432748538012	1.8083905601240076	1.2017286100077775	6	3.6007624449855866	0.2374768900153884
0.47368421052631576	1.8290539850702878	1.1550458347033703	5	3.457784030299974	0.28431179330226375
0.5380116959064327	1.6985853025591673	1.2603670860294076	5	3.4969640844950076	0.2595938577945922
0.42105263157894735	1.6969632693508077	1.232219941466096	4	3.350235842395851	0.3236667288479874
0.5380116959064327	1.6612448115319303	1.2058540974695604	5	3.4051106049079234	0.2614428562537602
0.42105263157894735	1.650287655566761	1.1532304918045588	4	3.224570778950267	0.3259779769219473
0.30994152046783624	1.4872018024278604	1.1981569183767389	4	2.995300241272435	0.24664652682778543
0.18128654970760233	1.4145779247729449	1.1049676926592158	3	2.700832167139763	0.31034351725186193
0.8245614035087719	1.945124495827665	1.2804634229033196	7	4.050149322239756	0.3694378550173235
0.7251461988304093	1.9851330059001748	1.2725206119211758	6	3.9827998166517604	0.3694378550173235
0.7777777777777778	1.876409103807574	1.3259282809345205	6	3.9801151625198727	0.34883957542759714
0.6783625730994152	1.9106762374905677	1.3352121103451196	5	3.9242509209351026	0.4179470157969144
0.7953216374269005	1.845292027951543	1.3063641094828806	6	3.946977774861324	0.3503804074769038
0.695906432748538	1.8733357464633307	1.312985171930584	5	3.8822273511424523	0.41979601425608226
0.5614035087719298	1.7428670639522104	1.3147312800678725	5	3.6190018527920125	0.35633085418075283
0.4502923976608187	1.752315471092111	1.3244704115544692	4	3.527078280307399	0.43152467883705203
0.6842105263157895	1.8067705581905684	1.2450061561645371	6	3.7359872406708954	0.25739576143364784
0.5847953216374269	1.827109982750161	1.2280446095277382	5	3.639949913915326	0.29849783981389166
0.631578947368421	1.6966413002390404	1.306147095590195	5	3.6343673431976566	0.28349650349650346
0.5321637426900585	1.6945332664506487	1.3219907167161224	4	3.54868772585683	0.3413992869875223
0.631578947368421	1.6593008092118027	1.2655854208907438	5	3.5564651774709675	0.28534550195567143
0.5321637426900585	1.647857652666602	1.2662534568219117	4	3.446274852178572	0.3437105350614822
0.391812865497076	1.4847717995277014	1.265815274621458	4	3.1423999396462357	0.2643790849673202
0.2807017543859649	1.4113379209060664	1.267225923779415	3	2.959265599071446	0.3339869281045752
0.672514619883041	2.064028488745779	1.2592360154649183	6	3.995779124093738	0.3116549172808254
0.5555555555555556	2.1358194994164132	1.2337624392362716	5	3.925137494208241	0.3733254260207882
0.6257309941520468	2.0053508169052927	1.3266068741264474	5	3.957688685183787	0.34860749051311657
0.5087719298245614	2.080420162283464	1.3300454155398125	4	3.9192375076478383	0.43493376974614306
0.6432748538011696	1.9680103258780552	1.2984064254292942	5	3.9096916051085193	0.35045648897228454
0.5263157894736842	2.033744548499418	1.2949101989827654	4	3.854970536955867	0.43724501782010294
0.4093567251461988	1.870658695360517	1.319041931495176	4	3.599057352001892	0.35791356772594096
0.2807017543859649	1.9258537820164872	1.3215893733867246	3	3.5281449097891766	0.4586995717827361
0.5321637426900585	1.9217845621648855	1.2075469521606543	5	3.6614952570155985	0.2388749137203774
0.4152046783625731	1.9759623438579557	1.1553050228261477	4	3.5464720450466762	0.28562229976736453
0.47953216374269003	1.8128764907190549	1.3066973852138393	4	3.599106039675584	0.26687062937062944
0.36257309941520466	1.8488108424945375	1.3205548394062818	3	3.531938781316024	0.3385323826500297
0.47953216374269003	1.7662008769350082	1.2410042748485997	4	3.4867373155262977	0.2691818774445893
0.36257309941520466	1.7865766907824756	1.212899681218885	3	3.362049471416565	0.34161404674864293
0.23976608187134502	1.5691288865972746	1.2544664213851708	3	3.0633613898537906	0.2358387799564271
0.1111111111111111	1.5011566121996087	1.2211922503060342	2	2.833459973616754	0.3259803921568628
0.8538011695906432	1.9528519334945391	1.28871418981639	7	4.095367292901573	0.3524443909650359
0.7543859649122807	1.9941483498448613	1.2811856421911385	6	4.029719956948281	0.34609518461582955
0.8070175438596491	1.8854244477522606	1.3348524333199387	6	4.027294424931848	0.34578846940166275
0.7017543859649122	1.9214946502241914	1.3442692738107433	5	3.9675183099998472	0.38993581131512167
0.8245614035087719	1.8543073718962295	1.321052426300455	6	3.9999212017054564	0.3473293014509694
0.7251461988304093	1.8841541591969542	1.3306885820444425	5	3.939988940071806	0.39178480977428953
0.6023391812865497	1.7536854766858336	1.3328233733549144	5	3.6888480313272978	0.34221889055472254
0.4853801169590643	1.7658384870091406	1.347408791845367	4	3.5986273958135717	0.39651067323481115
0.7076023391812866	1.8157859021352547	1.2534514228071676	6	3.7768396641237088	0.2782663636995988
0.6081871345029239	1.8379283954837846	1.2363834443791808	5	3.682498974365889	0.307252969772852
0.6549707602339181	1.7074597129726636	1.3148746136148208	5	3.6773050868214026	0.30854122621564484
0.5497076023391813	1.7080562823676781	1.3293214715696602	4	3.5870853562765195	0.3523431994362227
0.6549707602339181	1.6701192219454264	1.2829591855636044	5	3.6080491677429487	0.3103902246748127
0.5555555555555556	1.6613806685836316	1.2879946227558408	4	3.5049308468950278	0.3546544475101826
0.4269005847953216	1.4982948154447309	1.288204245844026	4	3.2133996460840786	0.2947674418604651
0.30994152046783624	1.4293686087954391	1.2975736491828727	3	3.036883778446148	0.3485788113695091
0.695906432748538	2.073043832690465	1.2683684373671185	6	4.037318702806122	0.308603811254891
0.5789473684210527	2.146637912150037	1.2431320069770684	5	3.968717287548158	0.3453142215389955
0.6491228070175439	2.0161692296389164	1.3363651250404274	5	4.001657161696888	0.34494616328199534
0.5263157894736842	2.093943178200494	1.3390940585422741	4	3.9593530262164522	0.39991976414390207
0.6666666666666666	1.978828738611679	1.316810922991509	5	3.9623063282698547	0.3467951617411633
0.5497076023391813	2.047267564416447	1.3183692530656184	4	3.915344419821247	0.40223101221786206
0.4444444444444444	1.8841817112775465	1.3431487908666682	4	3.671774946588659	0.3402736131934033
0.30994152046783624	1.94388446990586	1.3553728750880305	3	3.609198865461727	0.4120142309797482
0.5497076023391813	1.9326029748985092	1.2165868744604533	5	3.698897451698144	0.26391963643951866
0.4327485380116959	1.989485359774985	1.1631564514716404	4	3.5853903492583212	0.29656621221606505
0.49707602339181284	1.8263995066360845	1.315196619147971	4	3.6386721491758682	0.298176532769556
0.3742690058479532	1.8668415303839103	1.323123090232867	3	3.5642336264647305	0.3531242659149636
0.49707602339181284	1.7797238928520378	1.2639139198631226	4	3.540713836106973	0.300487780843516
0.38011695906432746	1.8046073786718484	1.2442887542062526	3	3.4290130919424286	0.3562059300135768
0.26900584795321636	1.5871595744866474	1.2871511049498163	3	3.14331652738968	0.2763565891472869
0.13450292397660818	1.5282026440336678	1.275955649874937	2	2.9386612178852127	0.34786821705426363
0.8128654970760234	2.071423830757026	1.2874851798757916	6	4.171774507708841	0.3524443909650359
0.7134502923976608	2.1446939098299103	1.279889576329307	5	4.138033778556878	0.39626660249137635
0.7602339181286549	2.0142252273187893	1.3459039291290855	5	4.120363074576529	0.3975548589341693
0.6491228070175439	2.091513175300335	1.3684628246720845	4	4.109098806989963	0.46361024033437825
0.783625730994152	1.9768847362915518	1.3403010409405631	5	4.100811508226267	0.39940385739333717
0.6842105263157895	2.0448375615162884	1.3709902089627553	4	4.100038296794833	0.46592148840833814
0.543859649122807	1.8817517083773878	1.350405137991171	4	3.7760164954913655	0.40603448275862064
0.42105263157894735	1.9406444660389814	1.3968270879677975	3	3.7585241855857263	0.49693486590038305
0.6608187134502924	1.9306589725783823	1.2436664787238574	5	3.835144164752532	0.27810568295114657
0.5614035087719298	1.9870553568748264	1.221759884559361	4	3.770218750206117	0.31429877035559983
0.6023391812865497	1.8239695037359254	1.3284354434630576	4	3.7547441284855325	0.3159090909090909
0.49122807017543857	1.8636015265170318	1.376542257493802	3	3.731371854186272	0.37676767676767675
0.6081871345029239	1.7772938899518786	1.3004049339455357	4	3.6858859584003385	0.3182203389830508
0.5087719298245614	1.8013673748049694	1.34421230100184	3	3.654351605631371	0.37984934086628996
0.36257309941520466	1.5839195706197688	1.2963454342001366	3	3.24283810423511	0.29999999999999993
0.23976608187134502	1.52334263823335	1.3843631935181795	2	3.1474719136228746	0.3833333333333333
0.6374269005847953	2.239368489244635	1.2507208376654961	5	4.127516227494926	0.35293326915804313
0.52046783625731	2.372942252707642	1.207472217392029	4	4.100882306356981	0.4078332531142206
0.5847953216374269	2.209856399568741	1.3387176910085905	4	4.133369412214758	0.40944357366771156
0.45614035087719296	2.378117387627453	1.3450168884447402	3	4.179274626949386	0.5014803204458378
0.6081871345029239	2.1631807857846943	1.331289224828232	4	4.102657145115851	0.41175482174167155
0.49122807017543857	2.3158832359153902	1.3538910186271058	3	4.161002324717935	0.5045619845444509
0.3684210526315789	2.0984354317301896	1.3551639812511311	3	3.8220204656128995	0.424712643678161
0.22807017543859648	2.2951164298989815	1.404549242250783	2	3.9277358475883606	0.5704022988505748
0.4853801169590643	2.1053985811432323	1.1721940489818476	4	3.7629727470841443	0.26013210368893314
0.3684210526315789	2.238840296393441	1.0593552255165681	3	3.666616574541588	0.30239836047413304
0.4269005847953216	2.02139249220824	1.315149447891155	3	3.7634425248947165	0.30454545454545456
0.2982456140350877	2.1795520206160566	1.3554693179175479	2	3.8332669525686924	0.39015151515151514
0.4327485380116959	1.9591583404961777	1.2629077904571357	3	3.6548146689650096	0.30762711864406767
0.3157894736842105	2.0862007930479636	1.2699375332447365	2	3.6719277999769107	0.394774011299435
0.1871345029239766	1.760029086770162	1.253666246541206	2	3.2008298362353447	0.275
0.04678362573099415	1.814984738147718	1.0	1	2.861768363878712	0.41666666666666674
0.847953216374269	1.8904628596703166	1.2460251597355327	8	3.9844412357801184	0.340643817076944
0.7485380116959064	1.916947063138561	1.2248423347022708	7	3.890327409536738	0.30043387661436805
0.8245614035087719	1.8237551470591886	1.2798794473003945	7	3.9281959978683547	0.333987895513571
0.7251461988304093	1.8435354323369524	1.265038169403102	6	3.8337198005704636	0.29333748900950596
0.8187134502923976	1.7970833677540194	1.248269493007537	7	3.864066311053954	0.33552872756287755
0.7192982456140351	1.8124183564809215	1.225530445901718	6	3.7572470479966746	0.2948783210588125
0.6198830409356725	1.7036944543883212	1.250338806617272	6	3.5739163019412654	0.2872707237963992
0.5029239766081871	1.7034186581874642	1.2189499026212034	5	3.425292537416855	0.2959443807508011
0.7251461988304093	1.764064965101755	1.2066802607241878	7	3.6958914246563523	0.26646578981150704
0.6257309941520468	1.7738968867199467	1.172036432421475	6	3.5716643132934687	0.225815383307442
0.695906432748538	1.6651729846273462	1.2477490450871414	6	3.6088284624630256	0.24531711462494554
0.5964912280701754	1.6571928944742944	1.2221616279006766	5	3.4758457504451465	0.24560004974505667
0.672514619883041	1.6340559087713151	1.19601816406248	6	3.502588692716836	0.2468579466742522
0.5730994152046783	1.6198524034470574	1.1516846251266095	5	3.344636443778345	0.24744904820422453
0.4678362573099415	1.4893837209359364	1.1868881487423801	5	3.1441081269882583	0.23831993148932862
0.3508771929824561	1.4354612923217691	1.1184291448896924	4	2.9047676301939176	0.23692430460556324
0.7134502923976608	1.9845717627205073	1.2208835031422114	7	3.91890555826038	0.29680323736679914
0.5964912280701754	2.0311548172751572	1.181502998978683	6	3.8091490443240157	0.256152830862734
0.6900584795321637	1.9224309151825565	1.267043577529495	6	3.879532972244215	0.27565456218023776
0.5730994152046783	1.9659024111405468	1.2354764673221692	5	3.774478293667394	0.2820049868114072
0.6842105263157895	1.8913138393265256	1.2235535138396996	6	3.799077879482015	0.2771953942295443
0.5672514619883041	1.9285619201133095	1.1773606905504006	5	3.673174072652014	0.28385398527057504
0.4853801169590643	1.798093237602189	1.2273061629938895	5	3.5107795175551426	0.2747248685556791
0.3508771929824561	1.8213481881545848	1.1597475699054784	4	3.33197295104252	0.28243047593850135
0.5906432748538012	1.8527923695655506	1.1661135597822605	6	3.6095492042016124	0.2081324564781738
0.47368421052631576	1.88233615640014	1.098297127038911	5	3.454317493965367	0.20097845996893038
0.5614035087719298	1.7518674738890194	1.2245989774075687	5	3.5378699600685177	0.2243805375499346
0.4444444444444444	1.7635659835131225	1.1670628732193926	4	3.3750733011769594	0.2195000621813208
0.5380116959064327	1.714526982861782	1.1481484643508844	5	3.400687143119099	0.22622953600910256
0.42105263157894735	1.7168903697290758	1.051510882729793	4	3.1894538840378157	0.22181131025528067
0.3333333333333333	1.5538045165901753	1.1314049743730072	4	3.0185428242965155	0.21039991436166072
0.19883040935672514	1.5033815436560314	0.9603766968978084	3	2.662588649910565	0.199232406140751
0.8128654970760234	1.9831831896347023	1.2595729814562553	7	4.055621668166981	0.340643817076944
0.7134502923976608	2.029534815341718	1.2410565723444968	6	3.984041680083876	0.2999934105728791
0.7894736842105263	1.9208109132491173	1.3084513073862551	6	4.018735904845899	0.31949514189038253
0.6900584795321637	1.9639584088204198	1.3056705176965377	5	3.959687406049121	0.33461368246358103
0.783625730994152	1.8896938373930865	1.27426211960339	6	3.9475816879906285	0.3210359739396891
0.6842105263157895	1.9266179177931826	1.2615060547851644	5	3.872334498894136	0.336462680922749
0.5730994152046783	1.796149235282062	1.284232761965073	5	3.6534814124518133	0.327333564207853
0.45614035087719296	1.8189181852544258	1.268095994172832	4	3.5431545303044505	0.3481913455037188
0.6842105263157895	1.8511723676321115	1.2192151564221845	6	3.7545980503700855	0.22828749523786362
0.5847953216374269	1.8803921540800128	1.1860319775880255	5	3.6512194533054654	0.2251645064805583
0.6549707602339181	1.749923471568892	1.285115062693103	5	3.6900092944959133	0.2485665840615625
0.5555555555555556	1.7611359806129636	1.2813937746773298	4	3.598085310845849	0.24973262032085564
0.631578947368421	1.7125829805416548	1.2226158634968143	5	3.56677779140689	0.2504155825207304
0.5321637426900585	1.714460366828917	1.1890939739550568	4	3.435718083474032	0.2520438683948155
0.4152046783625731	1.5513745136900163	1.223623456825637	4	3.1902026488782265	0.22813247250119562
0.2982456140350877	1.5001415397891529	1.171755180433829	3	2.9701423342580697	0.22287581699346415
0.6608187134502924	2.108430298187322	1.2288855872085598	6	3.9981345988461747	0.2823104837436108
0.543859649122807	2.1891016707462656	1.1849106645255505	5	3.917871984394623	0.28999209268745485
0.6374269005847953	2.058632988235144	1.2987356984583467	5	3.9947955872782863	0.31339417026845917
0.52046783625731	2.1470228764457793	1.2780499022160063	4	3.9455406149190955	0.3307671030794763
0.631578947368421	2.021292497207907	1.2485977252643565	5	3.9014691698406843	0.31524316872762703
0.5146198830409356	2.1003472626617326	1.2063521448308967	4	3.821319290533565	0.3330783511534362
0.42105263157894735	1.937261409522832	1.2654515424143418	4	3.6237655835161213	0.32166695525981637
0.28654970760233917	2.0146574008995737	1.2033214874711111	3	3.5045285959730244	0.34758846067162497
0.5321637426900585	1.9750667334947376	1.1672047372014231	5	3.6744352133862197	0.20394499428543633
0.4152046783625731	2.0425650580202706	1.0825244440171238	4	3.5402941803999672	0.19395563310069786
0.5029239766081871	1.8794792048813698	1.2688844714758496	4	3.651287652965406	0.22320823007695323
0.38596491228070173	1.937614461377624	1.2338419041763578	3	3.5574212778346834	0.21631016042780749
0.47953216374269003	1.832803591097323	1.1666288202825474	4	3.4789645751225606	0.2255194781509131
0.36257309941520466	1.8753803096655621	1.053061664332836	3	3.291015073413603	0.2193918245264207
0.2631578947368421	1.657932505480361	1.1645637346411903	3	3.0856541348583937	0.18750996333492742
0.1286549707602339	1.6343620405242385	0.9182228668122595	2	2.681239878096732	0.15931372549019618
0.8421052631578947	1.9909106273015762	1.276022118831389	7	4.10903800929086	0.31994664932095274
0.7426900584795322	2.038550159286405	1.2611993212613477	6	4.042439539027285	0.27973670885837676
0.8187134502923976	1.9298262571938036	1.3288531784185618	6	4.077392885904763	0.3132907277575797
0.7192982456140351	1.9747768215540433	1.3319442591324941	5	4.026019326300572	0.32716838550421756
0.8128654970760234	1.8987091813377728	1.3004281550678531	6	4.012002833481649	0.3148315598068864
0.7134502923976608	1.9374363305268063	1.296426042869356	5	3.947312665793823	0.32901738396338553
0.6140350877192983	1.8069676480156858	1.3195414332224482	5	3.7405441689574324	0.3032216005818229
0.49707602339181284	1.8324412011714555	1.319728671080951	4	3.6492458956442198	0.31805139097118107
0.7076023391812866	1.860187711576798	1.2391381417117033	6	3.8069281924697878	0.24576862205551586
0.6081871345029239	1.8912105668136363	1.2115873904098007	5	3.710985091726361	0.24614185866174088
0.6783625730994152	1.7607418843025158	1.3110591586880613	5	3.750163616089992	0.2695439362427451
0.5789473684210527	1.774658996529993	1.3174188261480888	4	3.671025191099134	0.2759543105473339
0.6549707602339181	1.723401393275278	1.2572062061400076	5	3.6355783596492035	0.27139293470191306
0.5555555555555556	1.7279833827459465	1.2395294365062066	4	3.5230683748077087	0.27826555862129376
0.4502923976608187	1.5648975296070458	1.2747067246654258	4	3.28989665193329	0.24602082939434045
0.3333333333333333	1.5181722276785257	1.2594914990717292	3	3.110997060083588	0.24672695951765722
0.6842105263157895	2.1174456421320085	1.2494957277576484	6	4.051151896205447	0.27610606961080786
0.5672514619883041	2.1999200834798893	1.21149681023668	5	3.9786683557048734	0.2825467957280914
0.6608187134502924	2.069451400968768	1.3257105273426595	5	4.05598064176172	0.3059488733090957
0.543859649122807	2.1605458923628085	1.315792841835689	4	4.020198383321304	0.321460481880272
0.6549707602339181	2.032110909941531	1.284218800796904	5	3.971300470972353	0.30779787176826356
0.5380116959064327	2.113870278578762	1.2585054955309707	4	3.9103874700161656	0.32377172995423187
0.45614035087719296	1.9507844254398614	1.3182526984030545	4	3.725177474720109	0.29152700072727866
0.3216374269005848	2.0326880887889467	1.2944935824068595	3	3.648819098096391	0.30740185462824143
0.5497076023391813	1.985885146228361	1.193461237471555	5	3.7290539860390974	0.2249223464666189
0.4327485380116959	2.0560880739372998	1.1190701692798373	4	3.6079067812288326	0.2201773233271761
0.52046783625731	1.8930022207983994	1.306078002027202	4	3.7195480590829115	0.24942992030343136
0.40350877192982454	1.9556451492669968	1.293798748237385	3	3.6529526694342067	0.25127241406311185
0.49707602339181284	1.8463266070143527	1.2182327619142914	4	3.561635392320457	0.25174116837739124
0.38011695906432746	1.8934109975549347	1.141839330554646	3	3.415367287173908	0.25435407816172495
0.29239766081871343	1.6759631933697339	1.254637011440278	3	3.2229978656287255	0.2113611058591207
0.15789473684210525	1.6614080723582976	1.145152046084489	2	2.9644548552848917	0.19509043927648584
0.8011695906432749	2.1158256401985693	1.2784365207494863	6	4.195431751591331	0.31994664932095274
0.7017543859649122	2.197976081159762	1.2629904553136648	5	4.162720922438339	0.33515549138026535
0.7719298245614035	2.067507398648641	1.349985407156064	5	4.189422630366108	0.35855756896126956
0.672514619883041	2.1581158894626498	1.3697217341734105	4	4.200352243519101	0.3872213514454894
0.7719298245614035	2.030166907621404	1.3224449944707044	5	4.124541726653511	0.3604065674204374
0.672514619883041	2.1114402756786035	1.3356865776360187	4	4.119641473197663	0.3895325995194493
0.5555555555555556	1.9483544225397027	1.3500691717354687	4	3.853979149830727	0.357287870292496
0.43859649122807015	2.029448084922068	1.3850680477024484	3	3.853112623852587	0.3950830140485313
0.6608187134502924	1.983941143908234	1.2352769174597054	5	3.880036774818232	0.23910839297824682
0.5614035087719298	2.053658071037141	1.2022337285754687	4	3.81729530838454	0.237909881466711
0.6257309941520468	1.8905722178982403	1.3438769525501997	4	3.8601801646004867	0.26716247844296626
0.5263157894736842	1.9524051454001183	1.3963381679141416	3	3.8750591027879437	0.2749158249158249
0.6081871345029239	1.8438966041141935	1.2792839022046152	4	3.731367640821733	0.26947372651692614
0.5087719298245614	1.8901709936880564	1.290883129766055	3	3.689826053278673	0.2779974890144382
0.38596491228070173	1.6727231895028554	1.3129515931064197	3	3.3716396948899767	0.23500451671183376
0.26900584795321636	1.6565480665579797	1.4009203469751967	2	3.3264742614863927	0.23055555555555562
0.6257309941520468	2.2926506605744867	1.2354921336303357	5	4.1538737883568695	0.3139359791851434
0.5087719298245614	2.439544966869957	1.1765474901231234	4	4.1248643868176424	0.33144436422533163
0.5964912280701754	2.2764591137310557	1.3427606288107186	4	4.2157109706119495	0.360696961201587
0.47953216374269003	2.4669210065105394	1.3420156562950523	3	4.288468826548281	0.3996284685939858
0.5964912280701754	2.2297834999470094	1.2987696218022982	4	4.125044349819483	0.3630082092755469
0.47953216374269003	2.4046868547984768	1.2777647048212935	3	4.16198372336246	0.40271013269259903
0.38011695906432746	2.187239050613276	1.3489729975873868	3	3.9163290072649906	0.3597171603899948
0.24561403508771928	2.428321858223611	1.3527149679977175	2	4.026650861309047	0.4176245210727969
0.4853801169590643	2.172001295305547	1.1554519212987582	4	3.8128333335633693	0.21138549122280847
0.3684210526315789	2.3276439152765276	1.0147838623964447	3	3.710848830304551	0.2005465086222813
0.4502923976608187	2.1101961110913265	1.3405134149131	3	3.901001923665245	0.23954997125728827
0.3333333333333333	2.312757448940687	1.3982998957215502	2	4.044390677995571	0.23737373737373746
0.4327485380116959	2.0479619593792644	1.215146675822956	3	3.6958571732139163	0.2426316353559015
0.3157894736842105	2.2194062213725934	1.0933928660803647	2	3.6285885611371684	0.24199623352165722
0.21052631578947367	1.8932345150947918	1.286927569803039	2	3.3906884006873046	0.1775067750677507
0.07602339181286549	2.0813955947969776	1.0	1	3.157418986609843	0.11111111111111116
0.8245614035087719	1.863186754652222	1.2520511387200137	7	3.9397992968810076	0.340643817076944
0.7251461988304093	1.8895389745288247	1.227532402605074	6	3.842217575964308	0.30043387661436805
0.7777777777777778	1.780815072436224	1.2916820466609353	6	3.850274896874937	0.333987895513571
0.6783625730994152	1.7959633998449476	1.2760262417455315	5	3.750352214689894	0.35200498681140713
0.7953216374269005	1.7496979965801929	1.2677552459603474	6	3.812774879967441	0.33552872756287755
0.695906432748538	1.7586229088177103	1.247255359457574	5	3.701784701023822	0.3538539852705751
0.5730994152046783	1.6281542263065898	1.2651144301586374	5	3.4663680716699057	0.32805820188901236
0.45614035087719296	1.608924424035086	1.2287481330570613	4	3.29381290796934	0.349097142605168
0.6900584795321637	1.7111765268192183	1.2064913255820693	6	3.607726331933451	0.26646578981150704
0.5906432748538012	1.7123971451045406	1.1624558464648262	5	3.465496266423168	0.27097845996893044
0.6374269005847953	1.58192846259342	1.2566712950910581	5	3.4760266582692734	0.29438053754993465
0.5380116959064327	1.5511422193936235	1.2265035205688781	4	3.3156574358689346	0.3070000621813208
0.6374269005847953	1.5445879715661825	1.209565676518185	5	3.391580548669163	0.2962295360091025
0.5380116959064327	1.504466605609577	1.159859687552297	4	3.2023379890683064	0.3093113102552807
0.4093567251461988	1.3413807524706762	1.1862764429581356	4	2.9370139205750103	0.2770665810283274
0.29239766081871343	1.2201498581633663	1.0820932031554031	3	2.5946407221374828	0.2881212950296398
0.6900584795321637	1.9684344573744286	1.2295895568991346	6	3.888082493805727	0.29680323736679914
0.5730994152046783	2.0211066617707933	1.1814762341983862	5	3.775682311173858	0.30738339703528095
0.6432748538011696	1.8906379792596724	1.2904336316523373	5	3.8243464647131793	0.33078547461628527
0.5263157894736842	1.9370291152264392	1.2567291494342792	4	3.7200740541344026	0.3525062335142589
0.6608187134502924	1.853297488232435	1.255689239081762	5	3.7698054407644896	0.33263447307545313
0.543859649122807	1.8903535014423924	1.2106873597548617	4	3.6449005103200616	0.3548174815882188
0.43859649122807015	1.7272676483034919	1.2616740298735647	4	3.4275381694051266	0.3225727523612656
0.30409356725146197	1.734665719273787	1.1807985128461347	3	3.2195577993713838	0.348796190140224
0.5555555555555556	1.8070717245192653	1.1649708152232203	5	3.5275980952980412	0.24975894777380847
0.43859649122807015	1.8325712968009304	1.0713172659484076	4	3.3424850539774082	0.25122307496116303
0.5029239766081871	1.6694854436620299	1.2495645659423913	4	3.421973986212608	0.2804756719374183
0.38596491228070173	1.6576227797518375	1.1802341435660189	3	3.2238218355985584	0.2926667495750944
0.5029239766081871	1.6228098298779832	1.1729648824547818	4	3.298698688940952	0.2827869200113782
0.38596491228070173	1.5953886280397753	1.0507658391338817	3	3.032119379454359	0.2957484136737075
0.27485380116959063	1.3779408238545745	1.1460424545127519	3	2.7988370795369173	0.2527554413711032
0.14035087719298245	1.2143745180855583	0.8177551777966763	2	2.172480573075217	0.2571819425444597
0.7894736842105263	1.9668144554409894	1.2667036064794155	6	4.0229917461309315	0.340643817076944
0.6900584795321637	2.019162659450666	1.2452297641580359	5	3.9544509031408657	0.3599920926874549
0.7426900584795322	1.8886939769395454	1.3269683963484065	5	3.958352431767484	0.3833941702684591
0.6432748538011696	1.9345991123262805	1.3310911832431083	4	3.908965149370558	0.41826710307947634
0.7602339181286549	1.851353485912308	1.3061753176382271	5	3.91776272167919	0.385243168727627
0.6608187134502924	1.8879234985422337	1.3083015833310172	4	3.857043795323543	0.4205783511534362
0.5263157894736842	1.7248376454033332	1.3139236446770866	4	3.5650770795541042	0.3883336219264829
0.4093567251461988	1.7314257154069086	1.3122392610839395	3	3.453021701637047	0.43647734956051387
0.6491228070175439	1.8051277221991384	1.2190463800940357	5	3.673296909310718	0.2639449942854364
0.5497076023391813	1.8301412939007717	1.174913966715147	4	3.5547628629550996	0.2689556331006979
0.5964912280701754	1.6670554407618707	1.3077966579364968	4	3.5713433267685426	0.2982082300769532
0.49707602339181284	1.654382775884959	1.3236398461849914	3	3.475098645461763	0.3163101604278076
0.5964912280701754	1.620379826977824	1.2544491642162134	4	3.4713202192642125	0.30051947815091307
0.49707602339181284	1.5921486241728966	1.2406759212875067	3	3.3299005688522163	0.3193918245264208
0.3567251461988304	1.374700819987696	1.2452233191211095	3	2.976649285307636	0.2763988522238163
0.23976608187134502	1.2095145122852404	1.1961223275140316	2	2.645402921670617	0.2926470588235295
0.6374269005847953	2.1138372388653908	1.2383725641713466	5	3.9896367036215326	0.33877258049233294
0.52046783625731	2.216028189733587	1.1810793414406018	4	3.917575367431499	0.36249011585931856
0.5906432748538012	2.052942336594686	1.3385319473748165	4	3.9821175588233038	0.39174271283557394
0.47368421052631576	2.16889863699538	1.3330205609215033	3	3.9756034084431993	0.4410228041059684
0.6081871345029239	2.0062667228106394	1.3057864969916968	4	3.9202403543052604	0.3940539609095338
0.49122807017543857	2.1066644852833174	1.2912607226983464	3	3.8891532781571025	0.4441044682045816
0.3742690058479532	1.8892166810981168	1.344947949957678	3	3.608433636903748	0.40111149590197737
0.23976608187134502	1.9812883039508717	1.3390266276033567	2	3.560081013425574	0.47971602434077076
0.49707602339181284	1.9484845181691777	1.1625340289328363	4	3.6080945704938268	0.24243124285679551
0.38011695906432746	2.029621545761368	1.028410345162856	3	3.4381488499885515	0.24194084413426387
0.4444444444444444	1.8121737415761672	1.3366188321727492	3	3.593237018193361	0.28094430676927085
0.32748538011695905	1.8657238946679473	1.3850029499952639	2	3.57821222478017	0.2994652406417113
0.4444444444444444	1.7499395898641048	1.2337432063332072	3	3.4281272406417562	0.28402597086788417
0.32748538011695905	1.7723726670998543	1.1475692601058844	2	3.247427307322698	0.3040877367896311
0.2046783625730994	1.4462009608220527	1.2885407673082727	2	2.939420090703425	0.23959827833572456
0.07017543859649122	1.1873284862514992	1.0	1	2.2575039248479905	0.23529411764705888
0.8187134502923976	1.975829799385676	1.2746037868531201	6	4.069147036531194	0.31730114667545006
0.7192982456140351	2.02998107218429	1.252750969606089	5	4.0020302874044145	0.3319808882056622
0.7719298245614035	1.8995123896731692	1.3348782849696432	5	4.006320499204216	0.3553829657866664
0.6666666666666666	1.9481221282433099	1.3370592224243312	4	3.9518480173343074	0.38325309747723546
0.7894736842105263	1.8621718986459317	1.3227314529076986	5	3.9743770357641566	0.35723196424583425
0.6900584795321637	1.9014465144592632	1.3286800335926314	4	3.9201850275840586	0.38556434555119534
0.5672514619883041	1.7383606613203626	1.3349499002273395	4	3.640562023536006	0.353319616324242
0.4444444444444444	1.7494564032962814	1.3398615551427675	3	3.533762402883493	0.38979200875752607
0.672514619883041	1.8159461349327621	1.226237940101091	5	3.714698694916894	0.2727001242443967
0.5730994152046783	1.8436643098178012	1.1796847915394009	4	3.59644851656188	0.27989954554939833
0.6198830409356725	1.6805784566789002	1.3132152880493895	4	3.613676785663962	0.3091521425256536
0.5146198830409356	1.6724134637743315	1.3200468893690989	3	3.507080236184366	0.33090204369274145
0.6198830409356725	1.6339028428948534	1.2742782054094974	4	3.528064089240023	0.3114633905996135
0.52046783625731	1.6101793120622696	1.2659037866323968	3	3.3965509349519762	0.33398370779135467
0.391812865497076	1.3927315078770686	1.2717467950432773	3	3.056291168417422	0.2909907354887502
0.26900584795321636	1.2365605441192997	1.2324021041555016	2	2.7379684962280177	0.3145348837209303
0.6608187134502924	2.1246556515990145	1.2465948570677567	5	4.032069222117064	0.3107613760105402
0.543859649122807	2.229551205650617	1.1875680544137799	4	3.9609789091872036	0.3274761102570777
0.6140350877192983	2.066465352511716	1.3456684656366333	4	4.026168905867648	0.35672870723333305
0.49122807017543857	2.1869293248847526	1.3328633804034593	3	4.011020775463651	0.3943374633029806
0.631578947368421	2.019789738727669	1.327333426333905	4	3.978702112429995	0.35903995530729294
0.5146198830409356	2.12469517317269	1.3199243643410847	3	3.9592394205547103	0.3974191274015938
0.4093567251461988	1.9072473689874894	1.3749072021776938	3	3.691511296311382	0.35442615509898945
0.26900584795321636	2.008334335784931	1.3856137331383713	2	3.6629539168765186	0.409688013136289
0.5146198830409356	1.962007534086207	1.168473332837684	4	3.6451007499648265	0.2533751553054958
0.39766081871345027	2.047652233650741	1.0258587359308737	3	3.471171788295065	0.25653272739919775
0.4619883040935672	1.83020442946554	1.3353628335180447	3	3.627555567077152	0.2955361900342047
0.3391812865497076	1.8927699265020066	1.3379443029061164	2	3.5698955159578305	0.32135306553911214
0.4619883040935672	1.7679702777534778	1.2613080298392854	3	3.4912666116863305	0.29861785413281794
0.34502923976608185	1.7994186989339134	1.1869730794990845	2	3.3314210181990793	0.3259755616870319
0.23391812865497075	1.473246992656112	1.3318314184333064	2	3.038996539744389	0.2614861032331254
0.0935672514619883	1.2414205499196176	1.0	1	2.334987801381606	0.2790697674418605
0.7777777777777778	2.122711649278888	1.2644292164664424	5	4.164918643523108	0.3617137569629211
0.6783625730994152	2.227121202750458	1.2307627460603032	4	4.136246521910177	0.39116658644755387
0.7192982456140351	2.064035349611557	1.3434985485105229	4	4.126832143736115	0.42041918342380913
0.6081871345029239	2.1836893210178743	1.3554650647819992	3	4.147341520302797	0.47925809822361554
0.7485380116959064	2.0173597358275104	1.3484156989751208	4	4.114313446498538	0.422730431497769
0.6491228070175439	2.1214551693058117	1.3890304282542774	3	4.159608404577633	0.48233976232222864
0.5029239766081871	1.904007365120611	1.3532840485456195	3	3.7602153902744178	0.4393467900196243
0.3742690058479532	2.003474329984613	1.4015688281344303	2	3.7793121639669964	0.5370689655172414
0.6257309941520468	1.9595775311860484	1.1955380826694835	4	3.780846608007579	0.2711077134450307
0.5263157894736842	2.0444122297838625	1.106929754225234	3	3.677657773482781	0.2801761382519109
0.5614035087719298	1.8269644255986612	1.3257046342671377	3	3.7140725686377287	0.319179600886918
0.4502923976608187	1.8879099207016887	1.3897942610456784	2	3.7279965794081855	0.3568181818181818
0.5730994152046783	1.7647302738865989	1.298154210123031	3	3.635983899214308	0.3222612649855311
0.47368421052631576	1.7945586931335955	1.378336176242604	2	3.6465790799025153	0.3614406779661017
0.3216374269005848	1.4683869868557942	1.2510068625410236	2	3.0410312762974026	0.29695121951219505
0.19298245614035087	1.2317005383189819	1.0	1	2.4246829944593324	0.35
0.6023391812865497	2.345464427018864	1.2039310061167814	4	4.151734614422195	0.36464219620365146
0.4853801169590643	2.5589280908942835	1.0716257369797024	3	4.11593394483305	0.40488878193007183
0.543859649122807	2.341480286709082	1.3395404464473348	3	4.224880382279224	0.4438922445650789
0.4152046783625731	2.65968371236732	1.2750321051658895	2	4.349920495895782	0.5438871473354232
0.5730994152046783	2.27924613499702	1.3531941089775559	3	4.205539659179254	0.44697390866369213
0.45614035087719296	2.5663324847992266	1.3871862803857982	2	4.409659116062218	0.548509643483343
0.32748538011695905	2.2401607785214255	1.4072764549614043	2	3.974922613599789	0.48402018502943656
0.18128654970760233	2.7752481216502445	1.0	1	3.9565346713578466	0.7241379310344828
0.4502923976608187	2.2022031954750703	1.051363732062532	3	3.7038593251984206	0.24481028459337428
0.3333333333333333	2.4507680755163026	0.5526588253874198	2	3.336760234237056	0.24526420737786636
0.38596491228070173	2.124596369238501	1.3363127792147111	2	3.8468740607339136	0.3037694013303769
0.2573099415204678	2.5441193030843956	1.0	1	3.801429244604863	0.36363636363636365
0.39766081871345027	2.0312451416704076	1.265119591585465	2	3.694025551969323	0.30839189747829676
0.2807017543859649	2.357416847948209	1.0	1	3.638118602334174	0.3728813559322033
0.14619883040935672	1.7050734353926063	1.0	1	2.851272265801963	0.24390243902439024
best score
2	4.409659116062218	0.548509643483343
0.7241379310344828
1