coverage		internal		external		size		score		f1
0.9731343283582089	1.8331554118945677	1.1415245986293772	8	3.9478143388821536	0.4967920330613831
0.6805970149253732	1.3348637901689984	1.0787670875760358	7	3.0942278926704074	0.43036891387687515
0.7791044776119403	1.9578541819849182	1.197468390432431	7	3.9344270500292895	0.5364901131220357
0.39104477611940297	1.3972970849868123	1.1355014486602255	6	2.9238433097664407	0.46275959206960493
0.9134328358208955	1.8900065973128253	1.09754847973839	7	3.900987912872111	0.4573153089597314
0.6208955223880597	1.3181415695360374	1.008861821878268	6	2.947898913802365	0.3732422158941968
0.7044776119402985	2.0449636933212774	1.1660694793520263	6	3.9155107846136024	0.49705028168021725
0.3164179104477612	1.3897170791908222	1.0769716897296364	5	2.7831066793682195	0.40068569012893673
0.9641791044776119	1.9107300089081072	1.170751292095236	7	4.045660405480955	0.5380004187368188
0.6507462686567164	1.3423188830638662	1.1045859799482785	6	3.0976511316688606	0.46737484396746554
0.7671641791044777	2.069141006849106	1.2485214252701125	6	4.084826611223696	0.591182909753486
0.3582089552238806	1.4187298554242167	1.1905099397624053	5	2.9674487504105027	0.5136448438168593
0.8835820895522388	1.989985491398331	1.1051960140866968	6	3.9787635950372664	0.4813256917783212
0.5701492537313433	1.3237432368832869	0.9953941952718303	5	2.8892866858864603	0.38524005666339767
0.6686567164179105	2.195929785425575	1.1978361134667899	5	4.062422615310275	0.5338097356066223
0.25970149253731345	1.41461304078858	1.091438054905649	4	2.7657525882315426	0.4225438596491228
0.9731343283582089	1.889456683791627	1.1884369670105106	7	4.051027979160347	0.5385653904882313
0.6805970149253732	1.3175000037613058	1.1306879798048035	6	3.1287849984914824	0.4680339776774467
0.7761194029850746	2.0443221275465455	1.2607083202873646	6	4.081149850818985	0.591842043463467
0.3880597014925373	1.3889472002611443	1.2108033647509953	5	2.9878102665046766	0.5144358042688367
0.9134328358208955	1.9651666120957707	1.1504514454268708	6	4.029050893343538	0.49464563823079777
0.6208955223880597	1.2939605817202144	1.0652904247448034	5	2.9801465288530773	0.4012239924063695
0.7014925373134329	2.1661471302625026	1.2468596856808536	5	4.1144993532567895	0.5497936713495941
0.31343283582089554	1.3773847218347395	1.1764991460336074	4	2.8673167036892426	0.4425237793278376
0.9552238805970149	1.9893439256235992	1.2174933904661116	6	4.162061196686725	0.5887782663040664
0.6417910447761194	1.3229733579536087	1.1557136734593045	5	3.1204780761890323	0.5141831460942919
0.7313432835820896	2.1951599064958964	1.3173746161674678	5	4.243877806245454	0.6627528250375165
0.32238805970149254	1.4136506921264824	1.2771245821040307	4	3.0131633339320056	0.5837227214377407
0.8656716417910447	2.100173287954967	1.146832999559089	5	4.1126779293051	0.5309241634673187
0.5522388059701493	1.29491741895032	1.0260091748976468	4	2.873165399818116	0.4232167374959137
0.6149253731343284	2.38515060462818	1.2730086630982662	4	4.273084640860774	0.6089288361749444
0.20597014925373133	1.4064685515130553	1.1733474952442444	3	2.7857861960110313	0.4856140350877193
0.9701492537313433	1.9125125455915202	1.1697634405038129	7	4.052425239826676	0.5306062068147619
0.6776119402985075	1.3443985091945148	1.104765737430976	6	3.1267761869239985	0.45874826339173236
0.7492537313432835	2.0712206329797547	1.2334305396040428	6	4.053904903927081	0.5825563291777529
0.3611940298507463	1.4212254067809948	1.1702177358293357	5	2.9526371724610767	0.5032929471259795
0.9104477611940298	1.9920651175289796	1.1327919485484044	6	4.035304827271414	0.48535992394508354
0.6179104477611941	1.326238788240065	1.0391322215304268	5	2.983281457531686	0.3900811352635123
0.6746268656716418	2.198425336782353	1.2186681750022355	5	4.09172037745623	0.538650814206737
0.2865671641791045	1.417732479984553	1.1300650317414502	4	2.8343646759051078	0.4285952078992662
0.9582089552238806	2.0162424310568086	1.2157373785610217	6	4.190188764841711	0.579492552018352
0.6447761194029851	1.3552515644734595	1.1534106977049927	5	3.153438381581437	0.5030402889514348
0.7343283582089553	2.2274381130157472	1.3130383329489144	5	4.274804804173617	0.6516099678946594
0.3253731343283582	1.453998450276296	1.2704491802453142	4	3.0498207648499682	0.5697941500091692
0.8776119402985074	2.132451494474817	1.1569241420478182	5	4.166987576821143	0.5197813063244616
0.564179104477612	1.3352651771001336	1.043379482551069	4	2.942823764128814	0.4092881660673423
0.6358208955223881	2.4254983627779936	1.286990124977952	4	4.348309383278334	0.5950002647463729
0.22686567164179106	1.4602655623794734	1.2024138926813623	3	2.889545126702627	0.4670426065162907
0.9701492537313433	1.991423551754248	1.213680595310573	6	4.175253400796164	0.5416596222362697
0.6776119402985075	1.3254689093103873	1.1523386052920312	5	3.155419454900926	0.45764077321293595
0.6985074626865672	2.197655457852675	1.2910935832770432	5	4.187256503816285	0.6062104521561605
0.30149253731343284	1.4167701313224554	1.2372297348967154	4	2.9554924035326033	0.5130447553360458
0.9104477611940298	2.102668839311745	1.18458219686033	5	4.197698797366105	0.48957476587695736
0.6179104477611941	1.298036858146293	1.092831378009775	4	3.008778683917262	0.37152999050796187
0.6238805970149254	2.388270043824153	1.3016542583384756	4	4.313804899177554	0.5572420891869926
0.22686567164179106	1.4106278037743527	1.2384524342781142	3	2.8759459096942583	0.4166983724371168
0.9492537313432836	2.1316816155451397	1.2558373534887415	5	4.336772700377164	0.6025339195648797
0.6358208955223881	1.334302828438036	1.1946905243165264	4	3.164814248276951	0.5127289326178649
0.6507462686567164	2.424536014115896	1.370332874265416	4	4.445615157038028	0.6984410312968956
0.2298507462686567	1.45898243083001	1.3420107699841266	3	3.0308439470827935	0.6049636285836542
0.8567164179104477	2.3058027409397335	1.1842200563748302	4	4.3467392152250115	0.5336552043341484
0.5432835820895522	1.3006713999284603	1.0360263751514518	3	2.879981357169464	0.39095564999455157
0.5283582089552239	2.7543156474989403	1.3424402424232584	3	4.625114098877423	0.6385717815665926
0.10746268656716418	1.4708750892616334	1.2243449678232916	2	2.802682743652089	0.46842105263157885
0.9731343283582089	1.793296128737849	1.1132248874032105	7	3.8796553444992687	0.4815467846516057
0.6805970149253732	1.2053126895318986	1.031442802061935	6	2.917352506519207	0.4015122708680502
0.7223880597014926	1.9321348133171383	1.1612172771181593	6	3.81574015013679	0.5253203366540709
0.33432835820895523	1.2543224231858554	1.0706444005582143	5	2.659295181953025	0.4346097560975609
0.9134328358208955	1.8529792978663633	1.0578386487036098	6	3.8242507823908687	0.4329497317980492
0.6208955223880597	1.1593358046449256	0.9354488302209397	5	2.715680157253925	0.3271889046870713
0.6477611940298508	2.0315223531872135	1.1166492930174843	5	3.7959328402345487	0.4757585836302958
0.25970149253731345	1.2091037504906283	0.9746111591963716	4	2.4434164022243134	0.3499799196787148
0.9641791044776119	1.8771566113941922	1.1535971327403332	6	3.9949328486121374	0.5270823598713179
0.6507462686567164	1.1883485808783198	1.068946887431664	5	2.9080417369667004	0.4401480583749937
0.7104477611940299	2.060535129420608	1.230239032000322	5	4.00122192261496	0.5887177373182182
0.30149253731343284	1.2453697207823715	1.1470279427605001	4	2.6938902008563046	0.4911788617886179
0.8835820895522388	1.9655485108796777	1.07001478506086	5	3.9191453854927762	0.4568890757480204
0.5701492537313433	1.126636447606209	0.9131081516689782	4	2.6098938530065303	0.3306728778467909
0.6119402985074627	2.216869633284069	1.1594929763037551	4	3.988302908095287	0.5163849765258216
0.20298507462686566	1.1820939230542407	0.9765747901919813	3	2.3616537878730877	0.3622222222222222
0.9731343283582089	1.8523377320916319	1.1719299050200693	6	3.9974019654699102	0.527741493581299
0.6805970149253732	1.1585659257152474	1.0984591283139804	5	2.937622068954601	0.44093901882697106
0.7164179104477612	2.030752474257535	1.2388786156237281	5	3.9860490003290243	0.5895086977701955
0.3283582089552239	1.208141401828531	1.1647823862373639	4	2.701281997021119	0.4921675623535897
0.9134328358208955	1.9357658557166055	1.1282571731686495	5	3.97745586470615	0.47287301149099237
0.6208955223880597	1.0894081286523685	1.0135339359531468	4	2.723837586993575	0.3506527975255057
0.6417910447761194	2.1796413143302287	1.225130998489741	4	4.046563357596089	0.5363648962045364
0.2537313432835821	1.13245616444912	1.1145611094396584	3	2.5007486171723605	0.3888621151271753
0.9552238805970149	1.9647786319499996	1.2187319108332195	5	4.1387344233802335	0.5858321651789147
0.6417910447761194	1.1256740989441114	1.1474257173201627	4	2.9148908610403934	0.49185173963540874
0.6716417910447762	2.2159072846219714	1.3258422494769457	4	4.213391325143693	0.6775638383144394
0.2626865671641791	1.1808107915047772	1.2821847152661998	3	2.725682073935156	0.5771273712737128
0.8656716417910447	2.097174011445809	1.1328793381890836	4	4.0957249914259375	0.5127780113516922
0.5522388059701493	1.0224997606032276	0.9625001336389719	3	2.537238700212349	0.36311939268461
0.5552238805970149	2.4761440081737076	1.2744623653265654	3	4.3058302540972875	0.610735524256651
0.14626865671641792	1.0536176302737843	1.1078769211102533	2	2.3077632081004555	0.42666666666666664
0.9701492537313433	1.8792362375248406	1.144525781414941	6	3.993911272671125	0.5184557792955846
0.6776119402985075	1.1908441322350982	1.0576839850096107	5	2.9261400575432166	0.42979616168411394
0.6895522388059702	2.063030680777386	1.1960701648551173	5	3.9486530844384733	0.5783658406273385
0.30149253731343284	1.2484891599783443	1.0939867051285515	4	2.6439684024203283	0.4782389909250182
0.9104477611940298	1.9680440622364561	1.0998761481073214	5	3.978367971537807	0.46173015434813514
0.6179104477611941	1.129755886802182	0.9667839643564727	4	2.7144502989198487	0.3367242260969343
0.6149253731343284	2.219989072480042	1.1749921811193311	4	4.009906626733701	0.5224363247759649
0.22686567164179106	1.186253175315538	1.015386948376584	3	2.428505795333913	0.3702906865557467
0.9582089552238806	1.9970568384698506	1.214206113231956	5	4.169471906925687	0.5746893080360576
0.6447761194029851	1.166021857093925	1.1404344581569295	4	2.951232434653839	0.4779231682068372
0.6746268656716418	2.2562550427717847	1.3154621445399768	4	4.246344052983403	0.663635266885868
0.2656716417910448	1.2346078023711953	1.2625279790700072	3	2.762807423232247	0.5585559427022841
0.8776119402985074	2.1375217695956223	1.1465449427642527	4	4.161678652658383	0.4988494399231207
0.564179104477612	1.0762967714696454	0.990934816467056	3	2.6314106924143132	0.34454796411318145
0.5761194029850746	2.529941019040126	1.2961193566071776	3	4.402179778632378	0.5921640956852223
0.16716417910447762	1.1343131465734113	1.1761583159853257	2	2.4776356416632144	0.3988095238095237
0.9701492537313433	1.9672741833067782	1.201480179453811	5	4.138903616491932	0.5292897922975588
0.6776119402985075	1.1287935381400844	1.122579705964541	4	2.9289851844031327	0.42117377353371377
0.6328358208955224	2.219026723817944	1.2628196302494055	4	4.114682174962872	0.6068858722127446
0.23582089552238805	1.1849700437660746	1.16395322536457	3	2.5847441646530327	0.48289008313811943
0.9104477611940298	2.100293450641782	1.1765737692809866	4	4.187314981116798	0.46109126436374037
0.6179104477611941	1.0266590128645248	1.0577027443762286	3	2.7022722050019476	0.29420373003400757
0.5582089552238806	2.4803032604350053	1.293311760319985	3	4.331823975978871	0.5418198616060486
0.16119402985074627	1.0598565086657303	1.1878663517508639	2	2.4089168902673403	0.32329317269076296
0.9492537313432836	2.136559420933525	1.2785187305045194	4	4.364331882781328	0.6022902064736435
0.6358208955223881	1.0750136399201822	1.2277937706754265	3	2.9386283061179967	0.482468986180545
0.5850746268656717	2.5286578874906622	1.3970417258595607	3	4.510774240215895	0.730085117752586
0.16417910447761194	1.1323884492492162	1.3976595599259867	2	2.694227113652815	0.6056910569105691
0.8567164179104477	2.3703468565891126	1.2073623228639285	3	4.4344255973634885	0.5103706818022562
0.5432835820895522	0.8949219028968916	1.0273450737845795	2	2.4655505587710236	0.2846790890269151
0.4626865671641791	3.075388274252612	1.4004764414590642	2	4.9385512828758555	0.6561032863849765
0.041791044776119404	0.8295797845316694	1.0	1	1.8713708293077889	0.33333333333333326
0.9641791044776119	1.976523358660696	1.1162362442753906	7	4.056938707413699	0.539190894927295
0.6716417910447762	1.4190777911085533	1.0355238432477631	6	3.1262434254010927	0.4687637328563544
0.7432835820895523	2.145899914893793	1.176830242735084	6	4.0660137397184295	0.5925717986423749
0.35522388059701493	1.510840545077841	1.093861561330766	5	2.9599259870056223	0.515311510483526
0.9044776119402985	2.066744399443018	1.061630000172854	6	4.03285201155617	0.5002011937863533
0.6119402985074627	1.415853926536911	0.9409335697719703	5	2.9687277948163437	0.4078906590730361
0.6686567164179105	2.288040475079199	1.1394319192151598	5	4.09612911071227	0.5564603380162607
0.28059701492537314	1.5297514028556103	1.012245056771105	4	2.8225934745520886	0.450857112661171
0.9552238805970149	2.090921712970847	1.150127723594097	6	4.196273317161959	0.5943338218596219
0.6417910447761194	1.4448667027703055	1.0635404860594737	5	3.1501982336058987	0.5208498127609587
0.7313432835820896	2.3170532513125934	1.2421305172747767	5	4.29052705216946	0.6694194917041831
0.32238805970149254	1.5660173731473535	1.1665099387965323	4	3.0549153716453783	0.592056054771074
0.8746268656716418	2.2220666327716634	1.0641738491137935	5	4.160867347557099	0.5375908301339855
0.5611940298507463	1.4472840999711911	0.9030361123358088	4	2.9115142421577462	0.431550070829247
0.6328358208955224	2.5375172856490513	1.1782507480483273	4	4.348603854592901	0.6172621695082777
0.22388059701492538	1.6096241262075501	1.0134160415050075	3	2.846920764727483	0.49672514619883046
0.9641791044776119	2.0661028336682867	1.1741071327577788	6	4.2043890709036775	0.5949929555696032
0.6716417910447762	1.415084047607233	1.1015226822677078	5	3.188248520919717	0.521640773212936
0.7402985074626866	2.287270596149521	1.259240056224101	5	4.286809159836309	0.6702104521561606
0.3522388059701492	1.528789054193513	1.198380974483259	4	3.0794088346469213	0.5930447553360458
0.9044776119402985	2.192283977608591	1.1308861925475011	5	4.2276477820963905	0.5535747658769573
0.6119402985074627	1.4100557810173506	1.0175784888298407	4	3.039574568354654	0.45152999050796183
0.6656716417910448	2.500288966695211	1.2580053624441765	4	4.423965970930432	0.6372420891869925
0.27761194029850744	1.5599863676024295	1.1796355451724112	3	3.017233853073348	0.5233650391037836
0.9462686567164179	2.2212967538419854	1.2104697892888503	5	4.378035199847254	0.6665339195648797
0.6328358208955224	1.4463217513090934	1.1333183686581554	4	3.212475940862771	0.592728932617865
0.6955223880597015	2.5365549369869536	1.3405647118926798	4	4.572642036939334	0.7784410312968957
0.2865671641791045	1.6083409946580867	1.3109553479215503	3	3.2058635067587415	0.7116302952503208
0.8567164179104477	2.417821663810791	1.1180477652356162	4	4.392585846956855	0.6136552043341484
0.5432835820895522	1.4500299637565368	0.9321626955559189	3	2.925476241402008	0.49762231666121826
0.5791044776119403	2.903674211327017	1.301784549398996	3	4.784563238337953	0.7452384482332592
0.1701492537313433	1.6949129350037484	1.1878205967991886	2	3.0528827855342806	0.628421052631579
0.9611940298507463	2.0930013391014954	1.1434121026567303	6	4.197607471608972	0.5857072412838888
0.6686567164179105	1.4473622541270839	1.0558111792194593	5	3.171830149764453	0.5104979160700788
0.7134328358208956	2.3195488026693716	1.2114952457116108	5	4.2444768842018785	0.6590675950133034
0.3253731343283582	1.5691368123433262	1.1193580271346482	4	3.0138679738063328	0.5791161839074743
0.9014925373134328	2.224562184128442	1.0975688077422938	5	4.223623529184168	0.5424319087341002
0.608955223880597	1.450403539167164	0.962601250993368	4	3.021960014041129	0.43760141907939043
0.6388059701492538	2.540636724845024	1.199639278833968	4	4.379081973828246	0.6233135177584211
0.2507462686567164	1.6137833784688473	1.0640068516297394	3	2.928536498755303	0.5047936105323549
0.9492537313432836	2.2535749603618362	1.2010076319437077	5	4.403836323648828	0.6553910624220225
0.6358208955223881	1.486669509458907	1.1180998432551235	4	3.2405902482364186	0.5788003611892935
0.6955223880597015	2.576902695136767	1.3219573407159124	4	4.594382423912381	0.7645124598683242
0.2865671641791045	1.6621380055245047	1.2748440792457603	3	3.22354924894937	0.6930588666788924
0.8686567164179104	2.4581694219606045	1.1234861035709867	4	4.450312241949502	0.5997266329055769
0.5552238805970149	1.503826974622955	0.9441428459044053	3	3.003193701124375	0.4790508880897897
0.5970149253731343	2.957471222193435	1.3069870082000103	3	4.86147315576658	0.7266670196618306
0.1880597014925373	1.7756084513033754	1.206738394235469	2	3.170406547031382	0.600563909774436
0.9611940298507463	2.223792305198764	1.1967516534914808	5	4.381737988540991	0.6099915466835237
0.6686567164179105	1.4494411905050666	1.1143616832725982	4	3.2324595901955755	0.52205096651617
0.6626865671641791	2.5396743761829264	1.2834314186352043	4	4.48579236198231	0.7077630651952007
0.2656716417910448	1.612500246919384	1.2045025099600495	3	3.0826743986704783	0.6173930071147278
0.9014925373134328	2.420941103006764	1.1676315222975837	4	4.490065162617781	0.5619684573461966
0.608955223880597	1.4541892160178342	1.0391439582333046	3	3.102288398131736	0.4287066540106158
0.5880597014925373	2.9078334635883145	1.3324125963325446	3	4.828305761413397	0.6763227855826568
0.191044776119403	1.7011518133956944	1.303145983260187	2	3.195342572775284	0.5250475586556753
0.9402985074626866	2.457207073298507	1.2514245819824155	4	4.648930162743609	0.7031673994560996
0.6268656716417911	1.5025438430734914	1.1729311814551002	3	3.3023406961703827	0.6169719101571531
0.6119402985074627	2.9561880906439715	1.3998387587947174	3	4.967967147946152	0.8645880417291941
0.191044776119403	1.77368375397918	1.4040277822031024	2	3.3687563123016853	0.8074454428754814
0.8477611940298507	2.797877059742422	1.1510512850606818	3	4.796689538832954	0.6448736057788644
0.5343283582089552	1.5362172076268557	0.8563890838464846	2	2.926934649682295	0.4864334749918273
0.48955223880597015	3.716683578982576	1.4024993179874194	2	5.608735135775965	0.8578576723498887
0.06865671641791045	2.1121703939915975	1.0	1	3.180827110409508	0.7368421052631579
0.9641791044776119	1.953915519438879	1.0720226647634226	6	3.9901172886799134	0.516713137906027
0.6716417910447762	1.2804592705319444	0.9574735808372015	5	2.909574642413922	0.4242811175999084
0.6865671641791045	2.152645819074232	1.1148221566540892	5	3.9540351399074254	0.5637177373182183
0.29850746268656714	1.3605080828494018	0.9728138094682856	4	2.6318293550042546	0.4599288617886179
0.9044776119402985	2.057659200533302	0.9967856626464062	5	3.9589224751200067	0.46542994513264324
0.6119402985074627	1.2417748096732395	0.8092069399297291	4	2.662922048110431	0.33706912155664914
0.6119402985074627	2.3320079953510997	1.0490191499782227	4	3.992967443836785	0.5113648962045365
0.22388059701492538	1.3356117391436146	0.7919217887772619	3	2.351414124935802	0.35552878179384206
0.9552238805970149	2.086671976766697	1.1194440678839785	5	4.16133992524769	0.5783890988205658
0.6417910447761194	1.2780407799649824	0.996738167251749	4	2.916569991992851	0.47826806366655217
0.6746268656716418	2.3682739656428424	1.2033698469204313	4	4.246270678234915	0.6525638383144395
0.2656716417910448	1.383966366199272	1.0668242865138116	3	2.7164622945041286	0.5437940379403794
0.8746268656716418	2.24954069246668	0.998048516378229	4	4.122216074516551	0.503474178403756
0.5611940298507463	1.2256553352977222	0.7224228663779035	3	2.509272231526372	0.34500782472613467
0.5761194029850746	2.6792995828682025	1.0908153930892956	3	4.346234378942572	0.5774021909233178
0.16716417910447762	1.3583509923155264	0.6456891334803649	2	2.171204304900369	0.3766666666666667
0.9641791044776119	2.0568893216036246	1.1457724227270296	5	4.166840848808266	0.5791800592725431
0.6716417910447762	1.240812461011142	1.043973896094686	4	2.9564281481506045	0.47925676423152397
0.6805970149253732	2.331045646689002	1.2158178136651856	4	4.22746047527956	0.6535525388794112
0.29253731343283584	1.3343286075941514	1.0984304948790258	3	2.725296415906013	0.5451123053603417
0.9044776119402985	2.2123123735128396	1.0931678239302887	4	4.209957809383427	0.5234540980824707
0.6119402985074627	1.1760175766926015	0.919371756357728	3	2.7073296315577924	0.3716477176310877
0.6059701492537314	2.629661824263082	1.218188758872755	3	4.453820732389568	0.6040420838282707
0.21791044776119403	1.2838943544078454	1.0479400554578584	2	2.549744857626898	0.41662650602409634
0.9462686567164179	2.2485783438045823	1.2089935186753846	4	4.403840519196385	0.6646530401923738
0.6328358208955224	1.2243722037482587	1.1172242497000526	3	2.974432274343834	0.5599129737776252
0.6358208955223881	2.6780164513187388	1.3496801914554568	3	4.663517538296584	0.7923073399748082
0.22686567164179106	1.3564262949913313	1.3410176647623602	2	2.9243096313954826	0.6990243902439024
0.8567164179104477	2.519705420417189	1.087192530926868	3	4.463614369254505	0.5935211267605633
0.5432835820895522	1.1189597486390066	0.7522784060220833	2	2.4145217367506424	0.40084507042253525
0.5194029850746269	3.2994261199947266	1.3150337334103792	2	5.1338628384797325	0.7494366197183099
0.11044776119402985	1.2776554760158993	1.0	1	2.388103237209929	0.52
0.9611940298507463	2.089167528123475	1.0978380978318294	5	4.14819965580605	0.568037202129686
0.6686567164179105	1.2811602191609555	0.9646350914415586	4	2.9144520270204244	0.46532819280295246
0.6537313432835821	2.371393404838815	1.133090163238322	4	4.158214911360719	0.6396239674508398
0.2656716417910448	1.3881256184605693	0.9340786677030436	3	2.5878759279546575	0.526540876788913
0.9014925373134328	2.252660131662653	1.0344858830155632	4	4.188638551991649	0.5095255266538993
0.608955223880597	1.2298145875590196	0.8031113482060223	3	2.6418811596456386	0.35307628905965915
0.5791044776119403	2.6834588351294997	1.0951506591735773	3	4.357713971915017	0.5854706552568423
0.191044776119403	1.3645898707074724	0.6821361773935622	2	2.2377708242204375	0.38876936316695343
0.9492537313432836	2.288926101954396	1.1900702901941	4	4.42825012349178	0.6507244687638023
0.6358208955223881	1.2781692146146768	1.0804812664152286	3	2.9944713765522932	0.5413415452061965
0.6358208955223881	2.7318134621851566	1.306159516623161	3	4.6737938743307055	0.7737359114033796
0.22686567164179106	1.4371218112909583	1.2137660612987093	2	2.877753544231459	0.6711672473867596
0.8686567164179104	2.573502431283607	1.0917632751188489	3	4.533922422820366	0.5749496981891349
0.5552238805970149	1.1996552649386336	0.7693010596312625	2	2.524180205166911	0.37298792756539234
0.5373134328358209	3.380121636294354	1.3117233123771428	2	5.229158381507317	0.721579476861167
0.12835820895522387	1.4390465086151534	1.0	1	2.567404717570377	0.4642857142857142
0.9611940298507463	2.2516977830005556	1.1669090612696023	4	4.379800874120904	0.5939750740906788
0.6686567164179105	1.2285314560095562	1.0408690834419385	3	2.9380572558694054	0.465675685642032
0.5970149253731343	2.682175703580036	1.1969718094535056	3	4.476162438406676	0.698070051839215
0.2	1.3626651733832773	0.9063337644168592	2	2.4689989378001362	0.5576684580405127
0.9014925373134328	2.5238646726784864	1.1479182495638036	3	4.573275459555722	0.5246054641099609
0.608955223880597	1.1251986270309526	0.9578968075932425	2	2.692050658504792	0.2974715764466316
0.5223880597014925	3.305664998386673	1.291592487750027	2	5.119645545838193	0.6460631257424062
0.1253731343283582	1.2901332327997914	1.0	1	2.41550636712815	0.31325301204819267
0.9402985074626866	2.5722192997341433	1.281877102619162	3	4.794394909815992	0.7128707202564983
0.6268656716417911	1.1977305676144385	1.2583766783157138	2	3.0829729175719436	0.5798694606664376
0.5432835820895522	3.3781969389701585	1.3929891761936308	2	5.314469697253342	0.9284610099622124
0.12238805970149254	1.435197113966763	1.0	1	2.5575851736682553	0.8780487804878049
0.8477611940298507	3.140730392617834	1.1942654533481414	2	5.182757039995826	0.6302816901408451
0.5343283582089552	0.9602640212621139	1.0	1	2.494592379471069	0.2816901408450705
0.4208955223880597	5.321196763973554	1.0	1	6.742092286361614	0.9788732394366197
best score
1	6.742092286361614	0.9788732394366197
0.9788732394366197
1