coverage		internal		external		size		score		f1
0.7142857142857143	2.1962588885289875	1.1483089638076363	3	4.058853566622338	0.6528704939919894
0.3142857142857143	1.8726095560356404	1.2648944163186049	2	3.4517896866399593	0.6428571428571428
0.6190476190476191	2.590274803948703	1.0749110640093031	2	4.284233487005626	0.6578771695594126
0.1619047619047619	2.336992054381725	1.0	1	3.4988968162864866	0.6428571428571428
0.6095238095238096	2.125892305602619	1.1051214110950005	2	3.8405375262214294	0.6578771695594126
0.1619047619047619	1.4082270576895561	1.0	1	2.570131819594318	0.6428571428571428
0.5047619047619047	2.843557553515682	1.0	1	4.348319458277587	0.6728971962616822
best score
1	4.348319458277587	0.6728971962616822
0.6728971962616822
1