coverage		internal		external		size		score		f1
0.8658536585365854	3.1337793302789407	1.032401863381324	3	5.032034852196849	0.7048828364617838
0.5609756097560976	2.4053435074151217	0.31016041079223633	2	3.2764795279634558	0.576555023923445
0.6219512195121951	3.629519019947648	1.3991356420423486	2	5.650605881502192	0.8021978021978022
0.3170731707317073	2.668387063888717	1.0	1	3.985460234620424	0.6428571428571429
0.8658536585365854	3.3664754634740524	1.3879095373093866	2	5.620238659320025	0.8755060728744939
0.5609756097560976	2.142299950941526	1.0	1	3.7032755606976235	0.7894736842105263
0.3048780487804878	4.590650976006579	1.0	1	5.895529024787066	0.9615384615384615
best score
1	5.895529024787066	0.9615384615384615
0.9615384615384615
1