coverage		internal		external		size		score		f1
0.95	2.7513663003924904	1.0569286086621823	5	4.758294909054673	0.7526353008052512
0.49375	2.1958593060941585	0.9070669301735204	4	3.5966762362676787	0.7048390698267888
0.95	2.9605863700458346	1.1138849612607518	4	5.024471331306586	0.8248520970210568
0.45	2.2896504008658396	0.9175757958385372	3	3.657226196704377	0.7851960544550419
0.94375	2.911184581483713	1.0994173511751177	4	4.954351932658831	0.7741274593398974
0.48125	2.2237813494496783	0.9347472004381361	3	3.6397785498878146	0.7175632042134961
0.94375	3.243417434718579	1.2969018319784762	3	5.484069266697055	0.8775805738058534
0.4375	2.3784290132849595	1.2947451157309298	2	4.110674129015889	0.8444607483492297
0.95	2.690731284735375	1.042308728465742	4	4.683040013201117	0.7169586753108592
0.49375	1.9298436204518936	0.8416214790160659	3	3.2652150994679596	0.6413381588414453
0.95	2.9494797057207944	1.2286330353345782	3	5.128112741055372	0.8013555284338026
0.45	1.937522419788283	1.1532132977892793	2	3.5407357175775624	0.7301231802911534
0.86875	2.883610654304633	0.8619464550729131	3	4.614307109377546	0.7103308653267597
0.40625	1.8387188426640404	0.19147343131688643	2	2.436442273980927	0.593586185630589
0.86875	3.368172970567392	1.1980638083700537	2	5.434986778937446	0.833612240019125
0.3625	1.7629516635489657	1.0	1	3.1254516635489655	0.7234042553191489
0.91875	2.9984699596033715	1.121965072235779	4	5.03918503183915	0.823776314090146
0.43125	2.3401618536092226	0.9343232454013423	3	3.705735099010565	0.7837616772138275
0.70625	3.359797938878124	1.0124291818914166	3	5.0784771207695405	0.8586680442550261
0.15	2.5529997695242765	0.3047689739954029	2	3.007768743519679	0.8160919540229885
0.9125	3.2939288874619623	1.3040739172109457	3	5.5105028046729085	0.876146196564639
0.4125	2.454196192400034	1.3180230542665923	2	4.184719246666626	0.842309182487408
0.675	3.9836503203033855	1.3978965718344454	2	6.056546892137831	0.9546687330492057
0.09375	2.993906363020953	1.0	1	4.087656363020953	0.9655172413793104
0.91875	2.999991158464178	1.2370339444394107	3	5.155775102903588	0.7999211511925882
0.43125	2.0132895989033575	1.180177707942032	2	3.6247173068453895	0.7279716144293318
0.70625	3.5427437268067092	1.3346219998444013	2	5.583615726651111	0.8403311649911295
0.15	2.1120931760276003	1.0	1	3.2620931760276	0.7368421052631579
0.83125	3.443940149682467	1.1963021255317992	2	5.471492275214266	0.8314606741573034
0.33125	1.914486021779115	1.0	1	3.245736021779115	0.7191011235955056
0.5875	4.973394277585818	1.0	1	6.560894277585819	0.9438202247191011
best score
1	6.560894277585819	0.9438202247191011
0.9655172413793104
1