coverage		internal		external		size		score		f1
0.943609022556391	3.435012305412936	1.0297515503781483	4	5.408372878347476	0.6305251040220745
0.5	2.868470054618791	0.7801758101240779	3	4.1486458647428694	0.5197961838938394
0.9022556390977443	3.5885651108977825	1.2403432252932087	3	5.731163975288736	0.7174124674632226
0.38345864661654133	2.8155281374489896	1.090011066176224	2	4.2889978502417545	0.5947627689914441
0.9060150375939849	4.001529780465574	0.9197544860230963	3	5.827299304082655	0.6797805984662142
0.45112781954887216	3.4349751418006753	0.22923885694876328	2	4.115341818298311	0.5383149654959315
0.8533834586466166	4.515117726219163	1.3230613389272723	2	6.691562523793052	0.8347393908500063
0.31954887218045114	3.8955963946429564	1.0	1	5.2151452668234075	0.7067669172932329
0.943609022556391	3.281484275669596	1.17873268007221	3	5.403825978298197	0.669448245531147
0.49624060150375937	2.3549068846067085	1.0212775072472462	2	3.872424993357714	0.5228164360933305
0.650375939849624	3.435049469025196	1.30795727077613	2	5.39338267965095	0.7227352425482174
0.10526315789473684	1.7354598802550223	1.0	1	2.840723038149759	0.48275862068965525
0.9060150375939849	4.054496473376882	1.2069632621932536	2	6.167474773164121	0.7627930579518928
0.4473684210526316	2.9743538889583943	1.0	1	4.421722310011026	0.5628742514970059
0.5639097744360902	5.134639057795369	1.0	1	6.6985488322314595	0.9627118644067797
best score
1	6.6985488322314595	0.9627118644067797
0.9627118644067797
1