coverage		internal		external		size		score		f1
0.5701754385964912	3.902782235386148	1.1554591575982667	5	5.628416831580906	0.5414044727202622
0.30701754385964913	3.6726377838039808	1.2369951589259545	4	5.216650486589584	0.4872819066898014
0.49122807017543857	4.109625267550377	1.0291525114516453	4	5.6300058491774605	0.43866035280508964
0.21929824561403508	3.87171367616223	1.115909547303067	3	5.206921469079332	0.3322488914594177
0.5657894736842105	3.6861847985673215	1.2020150187284033	4	5.453989290979935	0.6190632832080201
0.2807017543859649	3.307126384184823	1.2555151585077038	3	4.8433432970784915	0.5727861319966583
0.4868421052631579	3.889776362513351	1.070527344424656	3	5.447145812201165	0.5079573934837092
0.19298245614035087	3.4229845229126186	1.0714715920529247	2	4.687438571105894	0.38298872180451127
0.5526315789473685	3.964180693691037	1.1492426722418139	4	5.666054944880219	0.6504398014266435
0.2894736842105263	3.67778757768311	1.2717709964095956	3	5.239032258303232	0.6146214896214897
0.47368421052631576	4.260437556011638	0.9604140234965236	3	5.694535790034478	0.5497927511085405
0.20175438596491227	3.9789763131600493	1.1065332218937411	2	5.287263921018703	0.4457417582417582
0.5482456140350878	3.695850264034231	1.2408927992670582	3	5.484988677336377	0.7903299916457811
0.2631578947368421	3.1320953751939387	1.3296113391587063	2	4.724864609089487	0.8065476190476191
0.4692982456140351	4.00607034268673	1.087632863016202	2	5.563001451316967	0.7093045112781955
0.17543859649122806	3.188780643658645	1.0	1	4.364219240149874	0.6607142857142857
0.4342105263157895	4.081282633318024	1.1598904266435148	4	5.675383586277328	0.5173125120493541
0.14473684210526316	3.833923497185759	1.3047849334834514	3	5.283445272774474	0.437118437118437
0.3508771929824561	4.416573475514287	0.9697591305823346	3	5.7372097990790785	0.3722896986054881
0.05263157894736842	4.213180192414023	1.169723827962535	2	5.435535599323926	0.17948717948717952
0.4298245614035088	3.85198618353688	1.2411247727141959	3	5.5229355176545845	0.6128269391427286
0.11842105263157894	3.3662992544479122	1.36546254431148	2	4.850182851390971	0.5402930402930403
0.34649122807017546	4.2402742219407035	1.0524775782048408	2	5.63924302821572	0.4430499325236168
0.02631578947368421	3.657188402166592	1.0	1	4.683504191640276	0.1282051282051282
0.40789473684210525	4.222647377035167	1.1238928697940778	3	5.75443498367135	0.6470149733307629
0.11842105263157894	3.922291044695343	1.379168428176339	2	5.4198805255032605	0.5915750915750915
0.32456140350877194	4.796266012188134	0.6870759855796279	2	5.807903401276534	0.494331983805668
0.02631578947368421	4.769171982661454	1.0	1	5.795487772135138	0.23076923076923073
0.40350877192982454	3.949385074222024	1.3054341956262665	2	5.658328041778115	0.8551378446115288
0.09210526315789473	3.0754101067292323	1.0	1	4.167515369887127	0.9523809523809523
0.3201754385964912	4.823360041714816	1.0	1	6.143535480311307	0.7578947368421053
best score
1	6.143535480311307	0.7578947368421053
0.9523809523809523
1