coverage		internal		external		size		score		f1
0.8125	3.496362755278434	1.2575439968214635	4	5.566406752099898	0.802940134785692
0.46875	3.2463695502394074	1.1712749314925845	3	4.886394481731992	0.7749346724678793
0.6375	3.6280698640633333	1.3689275584572973	3	5.634497422520631	0.7974495595339585
0.29375	3.318933610897242	1.4081031579533752	2	5.020786768850617	0.7526960784313725
0.65625	3.2309247910205556	1.1105019902935425	3	4.997676781314098	0.7437894607600077
0.3125	2.7232160013330757	0.701870036378063	2	3.7375860377111385	0.6722059302704464
0.48125	3.2957664720689652	1.2968762654700543	2	5.07389273753902	0.7059782608695653
0.1375	2.345190573742415	1.0	1	3.482690573742415	0.525
0.7625	3.8800868157904405	1.3794715070424293	3	6.022058322832869	0.8985438356282346
0.4125	3.696959038487903	1.4038516001463155	2	5.513310638634218	0.9043374925727867
0.51875	4.269509509223792	1.4018032519484618	2	6.190062761172253	0.9336743393009377
0.15625	4.292676648052069	1.0	1	5.448926648052069	0.9803921568627451
0.60625	3.6737918996596264	1.33275966903251	2	5.612801568692136	0.8576196750109794
0.25625	3.101241428923737	1.0	1	4.357491428923737	0.8282828282828283
0.3625	4.246342370395515	1.0	1	5.608842370395515	0.8869565217391304
best score
2	6.190062761172253	0.9336743393009377
0.9803921568627451
1