coverage		internal		external		size		score		f1
0.9883720930232558	3.2277373480685463	0.9548837567999439	5	5.170993197891747	0.6022707906805094
0.5387596899224806	3.158731040812716	0.7934185996047097	4	4.490909330339906	0.5437867867562595
0.8875968992248062	2.8120282341774523	0.8854600140255475	4	4.585085147427806	0.5499240539148489
0.39147286821705424	2.5814501198726476	0.5628033723284299	3	3.5357263604181317	0.4494036890481813
0.9573643410852714	3.351561135792344	1.0357720764572511	4	5.344697553334866	0.6827450304067115
0.41472868217054265	3.3008273220258357	0.8180521388086159	3	4.533608143004994	0.6264983243706648
0.7790697674418605	2.838556913178818	0.9383150473638883	3	4.555941727984567	0.6150886119708534
0.17054263565891473	2.505954081222294	0.2184451029771889	2	2.8949418198583974	0.4968903436988543
0.9844961240310077	3.409841947816496	1.0361958125739357	4	5.430533884421439	0.6890087011165942
0.5310077519379846	3.378535071391372	0.9072598209830945	3	4.816802644312451	0.6399426660296226
0.8837209302325582	2.916264662544354	1.0291770964767415	3	4.829162689253653	0.6481256889077418
0.38372093023255816	2.6225157052705983	0.756111880139077	2	3.762348515642233	0.5464459591041869
0.9457364341085271	3.635641864697543	1.1989409666855693	3	5.78031926549164	0.8252203242302253
0.3992248062015504	3.7015815085003814	1.1292774156158967	2	5.230083730317828	0.8120879120879121
0.7635658914728682	3.008175895229854	1.3035694812376277	2	5.07531126794035	0.7949733434881949
0.1511627906976744	2.5125892133678414	1.0	1	3.6637520040655156	0.7384615384615384
0.9806201550387597	3.4065243817437225	1.0235722813382748	4	5.410716818120758	0.6834977941131499
0.5310077519379846	3.3741116499610073	0.8855590662986986	3	4.79067846819769	0.6325947900250302
0.8798449612403101	2.9118412411139896	1.0115445399331306	3	4.803230742287431	0.6407778129031494
0.38372093023255816	2.6158805731250507	0.7138531338690238	2	3.713454637226633	0.5354241450972983
0.9496124031007752	3.631218443267178	1.1877801529709313	3	5.768610999338884	0.8178724482256329
0.40310077519379844	3.6949463763548334	1.1064338978327621	2	5.2044810493813936	0.8010660980810236
0.7713178294573644	3.0015407630843063	1.2929305578768484	2	5.065789150418519	0.7839515294813064
0.15891472868217055	2.4993189490767462	1.0	1	3.6582336777589166	0.7164179104477613
0.9612403100775194	3.7089261926327146	1.0094053661503377	3	5.679571868860572	0.7203094159294865
0.5038759689922481	3.811508000403138	0.8363901671943099	2	5.151774136589696	0.654721549636804
0.8604651162790697	3.118102387132611	1.0278499280535198	2	5.0064174314652	0.6376069810370868
0.35658914728682173	2.7324421971733552	1.0	1	4.089031344460177	0.423728813559322
0.8488372093023255	4.197168190362394	1.1639760032031834	2	6.209981402867903	0.8685997171145687
0.2868217054263566	4.890573803632921	1.0	1	6.177395509059277	0.8857142857142858
0.6395348837209303	3.5037625770918663	1.0	1	5.143297460812796	0.8514851485148516
best score
2	6.209981402867903	0.8685997171145687
0.8857142857142858
1