coverage		internal		external		size		score		f1
0.9849624060150376	4.555856531436687	1.0288679700682253	6	6.56968690751995	0.22720720212620826
0.8176691729323309	4.305847990259617	1.064072404848389	5	6.187589568040337	0.25655668852846136
0.9041353383458647	4.161466409466455	1.0664139582258936	5	6.132015706038214	0.23963399588452494
0.5075187969924813	3.750358202502561	1.0529021678278323	4	5.310779167322874	0.257300042319086
0.9417293233082706	4.880238142414218	1.0771981360367209	5	6.899165601759209	0.25571742562023303
0.6278195488721805	4.6488228686872635	1.0934409931668088	4	6.370083410726252	0.2995318394965556
0.806390977443609	4.468345892695811	1.1132280484646186	4	6.387964918604038	0.27837847369163504
0.18609022556390978	4.022494777820402	0.9712006055563029	3	5.179785608940614	0.2777072459679316
0.8308270676691729	3.9826511019148834	0.8511258850951686	5	5.6646040546792245	0.16451548805809535
0.6635338345864662	3.5268390680630946	0.8541404391033894	4	5.04451334175295	0.18552941754388363
0.75	3.346362092071643	0.8572976858387996	4	4.953659777910443	0.16437605173896308
0.3533834586466165	2.5265163769881775	0.7343129419830009	3	3.6142127776177952	0.16284479893652382
0.7857142857142857	4.2448267582563455	0.8739277708586313	4	5.904468814829262	0.18448033890859816
0.4718045112781955	3.724469265234448	0.8127035033311927	3	5.008977279843837	0.21915386183981667
0.650375939849624	3.4838332972458446	0.8507869294726174	3	4.984996166568086	0.1909493740999224
0.03007518796992481	2.322800327207749	0.19247360050719395	2	2.5453491156848678	0.13446327683615822
0.9849624060150376	4.982186269174577	1.0591202859332798	5	7.026268961122895	0.27264864255144994
0.8176691729323309	4.776258027137713	1.1643994702963882	4	6.758326670366432	0.32069586066057676
0.9041353383458647	4.59578105114626	1.1587502284027078	4	6.658666617894832	0.2995424948556562
0.5075187969924813	4.192408322421002	1.2644214200364432	3	5.964348539449927	0.3430667230921146
0.9417293233082706	5.494245717330963	1.1585980128843303	4	7.594573053523564	0.3196467820252913
0.6278195488721805	5.3903612106672725	1.3092473803082167	3	7.32742813984767	0.39937578599540746
0.806390977443609	5.149725242678669	1.3297178291914606	3	7.285834049313739	0.3711712982555132
0.18609022556390978	4.821638245356985	1.4108764784406007	2	6.418604949361495	0.40479616306954447
0.8195488721804511	4.372261916706795	0.8299489828303694	4	6.0217597717176155	0.17174605498787354
0.6522556390977443	3.8943828098350473	0.9269223818786306	3	5.473560830811421	0.20217481661218384
0.7387218045112782	3.653746841846445	0.9141332136370749	3	5.306601859994798	0.1739703288722897
0.34210526315789475	2.5776706441086485	0.9890418168124514	2	3.9088177240789945	0.17647058823529416
0.7725563909774437	4.851699730092715	0.9111416932705594	3	6.535397814340719	0.2007760450984698
0.45864661654135336	4.374599976478054	1.1154584296384897	2	5.948705022657896	0.2609341825902335
0.6372180451127819	4.0136460244951495	1.1723977229256364	2	5.823261792533568	0.21862745098039216
0.016917293233082706	2.221392811668262	1.0	1	3.2383101049013447	0.1333333333333333
0.981203007518797	5.022749275390372	1.0552771502699005	5	7.05922943317907	0.26288160472471067
0.8139097744360902	4.826961784907456	1.1554789538475252	4	6.796350513191071	0.3084870633771527
0.900375939849624	4.646484808916004	1.1498916605955085	4	6.696752409361136	0.28733369757223204
0.5037593984962406	4.26001333278066	1.241673703735583	3	6.005446435012484	0.2986222786476702
0.9323308270676691	5.544949475100706	1.1467958548092143	4	7.62407615697759	0.28631344869195796
0.618421052631579	5.45796622102693	1.2806124834715227	3	7.356999757130032	0.35493134155096306
0.7951127819548872	5.217330253038327	1.3012068296380934	3	7.313649864631307	0.3267268538110688
0.17481203007518797	4.923045760896471	1.3102517377211143	2	6.408109528692774	0.3498942022852307
0.8270676691729323	4.422965674476538	0.8403145468446521	4	6.090347890494123	0.19343556278919516
0.6597744360902256	3.961987820194705	0.9426229292207341	3	5.564385185505665	0.23109416034727948
0.7462406015037594	3.721351852206103	0.9299576582625053	3	5.397550111972368	0.20288967260738522
0.34962406015037595	2.6790781596481352	1.0214234086293574	2	4.050125628427868	0.17760053173811896
0.7763157894736842	4.919304740452373	0.9210789573601558	3	6.616699487286213	0.20152934076701978
0.462406015037594	4.476007492017541	1.1301784798478942	2	6.068591986903028	0.2620641260930583
0.6390977443609023	4.115053540034636	1.1874894649850216	2	5.94164074938056	0.21975739448321696
0.018796992481203006	2.4242078427472356	1.0	1	3.4430048352284386	0.13559322033898302
0.981203007518797	5.672384633551156	0.9839047352526032	4	7.637492376322556	0.3286020059058883
0.8139097744360902	5.6278797656275295	1.1570066989622625	3	7.598796239025882	0.41131608450287027
0.900375939849624	5.387243797638926	1.1267284507458528	3	7.414348188234404	0.383111596762976
0.5037593984962406	5.177916077797372	1.3933459648562772	2	7.0750214411498895	0.4479334179715052
0.9323308270676691	6.5851966858851965	1.0842851487670853	3	8.60181266171995	0.3817512649226106
0.618421052631579	6.974845410166777	1.4014072328455596	2	8.994673695643915	0.5323970123264445
0.7951127819548872	6.613891458183872	1.4058792862081444	2	8.814883526346904	0.4900902807166032
0.16917293233082706	7.421883679045708	1.0	1	8.591056611376535	0.6762589928057555
0.8157894736842105	5.089218285052972	0.5675986425352131	3	6.472606401272396	0.2127163436059325
0.6484962406015038	4.73087780891844	0.6762668991849504	2	6.0556409487048946	0.2788446303514276
0.7349624060150376	4.369923856935536	0.580960101173137	2	5.6858463641237105	0.23653789874158626
0.3383458646616541	2.933948476549035	1.0	1	4.272294341210689	0.2196078431372549
0.7631578947368421	6.166853189304941	0.4455689272475517	2	7.375580011289335	0.2344974009810381
0.4492481203007519	6.527807141287846	1.0	1	7.977055261588598	0.38853503184713367
0.6259398496240601	5.805899237322037	1.0	1	7.431839086946097	0.303921568627451
best score
2	8.994673695643915	0.5323970123264445
0.6762589928057555
1