coverage		internal		external		size		score		f1
0.2222222222222222	3.4208329931448707	1.2523549718020497	3	4.8954101871691424	0.4127304147465437
0.15789473684210525	2.638055655694451	1.392208223174304	2	4.188158615710861	0.4405241935483871
0.11695906432748537	4.0894941735515795	0.9858020295843483	2	5.192255267463413	0.2753456221198156
0.05263157894736842	3.1926006790574495	1.0	1	4.245232258004818	0.19354838709677413
0.1695906432748538	3.5349491501885812	1.3790546626474973	2	5.083594456110932	0.5223214285714286
0.10526315789473684	2.0835106323314534	1.0	1	3.18877379022619	0.6875000000000001
0.06432748538011696	4.986387668045709	1.0	1	6.050715153425826	0.3571428571428572
best score
1	6.050715153425826	0.3571428571428572
0.6875000000000001
1