coverage		internal		external		size		score		f1
0.9367088607594937	2.480483180742529	1.0979741226681066	9	4.515166164170129	0.43212818644859485
0.7689873417721519	2.5458368738193804	1.0791058505133315	8	4.393930066104864	0.3821281864485948
0.8670886075949367	2.4937652758509374	1.0896950022574285	8	4.450548885703303	0.4307785516438949
0.6740506329113924	2.570352652954255	1.054566860405426	7	4.298970146271073	0.3795647411781513
0.8386075949367089	2.447020876360466	1.101918643841665	8	4.38754711513884	0.39657579870803894
0.6139240506329114	2.516930482108002	1.0633869472743713	7	4.194241480015284	0.3465757987080389
0.7373417721518988	2.457420084429781	1.0787073232190902	7	4.27346917980077	0.395226163903339
0.44936708860759494	2.5407144924801255	1.0051204173187052	6	3.9952019984064258	0.3295545221122942
0.8955696202531646	2.5211243254233144	1.0691412307594317	8	4.485835176435911	0.43212818644859485
0.7025316455696202	2.601620138179829	1.0286636628126904	7	4.33281544656214	0.3821281864485948
0.819620253164557	2.5421097405016084	1.0486694478599905	7	4.410399441526156	0.4307785516438949
0.5981012658227848	2.6395190912305906	0.9756392979897803	6	4.213259655043156	0.3651069098528501
0.75	2.488687569655355	1.0509696132121316	7	4.2896571828674865	0.38758715765017016
0.47151898734177217	2.577193225243295	0.9683901868087269	6	4.017102399393794	0.32191551585912537
0.6360759493670886	2.5077644279520377	0.9980803956085721	6	4.141920772927699	0.3190659972448968
0.2879746835443038	2.6177865863169023	0.8373245465789221	5	3.7430858164401286	0.253394355453852
0.9367088607594937	2.442804157052082	1.1321024812484184	8	4.511615499059994	0.42064446500154173
0.7689873417721519	2.5121113743269916	1.1285222743828218	7	4.409620990481965	0.3706444650015418
0.8417721518987342	2.4526009766487706	1.1371340400299954	7	4.4315071685775	0.4192948301968419
0.6455696202531646	2.535092200068947	1.1217641156465297	6	4.302425935968641	0.3680810197310983
0.8322784810126582	2.3991788058025176	1.154597262849814	7	4.38605454966499	0.3850920772609858
0.6075949367088608	2.4727663340816513	1.1357432849202247	6	4.216104555710737	0.3350920772609858
0.7056962025316456	2.403337536790394	1.1494818665598932	6	4.258515605881932	0.38374244245628586
0.41455696202531644	2.4924743169229298	1.0978383359340165	5	4.004869614882263	0.31807080066524107
0.879746835443038	2.4838684618743447	1.113958540228163	7	4.477573837545545	0.42064446500154173
0.6867088607594937	2.5715709328321164	1.0914209794237286	6	4.349700773015339	0.3706444650015418
0.7784810126582279	2.502142135540859	1.1117191338070103	6	4.392342282006098	0.4192948301968419
0.5537974683544303	2.6110398354234876	1.0600520960654152	5	4.224889399843333	0.3536231884057971
0.7215189873417721	2.4398162695535635	1.1165704129571796	6	4.277905669852515	0.37610343620311704
0.4430379746835443	2.5362487962387332	1.0516250007795929	5	4.03091177170187	0.31043179441207225
0.5822784810126582	2.4529342394892244	1.084595396954953	5	4.119808117456836	0.2967293044490774
0.2310126582278481	2.5767543903296017	0.9266993983287105	4	3.7344664468861604	0.2888220783225408
0.9367088607594937	2.342607208816209	1.1252893068968064	8	4.404605376472509	0.40698984652764625
0.7689873417721519	2.3976005763431365	1.1209744594255961	7	4.287562377540885	0.3569898465276462
0.8670886075949367	2.338090178664916	1.1320983717422326	7	4.3372771580020855	0.4056402117229463
0.6740506329113924	2.4014962690877826	1.116865164559888	6	4.192412066559063	0.3544264012572027
0.8386075949367089	2.2846680078186625	1.1479887880775126	7	4.271264390832884	0.3714374587870902
0.6139240506329114	2.339170403100487	1.1286424047552293	6	4.081736858488628	0.3214374587870903
0.7373417721518988	2.2697416058092297	1.1458979917321455	6	4.152981369693274	0.3700878239823904
0.44936708860759494	2.332159199745533	1.0956890004667355	5	3.8772152888198637	0.3044161821913456
0.8955696202531646	2.3693576638904896	1.109403266322063	7	4.374330550465717	0.40698984652764625
0.7025316455696202	2.4379750018509525	1.0871945804714152	6	4.227701227891988	0.3569898465276462
0.819620253164557	2.368546204559695	1.1110097401919448	6	4.299176197916196	0.4056402117229463
0.5981012658227848	2.4507247182460907	1.0622144824171575	5	4.111040466486033	0.3399685699319015
0.75	2.3062203385723996	1.1136590902637598	6	4.169879428836159	0.36244881772922155
0.47151898734177217	2.3759336790613363	1.0504844935138036	5	3.897937159916912	0.29677717593817676
0.6360759493670886	2.2926191223118275	1.088730397695036	5	4.017425469373952	0.2830746859751818
0.2879746835443038	2.3763604938578555	0.9389685275194165	4	3.6033037049215757	0.27175380523017134
0.9208860759493671	2.2798489000376523	1.1383408705893114	7	4.339075846576331	0.38156400523142686
0.7531645569620253	2.3335481106893083	1.149981615064305	6	4.236694282715638	0.3315640052314268
0.8259493670886076	2.264119313398051	1.1578451476246576	6	4.247913828111316	0.3802143704267269
0.629746835443038	2.3254124488521186	1.1658791764943395	5	4.121038460789496	0.3290005599609833
0.8164556962025317	2.201793447410756	1.1817227781512214	6	4.199971921764509	0.34601161749087095
0.5917721518987342	2.250621409667364	1.1859916082731088	5	4.028385169839207	0.2960116174908709
0.689873417721519	2.167306852917855	1.2003100717140758	5	4.05749034235345	0.344661982686171
0.3987341772151899	2.21972015711539	1.1806206224313367	4	3.799074956761917	0.34873792611890775
0.8639240506329114	2.300598046161221	1.1319933404434488	6	4.296515437237582	0.38156400523142686
0.6708860759493671	2.3691869281679216	1.1302553109721738	5	4.170328315089463	0.3315640052314268
0.7626582278481012	2.285872371418413	1.1544131335285606	5	4.202943732795075	0.3802143704267269
0.5379746835443038	2.3679270552410876	1.1355554908900174	4	4.041457229675409	0.3931784107946027
0.7056962025316456	2.2110813322336584	1.1608337301220408	5	4.077611264887345	0.33702297643300216
0.4272151898734177	2.274438256260144	1.1200831285273571	4	3.8217365746609193	0.3391891683024467
0.5664556962025317	2.1702950603232583	1.1645514404553985	4	3.901302196981188	0.32206105584870315
0.21518987341772153	2.241175535055106	1.0153395732202064	3	3.471704981693034	0.31996200481319625
0.9177215189873418	2.4726087100825205	1.0884605615649552	8	4.478790790634817	0.43212818644859485
0.75	2.5461737206474924	1.069994186309043	7	4.366167906956536	0.3821281864485948
0.8481012658227848	2.486663322969272	1.0774097293745795	7	4.412174318166636	0.4307785516438949
0.6550632911392406	2.5748316041095314	1.0376756741681215	6	4.267570569416893	0.3795647411781513
0.8164556962025317	2.4332411521230184	1.0962712546624125	7	4.345968102987962	0.39657579870803894
0.5917721518987342	2.5125057381222358	1.0536124668970366	6	4.157890356918006	0.3465757987080389
0.7151898734177216	2.4430769408309785	1.0656763369224131	6	4.223943151171113	0.395226163903339
0.4272151898734177	2.5401616017716315	0.971418431636559	5	3.938795223281608	0.3295545221122942
0.8765822784810127	2.5179308081948455	1.058106036085589	7	4.452619122761448	0.43212818644859485
0.6835443037974683	2.6113103368727013	1.0127530670632994	6	4.307607707733469	0.3821281864485948
0.7943037974683544	2.5418815395814436	1.0313765098322891	6	4.367561846882087	0.4307785516438949
0.5727848101265823	2.6587271202721894	0.9388265502620964	5	4.170338480660868	0.3651069098528501
0.7278481012658228	2.4795556735941484	1.0381854124376781	6	4.245589187297649	0.38758715765017016
0.44936708860759494	2.583936081087435	0.9333358901591036	5	3.966639059854134	0.32191551585912537
0.6075949367088608	2.5006215243379257	0.9637942189130262	5	4.072010679959813	0.3190659972448968
0.25949367088607594	2.6363634963904787	0.7241780851901027	4	3.6200352524666575	0.316742944317315
0.9177215189873418	2.428422044342008	1.1253601534493771	7	4.471503716778727	0.42064446500154173
0.75	2.506883445711057	1.129183219991345	6	4.386066665702402	0.3706444650015418
0.8227848101265823	2.4374546484198	1.1318550356001578	6	4.39209449414654	0.4192948301968419
0.6265822784810127	2.5334148508782173	1.122955921842012	5	4.2829530512012415	0.3680810197310983
0.810126582278481	2.3751287824325047	1.1598922186602956	6	4.345147583371281	0.3850920772609858
0.5854430379746836	2.4586238116934624	1.1493076824211423	5	4.193374532089289	0.3350920772609858
0.6835443037974683	2.3753092549439536	1.1558385704347995	5	4.214692129176221	0.38374244245628586
0.3924050632911392	2.4797231596480134	1.099937975939913	4	3.9720661988790655	0.3975885008315514
0.8607594936708861	2.47393338118297	1.1107512054026	6	4.445444080256456	0.42064446500154173
0.6677215189873418	2.5771893301940203	1.094454021795322	5	4.339364870976684	0.3706444650015418
0.7531645569620253	2.4938747734445115	1.1108242689243994	5	4.357863599330936	0.4192948301968419
0.5284810126582279	2.627930057773711	1.056343905523785	4	4.212754975955724	0.44202898550724634
0.6993670886075949	2.419083734259757	1.1234841943182405	5	4.241935017185593	0.37610343620311704
0.4208860759493671	2.534441258792768	1.05127042449506	4	4.006597759237195	0.38803974301509037
0.5537974683544303	2.4302980628558815	1.082759444044252	4	4.0668549752545635	0.36775664516293216
0.20253164556962025	2.5878462050986037	0.8386286250126522	3	3.6290064756808764	0.38088945723216827
0.9145569620253164	2.3139112463581535	1.1152969542671196	7	4.343765162650589	0.40698984652764625
0.7468354430379747	2.3732875147298933	1.1172457256524109	6	4.237368683420279	0.3569898465276462
0.8449367088607594	2.303858717438636	1.1234345465984716	6	4.272229972897867	0.4056402117229463
0.6518987341772152	2.37309973370082	1.1135516651138229	5	4.138550132991858	0.3544264012572027
0.8132911392405063	2.2415328514513404	1.1492698005802553	6	4.204093791272102	0.3714374587870902
0.5886075949367089	2.2983086945160656	1.1366005320754216	5	4.023516821528196	0.3214374587870903
0.7120253164556962	2.2149941377665567	1.1484069280949512	5	4.075426382317204	0.3700878239823904
0.4240506329113924	2.279329263176267	1.0929293666640663	4	3.796309262751726	0.3805202277391819
0.8734177215189873	2.3403374502018055	1.1030032685352418	6	4.316758440256034	0.40698984652764625
0.680379746835443	2.416874213016624	1.0860585932686249	5	4.183312553120691	0.3569898465276462
0.7911392405063291	2.3335596562671146	1.1077043484035742	5	4.232403245177018	0.4056402117229463
0.569620253164557	2.4275361613019646	1.0565214992796441	4	4.053677913746165	0.4249607124148769
0.7246835443037974	2.25876861708236	1.117061380179884	5	4.100513541566041	0.36244881772922155
0.4462025316455696	2.3340473623210216	1.0459431955550331	4	3.8261930895216247	0.3709714699227209
0.6044303797468354	2.2299041663841352	1.0862247284473452	4	3.920559274578316	0.3506883720705627
0.2563291139240506	2.3206543431362756	0.8563141163999736	3	3.4332975734602997	0.3581317597756756
0.8987341772151899	2.235910559040162	1.1201440112392507	6	4.254788747494603	0.38156400523142686
0.7310126582278481	2.291561943622651	1.1451812902527514	5	4.1677558921032505	0.3315640052314268
0.8037974683544303	2.2082473868731425	1.1428996046474351	5	4.154944459875008	0.3802143704267269
0.6075949367088608	2.2708958245594992	1.1708662312329334	4	4.049356992501293	0.4112506999512292
0.7911392405063291	2.133456347688388	1.184099057105868	5	4.108694645300585	0.34601161749087095
0.5664556962025317	2.177407025578556	1.2133586286451945	4	3.957221350426282	0.37001452186358863
0.6645569620253164	2.07326382964167	1.213761093637064	4	3.9515818853040505	0.43082747835771373
0.37341772151898733	2.111800560812988	1.2227587898731205	3	3.7079770722050958	0.46498390149187696
0.8417721518987342	2.252021866188946	1.1211346981631343	5	4.214928716250815	0.38156400523142686
0.6487341772151899	2.3256139237042532	1.1398477958418434	4	4.114195896761286	0.4144550065392836
0.7341772151898734	2.2214707277673673	1.1566491926927462	4	4.112297135649987	0.4752679630334087
0.509493670886076	2.3094097583139184	1.1713945188535628	3	3.9902979480535574	0.5242378810594703
0.680379746835443	2.1279819287864243	1.1763218647961922	4	3.9846835404180596	0.4212787205412527
0.40189873417721517	2.184758026339327	1.1583931496902002	3	3.7450499102067427	0.4522522244032623
0.5348101265822784	2.0459004317568126	1.2004064920601325	3	3.7811170503992235	0.4105022115807767
0.18354430379746836	2.0900238295713613	0.9650163434583391	2	3.2385844768271688	0.45157421289355315
0.9367088607594937	2.4396171943317335	1.132588343330285	8	4.5089143984215125	0.43212818644859485
0.7689873417721519	2.5084691312180216	1.1300030279282942	7	4.407459500918468	0.3821281864485948
0.8670886075949367	2.448958733539801	1.1408172497438447	7	4.456864590878582	0.4307785516438949
0.6740506329113924	2.5308429164418156	1.128086721656763	6	4.332980271009971	0.3795647411781513
0.8354430379746836	2.3955365626935476	1.156835198314235	7	4.3878147989824665	0.39657579870803894
0.6107594936708861	2.46851705045452	1.1400425069812583	6	4.219319051106664	0.3465757987080389
0.7341772151898734	2.3990882531632627	1.1568645272566545	6	4.2901299956097905	0.395226163903339
0.4462025316455696	2.487375176570372	1.1106614955954253	5	4.044239203811367	0.3295545221122942
0.8955696202531646	2.4802262187653747	1.1180835783857421	7	4.4938794174042815	0.43212818644859485
0.7025316455696202	2.567321649204985	1.0983621452551837	6	4.368215440029789	0.3821281864485948
0.819620253164557	2.497892851913728	1.1217437382741933	6	4.439256843352478	0.4307785516438949
0.5981012658227848	2.60594069507093	1.0768381713824566	5	4.280880132276172	0.3651069098528501
0.7468354430379747	2.435566985926432	1.1245716334751628	6	4.306974062439569	0.38758715765017016
0.46835443037974683	2.5311496558861757	1.0653760001728345	5	4.064880086438757	0.32191551585912537
0.6329113924050633	2.447835099136667	1.1029715543017864	5	4.183718045843516	0.30821302589613053
0.2848101265822785	2.570380464888905	0.9602416082672108	4	3.815432199738394	0.30317673013135715
0.9367088607594937	2.3907174549125374	1.1561969089449549	7	4.483623224616986	0.40670234515237547
0.7689873417721519	2.4628947580433413	1.1739951966568236	6	4.405877296472317	0.35670234515237553
0.8417721518987342	2.393465960752084	1.181425162515656	6	4.416663275166474	0.4053527103476756
0.6455696202531646	2.480628425676958	1.1997718906727637	5	4.3259699366028865	0.35413889988193203
0.8291139240506329	2.331140094764789	1.2054813381713743	6	4.3657353569867965	0.37114995741181955
0.6044303797468354	2.405837386492203	1.2201521401452646	5	4.230419906384303	0.3211499574118195
0.7025316455696202	2.3225228297426943	1.2338202535339513	5	4.258874728846266	0.3698003226071196
0.41139240506329117	2.4137401281464395	1.2340087452010065	4	4.059141278410737	0.38016085102009356
0.879746835443038	2.4299446935152536	1.1555193630213414	6	4.465210891979632	0.40670234515237547
0.6867088607594937	2.524402904992761	1.1640670366809387	5	4.375178802433194	0.35670234515237553
0.7784810126582279	2.4410883482432526	1.1875745091850451	5	4.407143870086526	0.4053527103476756
0.5537974683544303	2.561947026272137	1.1883622700540353	4	4.304106764680602	0.4246013356957885
0.7183544303797469	2.366297309058498	1.1942629234722575	5	4.278914662910502	0.36216131635395077
0.439873417721519	2.468458227291194	1.1733362705142616	4	4.081667915526975	0.37061209320363253
0.5791139240506329	2.3643150313543075	1.2167206656885023	4	4.160149621093443	0.35348398074988896
0.22784810126582278	2.4998688297631717	1.1147536631595012	3	3.8424705941884953	0.36185923801477726
0.9367088607594937	2.2762066569286827	1.1443417591608283	7	4.357257276849005	0.38285123563197465
0.7689873417721519	2.329298827062177	1.159548971475273	6	4.257835140309602	0.3328512356319746
0.8670886075949367	2.2598700297709198	1.170495942671353	6	4.2974545800372095	0.3815016008272747
0.6740506329113924	2.320313308499561	1.1866045376806496	5	4.180968479091603	0.3302877903615311
0.8354430379746836	2.1975441637836246	1.1923501892487172	6	4.2253373910070255	0.3472988478914186
0.6107594936708861	2.2455222693148063	1.203681893535619	5	4.059963656521312	0.2972988478914187
0.7341772151898734	2.1622077125652974	1.2226255149301777	5	4.119010442685348	0.3459492130867188
0.4462025316455696	2.2133462316746932	1.2207283088186183	4	3.880277072138881	0.35034696411959243
0.8955696202531646	2.2963487625340897	1.1452626953113665	6	4.33718107809862	0.38285123563197465
0.7025316455696202	2.3640877878153645	1.1519085118903167	5	4.2185279452753015	0.3328512356319746
0.819620253164557	2.2807732310658553	1.1806914924002951	5	4.281084976630707	0.3815016008272747
0.5981012658227848	2.3615531298003907	1.1822680367033527	4	4.1419224323265285	0.3947874487952874
0.7468354430379747	2.205982191881101	1.1840770130699758	5	4.136894647989052	0.33831020683354995
0.46835443037974683	2.2680643308194477	1.1617372144676932	4	3.8981559756668878	0.3407982063031314
0.6329113924050633	2.1639211348825613	1.2139141229850539	4	4.0107466502726785	0.32367009384938783
0.2848101265822785	2.2326769678008436	1.1198955003337396	3	3.637382594716862	0.32210738881410916
0.8164556962025317	2.191921871372446	1.1216063364889697	6	4.129983904063947	0.2849307833808137
0.6487341772151899	2.238775518421392	1.1498355565848342	5	4.0373452522214155	0.23493078338081363
0.7215189873417721	2.155460961671883	1.1546910963545474	5	4.031671045368203	0.2835811485761137
0.5253164556962026	2.2049127930579253	1.1946200148406274	4	3.9248492635947554	0.29045917263796284
0.7025316455696202	2.080669922487129	1.189919037706351	5	3.9731206057631003	0.24937839564025777
0.4778481012658228	2.111423994076982	1.2271598937418398	4	3.816431989084644	0.24922299455032215
0.5759493670886076	2.007280798140096	1.2394577343587578	4	3.8226878995874616	0.31003595104444726
0.2848101265822785	2.0238231854775566	1.282354666174857	3	3.5909879782346925	0.3039285317408552
0.759493670886076	2.1992354409876866	1.125723235925111	5	4.084452347798874	0.2849307833808137
0.5664556962025317	2.2596308922026793	1.1515966562076458	4	3.977683244612857	0.2936634792260171
0.6582278481012658	2.1554876962657934	1.180293428683597	4	3.994008973050656	0.3544764357201422
0.43354430379746833	2.2214323829784863	1.226885585693613	3	3.8818622724695677	0.36318251130844836
0.5917721518987342	2.0619988972848504	1.1900135822759943	4	3.843784631459579	0.3004871932279862
0.31329113924050633	2.0967806510038955	1.1939791795081531	3	3.6040509697525547	0.29119685465224043
0.4525316455696203	1.9579230564213805	1.2597832731281826	3	3.670237975119184	0.24944684182975474
0.10126582278481013	1.9580577665682135	1.167754471237536	2	3.22707806059056	0.20999115826702042
0.9113924050632911	2.424779801233039	1.1226451821895058	7	4.458817388485836	0.43212818644859485
0.7436708860759493	2.502634162083926	1.1265483726383692	6	4.372853420798244	0.3821281864485948
0.8417721518987342	2.4332053647926686	1.1323036268829099	6	4.407281143574313	0.4307785516438949
0.6487341772151899	2.5283157105256597	1.1253779773824064	5	4.302427865123256	0.3795647411781513
0.8069620253164557	2.3708794988053734	1.1583174259938478	6	4.336158950115677	0.39657579870803894
0.5822784810126582	2.453524671340905	1.1486946620377374	5	4.1844978143913005	0.3465757987080389
0.7056962025316456	2.370210114591396	1.1598507080049862	5	4.235757025128027	0.395226163903339
0.4177215189873418	2.4733492342073164	1.1095401529173354	4	4.000610906111993	0.41194315264036774
0.870253164556962	2.4696840975558385	1.111818356506574	6	4.451755618619375	0.43212818644859485
0.6772151898734177	2.572090189841463	1.0978039170675498	5	4.347109296782431	0.3821281864485948
0.7879746835443038	2.488775633091954	1.1187993221502186	5	4.395549638786476	0.4307785516438949
0.5664556962025317	2.621556132333014	1.0725509419272614	4	4.260562770462807	0.4563836373160627
0.7183544303797469	2.4139845939071995	1.1284241716202603	5	4.260763195907207	0.38758715765017016
0.439873417721519	2.528067333352071	1.062419001025537	4	4.030359752099127	0.4023943948239067
0.5981012658227848	2.4239241374151845	1.1016166171640485	4	4.123642020402018	0.3821112969717485
0.25	2.579347637844341	0.8821735333064676	3	3.711521171150809	0.4000289929772567
0.9113924050632911	2.365257206394195	1.1418051160193332	6	4.418454727476819	0.40670234515237547
0.7436708860759493	2.4467779204474907	1.1761956392648014	5	4.366644445788241	0.35670234515237553
0.8164556962025317	2.363463363697982	1.1732636036072044	5	4.3531826635077175	0.4053527103476756
0.620253164556962	2.4649157955905485	1.219010715902426	4	4.3041796760499365	0.442673624852415
0.8006329113924051	2.2886723245132274	1.2147308737593696	5	4.304036109665002	0.37114995741181955
0.5759493670886076	2.371426996609605	1.2619494761375736	4	4.2093258398357865	0.40143744676477444
0.6740506329113924	2.267283800672719	1.2612680243756424	4	4.202602457959754	0.46225040325889954
0.3829113924050633	2.370493855521054	1.312848290823365	3	4.066253538749482	0.5068811346934581
0.8544303797468354	2.4072378430137853	1.1514177086532444	5	4.413085931413866	0.40670234515237547
0.6613924050632911	2.5196338947353025	1.1878572997285708	4	4.368883599527164	0.4458779314404694
0.7468354430379747	2.4154906987984166	1.2035747798256728	4	4.365900921662064	0.5066908879345945
0.5221518987341772	2.568103053021984	1.2603213325925038	3	4.350576284348665	0.5661351142610513
0.689873417721519	2.3220018998174736	1.2236938147520056	4	4.2355691322909985	0.4527016454424385
0.41139240506329117	2.443451321047393	1.2482126890749141	3	4.103056415185598	0.4941494576048434
0.5443037974683544	2.304593726464878	1.2880581979372452	3	4.136955721870478	0.45239944478235783
0.1930379746835443	2.47806377163346	1.2131983795089398	2	3.884300125825944	0.5144200626959248
0.9082278481012658	2.2316612754130305	1.1238373529227377	6	4.263726476437034	0.38285123563197465
0.740506329113924	2.2864628032700933	1.1524704713942475	5	4.179439603778265	0.3328512356319746
0.8386075949367089	2.203148246520585	1.154813943742523	5	4.1965697851998165	0.3815016008272747
0.6455696202531646	2.2645218991188023	1.193638744085191	4	4.103730263457158	0.4128597379519139
0.8037974683544303	2.1283572073358306	1.1929783202771564	5	4.125132995967418	0.3472988478914186
0.5791139240506329	2.171033100137859	1.2310726816244526	4	3.9812197058129444	0.3716235598642733
0.7025316455696202	2.066889904200973	1.2391837432056414	4	4.008605292976235	0.4324365163583984
0.41455696202531644	2.1033019935587256	1.2794346510644983	3	3.79729360664854	0.46712928549278987
0.8670886075949367	2.2469227258363884	1.133976876990055	5	4.247988210421379	0.38285123563197465
0.6740506329113924	2.3192399982635568	1.1641667082471556	4	4.157457339422105	0.41606404453996826
0.7848101265822784	2.2150968023266704	1.188676701687378	4	4.188583630596327	0.47687700103409336
0.5632911392405063	2.300911191059656	1.2412800988970487	3	4.1054824291972105	0.5263832650603832
0.7151898734177216	2.1216080033457274	1.2032909139178245	4	4.040088790681274	0.4228877585419374
0.43670886075949367	2.176259459085065	1.2181618099876874	3	3.831130129832246	0.4543976084041752
0.5949367088607594	2.03740186450255	1.2755923455362586	3	3.9079309188995683	0.4126475955816896
0.2468354430379747	2.0772759786899675	1.2080655900493846	2	3.5321770117773266	0.4547922888949225
0.7753164556962026	2.121610456442416	1.0634344838512515	5	3.96036139598987	0.23938463262387266
0.6075949367088608	2.162599661521091	1.1022820245626712	4	3.872476622792623	0.23521352769766135
0.6772151898734177	2.058456465584205	1.0869129501024506	4	3.822584605560073	0.28813028187398837
0.4810126582278481	2.0920574087363684	1.149124538820904	3	3.7221946057851203	0.293261802833523
0.6550632911392406	1.964967666603262	1.1545978634697693	4	3.774628821212272	0.2547903061041459
0.43037974683544306	1.9674056767617774	1.2321476521852865	3	3.629933075782507	0.23828023205000226
0.5253164556962026	1.8285480821792628	1.209820051932973	3	3.563684589808438	0.319364174042169
0.23417721518987342	1.7639953052050363	1.3448645385206555	2	3.343037058915565	0.31486715658564157
0.7183544303797469	2.1131745647289595	1.0669878565325768	4	3.8985168516412827	0.2992307907798408
0.5253164556962026	2.1650148742627073	1.1197871691799792	3	3.8101184991388894	0.2975342116175955
0.6075949367088608	2.0261572796801928	1.1302574326457318	3	3.7640096490347856	0.37861815360976225
0.3829113924050633	2.0604091014564316	1.2947552732661665	2	3.738075767127661	0.40374812593703147
0.5443037974683544	1.901505547705602	1.1676410953924845	3	3.6134504405664414	0.3066324969535543
0.26582278481012656	1.8734315034945452	1.2498661213956606	2	3.3891204097003325	0.2957696409527195
0.39556962025316456	1.665145111620773	1.306508557797298	2	3.3672232896712355	0.2331446217189912
0.04430379746835443	1.372636587113831	1.0	1	2.4169403845821855	0.13793103448275856
0.9367088607594937	2.618964004946116	1.0634656836006378	8	4.619138549306248	0.43212818644859485
0.7689873417721519	2.713436914777316	1.0367353855684094	7	4.519159642117877	0.3821281864485948
0.8670886075949367	2.6539265170990953	1.0481569956842705	7	4.569172120378303	0.4307785516438949
0.6740506329113924	2.769971997260992	0.9968166314981953	6	4.44083926167058	0.3795647411781513
0.8386075949367089	2.6005043462528428	1.0665927631237526	7	4.505704704313304	0.39657579870803894
0.6139240506329114	2.707646131273697	1.0121573632394192	6	4.3337275451460275	0.3465757987080389
0.7373417721518988	2.6382173339824395	1.0298297271352501	6	4.405388833269589	0.395226163903339
0.44936708860759494	2.7743300735533842	0.9177906937005723	5	4.141487855861552	0.3295545221122942
0.8955696202531646	2.685194002324669	1.0252757011690836	7	4.606039323746917	0.43212818644859485
0.7025316455696202	2.806450730024162	0.9668853826766982	6	4.47586775827048	0.3821281864485948
0.819620253164557	2.7370219327329046	0.9911173193161424	6	4.5477595052136035	0.4307785516438949
0.5981012658227848	2.892895592053942	0.8785799412326343	5	4.369576799109361	0.3651069098528501
0.75	2.674696066745609	0.9973301609338402	6	4.422026227679449	0.38758715765017016
0.47151898734177217	2.8181045528691877	0.8721951896481045	5	4.161818729859064	0.32191551585912537
0.6360759493670886	2.734789996119679	0.9110662592077088	5	4.281932204694476	0.3190659972448968
0.2879746835443038	2.92907408611767	0.6365351135891703	4	3.8535838832511438	0.316742944317315
0.9367088607594937	2.5956852384718325	1.1027097995129105	7	4.635103898744237	0.42064446500154173
0.7689873417721519	2.702023838862518	1.0975675089767978	6	4.568578689611468	0.3706444650015418
0.8417721518987342	2.632595041571261	1.105847818456065	6	4.58021501192606	0.4192948301968419
0.6455696202531646	2.76758332265997	1.0840872728706308	5	4.497240215783766	0.3680810197310983
0.8322784810126582	2.5702691755839653	1.1332889405285114	6	4.535836597125135	0.3850920772609858
0.6075949367088608	2.692792283475215	1.1095449419682244	5	4.4099321621523	0.3350920772609858
0.7056962025316456	2.6094777267257063	1.124488570787563	5	4.439662500044914	0.38374244245628586
0.41455696202531644	2.7724337493752045	1.0479249377691158	4	4.234915649169636	0.3975885008315514
0.879746835443038	2.6690737743344304	1.0797353465418322	6	4.628555956319301	0.42064446500154173
0.6867088607594937	2.811357801975773	1.048072410248929	5	4.546139072984196	0.3706444650015418
0.7784810126582279	2.7280432452262646	1.0728553981836877	5	4.5793796560681805	0.4192948301968419
0.5537974683544303	2.920640647500902	0.9932994155305286	4	4.467737531385861	0.44202898550724634
0.7215189873417721	2.6532522060415102	1.0846212320959923	5	4.459392425479274	0.37610343620311704
0.4430379746835443	2.827151848519959	0.9867357820325756	4	4.256925605236079	0.38803974301509037
0.5822784810126582	2.7230086525830726	1.0322460362579033	4	4.337533169853634	0.3709116305613468
0.2310126582278481	2.9781269914015254	0.7380757319224828	3	3.9472153815518563	0.3850961044300544
0.9367088607594937	2.481174440487977	1.0938699855897873	7	4.5117532868372585	0.40698984652764625
0.7689873417721519	2.568427907881354	1.087342754000652	6	4.424758003654158	0.3569898465276462
0.8670886075949367	2.4989991105900966	1.099140068817167	6	4.465227787002201	0.4056402117229463
0.6740506329113924	2.607268205482573	1.0772521251866245	5	4.35857096358059	0.3544264012572027
0.8386075949367089	2.4366732446028014	1.1243792618112594	6	4.3996601013507695	0.3714374587870902
0.6139240506329114	2.5324771662978183	1.0994069006666864	5	4.2458081175974165	0.3214374587870903
0.7373417721518988	2.4491626095483094	1.119626037491897	5	4.306130419192105	0.3700878239823904
0.44936708860759494	2.5720398529034583	1.0451981769002399	4	4.066605118411293	0.3805202277391819
0.8955696202531646	2.535477843353266	1.0737001490372624	6	4.504747612643693	0.40698984652764625
0.7025316455696202	2.6510426847983766	1.0422460907664146	5	4.395820421134411	0.3569898465276462
0.819620253164557	2.5677281280488673	1.072304586707045	5	4.459652967920469	0.4056402117229463
0.5981012658227848	2.7202467510291557	0.9977588576933586	4	4.316106874545299	0.4249607124148769
0.75	2.492937088864113	1.0807675270018182	5	4.323704615865931	0.36244881772922155
0.47151898734177217	2.6267579520482127	0.9856904014995198	4	4.0839673408895045	0.3709714699227209
0.6360759493670886	2.5226147561113264	1.0399931690679673	4	4.198683874546382	0.3538433574689773
0.2879746835443038	2.710935129439197	0.7643249201237463	3	3.7632347331072467	0.3623384069735618
0.9145569620253164	2.431050952191623	1.1050928651133252	6	4.450700779330265	0.3657425042172281
0.7468354430379747	2.525730415404404	1.122746747808622	5	4.395312606251	0.31574250421722805
0.819620253164557	2.442415858654895	1.128877803008987	5	4.390913914828439	0.36439286941252813
0.6234177215189873	2.5636064142866903	1.1477335230767831	4	4.334757658882461	0.3914738236834807
0.810126582278481	2.367624819470141	1.1691831639858832	5	4.346934565734505	0.33019011647667207
0.5854430379746836	2.470117615305747	1.1887357680198163	4	4.2442964213002465	0.35023764559584014
0.6835443037974683	2.365974419368861	1.2031594676878214	4	4.252678190854151	0.41105060208996536
0.3924050632911392	2.50208134711591	1.2020294604571633	3	4.096515870864212	0.438614733134879
0.8575949367088608	2.4861903379706987	1.0995999339496738	5	4.443385208629233	0.3657425042172281
0.6645569620253164	2.6183245134314443	1.104193483394006	4	4.387074958850767	0.3946781302715351
0.7563291139240507	2.5141813174945584	1.1350161149210447	4	4.405526546339654	0.4554910867656602
0.5316455696202531	2.6996905446168395	1.1286022857926874	3	4.35993840002978	0.49786871270247224
0.6993670886075949	2.4206925185136154	1.1531986345552627	4	4.273258241676473	0.4015018442735042
0.4208860759493671	2.5750388126422488	1.112620611690869	3	4.108545500282485	0.4258830560462643
0.560126582278481	2.4361812180597338	1.1826764234130724	3	4.1789842237512875	0.3841330432237787
0.2088607594936709	2.6754450090257436	0.9132479049647436	2	3.7975536734841584	0.4120204603580562
0.9177215189873418	2.6297475847923333	1.0426009961820142	7	4.5900700999616895	0.43212818644859485
0.75	2.7417632429031027	1.012940777752717	6	4.5047040206558195	0.3821281864485948
0.8481012658227848	2.6723344456118454	1.0195463756176926	6	4.539982087052323	0.4307785516438949
0.6550632911392406	2.8152706075086718	0.9539234987718345	5	4.424257397419747	0.3795647411781513
0.8164556962025317	2.6100085796245502	1.0489451211453589	6	4.475409396972441	0.39657579870803894
0.5917721518987342	2.740479568323917	0.9823176030522577	5	4.314569323274909	0.3465757987080389
0.7151898734177216	2.657165011574408	0.9947491644501586	5	4.367104049442289	0.395226163903339
0.4272151898734177	2.8320428554360815	0.8305065774713788	4	4.089764622780878	0.41194315264036774
0.8765822784810127	2.708813178375015	0.9988544328214387	6	4.584249889677467	0.43212818644859485
0.6835443037974683	2.8590450868244752	0.9260394298271006	5	4.4686288204490445	0.3821281864485948
0.7943037974683544	2.775730530074966	0.9483103503404215	5	4.518344677883742	0.4307785516438949
0.5727848101265823	2.980249753561779	0.784538319389689	4	4.3375728830780504	0.4563836373160627
0.7278481012658228	2.7009394908902116	0.9630126194355558	5	4.39180021159159	0.38758715765017016
0.44936708860759494	2.886760954580836	0.7828687445297854	4	4.118996787718216	0.4023943948239067
0.6075949367088608	2.7826177586439496	0.8241922197193837	4	4.214404915072194	0.39883249655612096
0.25949367088607594	3.0576057994826944	0.31959606604131746	3	3.636695536410088	0.42232392575641997
0.9177215189873418	2.6043862872133716	1.0838902672326574	6	4.605998073433371	0.42064446500154173
0.75	2.7337328174305027	1.0870047643720417	5	4.570737581802544	0.3706444650015418
0.8227848101265823	2.650418260680994	1.0853482441450972	5	4.558551314952673	0.4192948301968419
0.6265822784810127	2.8236094168193135	1.0686207806110035	4	4.5188124759113295	0.46010127466387285
0.810126582278481	2.5756272214962395	1.1318929339223545	5	4.517646737697075	0.3850920772609858
0.5854430379746836	2.73012061783837	1.120021906887972	4	4.435585562701026	0.4188650965762323
0.6835443037974683	2.625977421901484	1.1214663141771277	4	4.43098803987608	0.4796780530703574
0.3924050632911392	2.8487520171594074	1.0255161980505143	3	4.266673278501061	0.5301180011087352
0.8607594936708861	2.6941927399967973	1.06319234056126	5	4.6181445742289435	0.42064446500154173
0.6677215189873418	2.8783275159640676	1.0369506833873532	4	4.582999718338763	0.4633055812519272
0.7531645569620253	2.7741843200271816	1.0547940225355423	4	4.582142899524749	0.5241185377460523
0.5284810126582279	3.046361214660337	0.9550311456364214	3	4.529873372954986	0.5893719806763285
0.6993670886075949	2.6806955210462386	1.0833754235036956	4	4.463438033157529	0.47012929525389635
0.4208860759493671	2.921709482685747	0.9598472342024733	3	4.302442792837587	0.5173863240201204
0.5537974683544303	2.7828518881032314	1.0039444611669783	3	4.34059381762464	0.47563631119763494
0.20253164556962025	3.19545101409099	0.3376711520706774	2	3.7356538117312876	0.5492753623188404
0.9145569620253164	2.4707903562322073	1.0701439743414667	6	4.455491292598991	0.40698984652764625
0.7468354430379747	2.5734177002531053	1.0696118018095957	5	4.389864945100676	0.3569898465276462
0.8449367088607594	2.490103143503597	1.0732307895885234	5	4.40827064195288	0.4056402117229463
0.6518987341772152	2.6232155203475673	1.0538024843072806	4	4.3289167388320635	0.4430330015715034
0.8132911392405063	2.4153121043188426	1.1164725857482494	5	4.345075829307598	0.3714374587870902
0.5886075949367089	2.529726721366624	1.0996987878883633	4	4.218033104191696	0.4017968234838628
0.7120253164556962	2.425583525429738	1.1099357085206392	4	4.247544550406074	0.4626097799779879
0.4240506329113924	2.5815601551970793	1.0132099093186728	3	4.018820697427144	0.5073603036522425
0.8734177215189873	2.5338776228194004	1.052083714206178	5	4.459379058544566	0.40698984652764625
0.680379746835443	2.677933619492322	1.02381376741945	4	4.382127133747215	0.44623730815955776
0.7911392405063291	2.5737904235554354	1.0504496199107598	4	4.415379283972524	0.5070502646536829
0.569620253164557	2.779169352698009	0.9570972629679914	3	4.305886868830557	0.5666142832198358
0.7246835443037974	2.4803016245744924	1.0735261981830269	4	4.278511367061316	0.4530610221615269
0.4462025316455696	2.6545176207234182	0.9509037061422716	3	4.05162385851126	0.4946286265636278
0.6044303797468354	2.5156600261409037	1.0125859597930165	3	4.132676365680756	0.45287861374114236
0.2563291139240506	2.7946632211474975	0.39586041569219693	2	3.446852750763745	0.5151388161341015
0.8924050632911392	2.408565353425428	1.0641149334150644	5	4.365085350131631	0.3572258646796005
0.7246835443037974	2.521293282749856	1.0995517709811158	4	4.345528598034769	0.38251506776732114
0.7974683544303798	2.41715008681297	1.0863085555719825	4	4.300926996815333	0.44078520441271907
0.6012658227848101	2.570315570374722	1.1401870773841465	3	4.3117684705436785	0.502357255107386
0.7848101265822784	2.323661287832027	1.1624558349811218	4	4.270927249395427	0.40209184617380567
0.560126582278481	2.445663838400131	1.2401349228321707	3	4.245925343510782	0.4473756843238653
0.6582278481012658	2.3068062438176162	1.2220590406820306	3	4.187093132600912	0.5284596263160322
0.3670886075949367	2.481382547662567	1.3583954876403668	2	4.206866642897871	0.6285103349964363
0.8354430379746836	2.4718681859577245	1.0658667809523132	4	4.373178004884721	0.4465323308495006
0.6424050632911392	2.643273035901061	1.1098163456436314	3	4.3954944448358315	0.5066296638914585
0.7278481012658228	2.504415441318546	1.1245383272115579	3	4.356801869795927	0.5877136058836254
0.5031645569620253	2.7777963439139617	1.2544119398361824	2	4.535372840712169	0.717391304347826
0.6740506329113924	2.379763709343955	1.1788467220419518	3	4.232661064297299	0.5157279492274174
0.39556962025316456	2.5908187459520753	1.260296984216601	2	4.24668535042184	0.6094128193635141
0.5284810126582279	2.382532354078303	1.32969457492476	2	4.240707941661291	0.5467878001297859
0.17721518987341772	2.8074110720288914	1.0	1	3.984626261902309	0.7652173913043477
0.9082278481012658	2.5920429953628625	1.0917838419748729	7	4.592054685439001	0.43212818644859485
0.740506329113924	2.697774555235387	1.083437280834389	6	4.5217181651836995	0.3821281864485948
0.8386075949367089	2.6283457579441296	1.0948010289493841	6	4.561754381830223	0.4307785516438949
0.6455696202531646	2.7624841823074124	1.0692662572268765	5	4.477320059787454	0.3795647411781513
0.8069620253164557	2.566019891956834	1.120218767072631	6	4.49320068434592	0.39657579870803894
0.5822784810126582	2.6876931431226576	1.09168885040067	5	4.361660474535986	0.3465757987080389
0.7056962025316456	2.604378586373149	1.1112576371736007	5	4.421332426078395	0.395226163903339
0.4177215189873418	2.7660598239345076	1.0287886627729563	4	4.212570005694806	0.41194315264036774
0.8639240506329114	2.664824490707299	1.0693071168563733	6	4.598055658196584	0.43212818644859485
0.6708860759493671	2.806258661623216	1.0341792343370073	5	4.51132397190959	0.3821281864485948
0.7879746835443038	2.722944104873707	1.0635873802253575	5	4.574506168643369	0.4307785516438949
0.5664556962025317	2.914266722060205	0.9807679999604234	4	4.46149041822316	0.4563836373160627
0.7151898734177216	2.6481530656889527	1.0723181382138625	5	4.435661077320537	0.38758715765017016
0.43670886075949367	2.820777923079262	0.9691459065894709	4	4.226632690428227	0.4023943948239067
0.6012658227848101	2.7166347271423756	1.0223647574041181	4	4.340265307331304	0.38526628237016314
0.25316455696202533	2.969628424147263	0.7241437362691348	3	3.946936717378423	0.4042356401751429
0.9082278481012658	2.5603975995456554	1.1135458497411863	6	4.582171297388108	0.3908808441381767
0.740506329113924	2.6809463922292434	1.1339489165923398	5	4.555401637935507	0.34088084413817676
0.8132911392405063	2.5976318354797345	1.1394296217404247	5	4.550352596460666	0.38953120933347685
0.6170886075949367	2.7576263853177396	1.1628577073657234	4	4.5375727002784	0.4228967485846665
0.8006329113924051	2.52284079629498	1.1800028004110525	5	4.503476508098437	0.3553284563976208
0.5759493670886076	2.664137586336796	1.2043063151316427	4	4.444393268557047	0.38166057049702595
0.6740506329113924	2.5599943903999103	1.2176460980458472	4	4.45169112135715	0.44247352699115117
0.3829113924050633	2.7607746418239754	1.226078360646302	3	4.36976439487534	0.4805119663364601
0.8481012658227848	2.641406314795538	1.1100707642114522	5	4.599578344829775	0.3908808441381767
0.6550632911392406	2.8123444844624936	1.1191826869001809	4	4.586590462501915	0.4261010551727209
0.7468354430379747	2.7082012885256077	1.1489214016734186	4	4.6039581332370005	0.486914011666846
0.5221518987341772	2.9583838393249056	1.151488498770523	3	4.632024236829606	0.5397659459040534
0.6867088607594937	2.6147124895446647	1.1675502841305232	4	4.4689716344346815	0.43292476917469
0.40822784810126583	2.8337321073503148	1.1363995503144773	3	4.378359505766058	0.4677802892478454
0.5474683544303798	2.6948745127677998	1.2042875285290797	3	4.44663039572726	0.42603027642535984
0.1962025316455696	3.063484951087842	0.9633081387320274	2	4.222995621465439	0.4748663101604278
0.9082278481012658	2.4268016685644915	1.0972908260073793	6	4.432320342673137	0.36702973461777577
0.740506329113924	2.5206312750518465	1.1127928577659687	5	4.373930461931739	0.31702973461777584
0.8386075949367089	2.4373167183023376	1.1235490709199258	5	4.399473384158973	0.3656800998130759
0.6455696202531646	2.5572324888459934	1.141767583955459	4	4.344569693054617	0.3930828616841654
0.8069620253164557	2.3625256791175833	1.1608193559730222	5	4.330307060407061	0.33147734687721986
0.5822784810126582	2.46374368986505	1.1777113690254926	4	4.2237335399032006	0.3518466835965248
0.7056962025316456	2.359600493928164	1.199843665282817	4	4.265140361742627	0.41265964009065004
0.4177215189873418	2.4935827798616472	1.2012284177013777	3	4.1125327165503665	0.4407601171357919
0.8639240506329114	2.481091197618141	1.0951990415924453	5	4.440214289843498	0.36702973461777577
0.6708860759493671	2.611950587990748	1.0997739438257366	4	4.3826106077658515	0.39628716827221977
0.7879746835443038	2.5078073920538615	1.1383051719420945	4	4.434087247540259	0.4571001247663449
0.5664556962025317	2.691191977362577	1.14101096188901	3	4.398658635454119	0.5000140967033853
0.7151898734177216	2.4143185930729185	1.151429231703313	4	4.280937698193953	0.4031108822741889
0.43670886075949367	2.5665402453879866	1.1149123680411928	3	4.118161474188673	0.4280284400471772
0.6012658227848101	2.4276826508054716	1.200385372942035	3	4.229333846532317	0.38627842722469163
0.25316455696202533	2.6626971581443497	0.9838664397142985	2	3.8997281548206737	0.41523853635942554
0.7816455696202531	2.355778928224169	1.046034608511723	5	4.183459106356144	0.2605926428289873
0.6139240506329114	2.455310251248282	1.0735191935713873	4	4.142753495452581	0.26172354045405477
0.6835443037974683	2.351167055311396	1.0721713537873028	4	4.106882712896168	0.3199936770994527
0.4873417721518987	2.48233819503929	1.1201152686731353	3	4.089795235864324	0.3413018853563642
0.6677215189873418	2.257678256330453	1.1383661146853934	4	4.0637658900031886	0.2813003188605392
0.4430379746835443	2.3576864630646988	1.200158077099062	3	4.000882514847305	0.28632031457284357
0.5379746835443038	2.218828868482184	1.2058729461990192	3	3.962676498225507	0.3674042565650103
0.2468354430379747	2.349416484659419	1.3344449887663796	2	3.9306969164637735	0.3869272803699034
0.7215189873417721	2.4058851544561506	1.0397246559257418	4	4.167128797723665	0.32574080353623414
0.5284810126582279	2.555295660565629	1.0657346904488367	3	4.149511363672694	0.3455742941404366
0.6170886075949367	2.416438065983114	1.1042474232668604	3	4.137774096844911	0.42665823613260356
0.3924050632911392	2.645830280910814	1.2181470125771368	2	4.25638235677909	0.4758082497212932
0.5537974683544303	2.2917863340085236	1.1386507810751572	3	3.984234583438111	0.3546725794763955
0.27531645569620256	2.4588526829489274	1.1643169458912626	2	3.8984860845363927	0.36782976473698126
0.41139240506329117	2.250566291075155	1.305086790349714	2	3.9670454864881606	0.30520474550325305
0.060126582278481014	2.5434789460225957	1.0	1	3.6036055283010766	0.28205128205128216
0.8829113924050633	2.6001370035862403	1.0638860243627677	6	4.546934420354072	0.43212818644859485
0.7151898734177216	2.728633677077945	1.0587475686834733	5	4.50257111917914	0.3821281864485948
0.8132911392405063	2.6453191203284363	1.0617162064101204	5	4.520326465979063	0.4307785516438949
0.620253164556962	2.8172354913786166	1.0321493320798203	4	4.469637988015399	0.4744559264726892
0.7784810126582279	2.570528081143682	1.1052258202635783	5	4.454234914065488	0.39657579870803894
0.5537974683544303	2.723746692397673	1.0784919984837893	4	4.3560361592358925	0.4332197483850486
0.6772151898734177	2.6196034964607873	1.0876450023622646	4	4.38446368869647	0.4940327048791737
0.38924050632911394	2.840253449905145	0.9637041364750106	3	4.193198092709269	0.5492575368538237
0.8386075949367089	2.6890935996442398	1.040488142558116	5	4.5681893371390645	0.43212818644859485
0.6455696202531646	2.871953590523371	1.0020256344092247	4	4.51954884518576	0.47766023306074357
0.7563291139240507	2.7678103945864847	1.0275775701467331	4	4.551717078657268	0.5384731895548687
0.5348101265822784	3.0378626474060746	0.9064288029130259	3	4.479101576901379	0.608511516421417
0.6867088607594937	2.6743215956055417	1.0511005112418872	4	4.412130967606923	0.4844839470627127
0.40822784810126583	2.9132109154314842	0.901127971733079	3	4.222566735265829	0.536525859765209
0.5664556962025317	2.774353320848969	0.9606423918762227	3	4.301451408927723	0.49477584694272336
0.21835443037974683	3.182703163209596	0.22525663036107807	2	3.6263142239504207	0.5779846659364731
0.8829113924050633	2.5637813302502677	1.0717883869801277	5	4.5184811096354585	0.3823642046005491
0.7151898734177216	2.7153132537809053	1.1098786799927651	4	4.540381807191392	0.41393799266850695
0.7879746835443038	2.6111700578440193	1.095551547829831	4	4.494696289218154	0.4722081293139049
0.5917721518987342	2.8290088650827876	1.1537487013729313	3	4.574529718354453	0.5442544883089673
0.7721518987341772	2.5176812588630764	1.1721451900618571	4	4.461978347659111	0.4335147710749915
0.5474683544303798	2.7043571331081964	1.2545892724667282	3	4.506414760005304	0.48927291752544644
0.6455696202531646	2.565499538525682	1.234345556808987	3	4.445414715587833	0.5703568595176132
0.35443037974683544	2.8694224897246654	1.3804819544404991	2	4.604334823912	0.6913561847988079
0.8227848101265823	2.665888156988774	1.074974792427397	4	4.563647759542753	0.4779552557506864
0.629746835443038	2.901966330609126	1.1231080080668858	3	4.65482117411905	0.5485268970930395
0.7151898734177216	2.7631087360266116	1.135662156127211	3	4.613960765571544	0.6296108390852064
0.49050632911392406	3.1658362859760603	1.2730103450024048	2	4.929352960092389	0.7802371541501977
0.6582278481012658	2.638457004052021	1.190863276603378	3	4.487548128756665	0.5576251824289986
0.379746835443038	2.978858688014174	1.281573566320142	2	4.640179089777353	0.6722586691658857
0.5126582278481012	2.7705722961404016	1.3444676565054976	2	4.627698180494001	0.6096336499321575
0.16139240506329114	3.5834909561530885	1.0	1	4.744883361216379	0.890909090909091
0.879746835443038	2.4034662130728703	1.0453500212811897	5	4.328563069797099	0.3585130950801483
0.7120253164556962	2.514919357309159	1.0711921984517685	4	4.298136872216624	0.3841241057680058
0.810126582278481	2.410776161372273	1.0656575796319545	4	4.286560323282709	0.44239424241340375
0.6170886075949367	2.5618170031204595	1.1047156875583128	3	4.283621298273709	0.504502639108299
0.7753164556962026	2.31728736239133	1.1367463991680944	4	4.229350217255627	0.40370088417449035
0.5506329113924051	2.4371652711458682	1.1945466132603386	3	4.1823447957986115	0.44952106832477823
0.6740506329113924	2.2983076765633537	1.1918879242888372	3	4.164246233763583	0.5306050103169451
0.3860759493670886	2.468634696781173	1.2853738246234545	2	4.140084470771716	0.6317284109978056
0.8354430379746836	2.4654942605170276	1.0467622045653402	4	4.3476995030570516	0.4481413688501853
0.6424050632911392	2.6347744686467984	1.0774377549239074	3	4.354617286861845	0.5087750478923714
0.7531645569620253	2.4959168740642834	1.1075769296704727	3	4.356658360696781	0.5898589898845383
0.5316455696202531	2.765048493032568	1.2210194333755946	2	4.517713496028415	0.7206093803491954
0.6835443037974683	2.3712651420896926	1.1517684047548682	3	4.206577850642029	0.5178733332283303
0.4050632911392405	2.578070895070682	1.1965537185180168	2	4.179687904727939	0.6126308953648835
0.5632911392405063	2.3697845031969096	1.3122028887620927	2	4.245278531199508	0.5500058761311553
0.21518987341772153	2.781915370266104	1.0	1	3.9971052436838255	0.7716535433070865
0.740506329113924	2.3088539237745622	0.9063917245887892	4	3.9557519774772754	0.2647480321591512
0.5727848101265823	2.425920686323511	0.9080687380645148	3	3.906774234514608	0.26764102543596235
0.6392405063291139	2.2870630917409964	0.8584497770101951	3	3.7847533750803053	0.33819669767106497
0.4430379746835443	2.451767819547637	0.80775380467589	2	3.7025595989070714	0.37092718700890526
0.620253164556962	2.1624113597664056	1.0087826543683345	3	3.791447178691702	0.29374339664460836
0.39556962025316456	2.2647902215857503	1.1017122966395438	2	3.762072138478459	0.2884548308336241
0.4873417721518987	2.0565038297119784	0.9780870594809645	2	3.5219326613448416	0.4100807438218743
0.1930379746835443	2.155354023296242	1.0	1	3.3483919979797863	0.4918032786885247
0.680379746835443	2.3600205572673354	0.8502657289121123	3	3.890666033014891	0.3529973762122016
0.4873417721518987	2.5612040178371456	0.8147401128781107	2	3.8632859028671547	0.3773358001850139
0.5664556962025317	2.3529176259633733	0.789508466873731	2	3.7088817890396357	0.4989617131732642
0.34177215189873417	2.748181615799032	1.0	1	4.089953767697766	0.6695652173913044
0.5063291139240507	2.1659400280014873	0.9465486069844948	2	3.6188177489100326	0.39098322818895226
0.22784810126582278	2.374226419875259	1.0	1	3.602074521141082	0.45360824742268047
0.35443037974683544	1.957653636127715	1.0	1	3.3120840158745506	0.32835820895522394
best score
2	4.929352960092389	0.7802371541501977
0.890909090909091
1