coverage		internal		external		size		score		f1
0.5858585858585859	1.6938709545842516	1.2758334292250875	4	3.555562969667925	0.6264295545545546
0.40404040404040403	1.4168614928207133	1.2662499829815943	3	3.0871518798427116	0.7078181629905769
0.5050505050505051	1.856921370489845	1.409995186047001	3	3.7719670615873513	0.8105480480480481
0.2828282828282828	1.5229323857973347	1.4104623400837581	2	3.2162230087093757	0.872072072072072
0.41414141414141414	1.6161887234106525	1.2857423440624782	3	3.316072481614545	0.6236111111111111
0.23232323232323232	1.1618334151785457	1.4098464382064442	2	2.804003085708222	0.6563218390804598
0.29292929292929293	1.8219232316822433	1.4106531856324913	2	3.525505710244028	0.8104166666666668
0.0707070707070707	1.1189471234896207	1.0	1	2.1896541941966916	0.9333333333333333
0.5151515151515151	1.8855122316157953	1.1413462038092774	3	3.542009950576588	0.5241282949616284
0.3333333333333333	1.5658186774862597	0.9784411706545806	2	2.8775931814741735	0.5950605778191986
0.43434343434343436	2.2259084939899574	1.408870032424753	2	4.069121960758144	0.7491554054054055
0.21212121212121213	1.9269176481050487	1.0	1	3.1390388602262607	0.8108108108108109
0.3434343434343434	1.8648095233711683	1.0367274083484992	2	3.244971275154011	0.46875
0.16161616161616163	1.2047197068674707	1.0	1	2.366335868483632	0.3793103448275863
0.2222222222222222	2.524899339874866	1.0	1	3.7471215620970884	0.6875000000000001
best score
2	4.069121960758144	0.7491554054054055
0.9333333333333333
1