coverage		internal		external		size		score		f1
0.9026548672566371	2.1108342087032828	1.080192179955502	3	4.093681255915422	0.5070795204653473
0.48672566371681414	1.7499970392984452	1.0790854033468	2	3.3158081063620592	0.39054054054054044
0.6460176991150443	2.1065910661844844	1.2602123056856207	2	4.012821070985149	0.4757575757575758
0.061946902654867256	1.3806735848560105	1.0	1	2.4426204875108777	0.19999999999999996
0.8672566371681416	2.475914520626919	0.9012788308340853	2	4.244449988629146	0.6606192806980209
0.4424778761061947	2.11932049374088	1.0	1	3.5617983698470743	0.581081081081081
0.5929203539823009	2.8325085475129583	1.0	1	4.425428901495259	0.7515151515151516
best score
1	4.425428901495259	0.7515151515151516
0.7515151515151516
1