coverage		internal		external		size		score		f1
0.8645833333333334	2.24668935920468	1.2639912077148234	5	4.375263900252837	0.4819013781146422
0.6458333333333334	2.4406657694470084	1.2151545033492728	4	4.301653606129615	0.44853056879714903
0.6458333333333334	1.7934301739547285	1.222943011144068	4	3.6622065184321295	0.52881552910136
0.3645833333333333	1.900978992527848	1.0566693448525817	3	3.322231670713763	0.49995916700694165
0.8020833333333334	2.406988444837804	1.3584998230251228	4	4.56757160119626	0.5729649579374205
0.5833333333333334	2.7190566870386164	1.3932940627425012	3	4.695684083114451	0.558825072121689
0.5729166666666666	1.8560758930489094	1.3979818525844079	3	3.8269744122999843	0.6384615384615384
0.2916666666666667	2.0487219804556798	1.4041638325759265	2	3.7445524796982728	0.6500000000000001
0.8229166666666666	2.3524010914251994	1.3528412494396944	4	4.52815900753156	0.5539896258691094
0.6041666666666666	2.646273549155143	1.3840344872994021	3	4.634474703121212	0.5335246293639406
0.6041666666666666	1.7832927551654365	1.3954402459625819	3	3.782899667794685	0.6405712431028887
0.3229166666666667	1.93954727363047	1.402711727893722	2	3.6651756681908587	0.6531645569620252
0.5729166666666666	2.6013704496762045	1.3304222772429217	3	4.5047093935857925	0.699437148217636
0.3541666666666667	3.166663815396622	1.4041911041181696	2	4.925021586181458	0.7414634146341463
0.34375	1.8721926244120626	1.4057407028646591	2	3.6216833272767217	0.7076923076923076
0.0625	2.2736015305887554	1.0	1	3.3361015305887554	0.8
0.8020833333333334	2.2399613163586616	1.1705174516159598	4	4.212562101307955	0.41708260499624394
0.5833333333333334	2.4963538490664257	1.026620118502606	3	4.106307300902365	0.35098193486678697
0.5833333333333334	1.6333730550767196	1.0416806011766997	3	3.2583869895867528	0.43842070546848
0.3020833333333333	1.7146677234973942	0.3631324740880964	2	2.379883530918824	0.34993875051041234
0.7395833333333334	2.451450749587487	1.3123010995306605	3	4.503335182451481	0.4972866105832273
0.5208333333333334	2.9417842652635464	1.3715272515334074	2	4.834144850130287	0.43823760818253343
0.5104166666666666	1.6473130742789865	1.384041022312638	2	3.541770763258291	0.5576923076923077
0.22916666666666666	1.8238424303226037	1.0	1	3.0530090969892703	0.5000000000000001
0.7604166666666666	2.378667611704014	1.3014679872538721	3	4.440552265624553	0.49159401096273403
0.5416666666666666	2.8326095584383366	1.3452006298863146	2	4.719476854991318	0.4296987087517934
0.5416666666666666	1.5381383674537772	1.377868307129365	2	3.4576733412498086	0.5608568646543329
0.2604166666666667	1.6054930166721846	1.0	1	2.8659096833388515	0.5063291139240506
0.5104166666666666	2.7652549092199292	1.1813350247459367	2	4.457006600632532	0.6491557223264539
0.2916666666666667	4.059726100204489	1.0	1	5.351392766871156	0.6829268292682926
0.28125	1.4707837182353696	1.0	1	2.75203371823537	0.6153846153846153
best score
1	5.351392766871156	0.6829268292682926
0.8
1