coverage		internal		external		size		score		f1
0.9166666666666666	1.871353450559182	1.2706610536299452	10	4.0586811708557935	0.6635566640931261
0.7990196078431373	1.6931563458917163	1.2634636113657065	9	3.7556395651005596	0.6408491236254859
0.8137254901960784	1.9083212490943804	1.2708314592695584	9	3.9928781985600175	0.6671097437292044
0.6911764705882353	1.7124704811603813	1.2604674986842583	8	3.6641144504328746	0.642007895657619
0.8186274509803921	1.9269418248932983	1.2710135441715407	9	4.016582820045231	0.6860031310436443
0.7009803921568627	1.733418628934164	1.2625496943595522	8	3.6969487154505787	0.6632629563863639
0.7156862745098039	1.9754791450371607	1.2711249089216192	8	3.9622903284685838	0.6928061540030472
0.5931372549019608	1.7612436811044163	1.2583150540635508	7	3.612695990069928	0.6677892433889273
0.7990196078431373	1.9142092819153826	1.2712114333152527	9	3.984440323073773	0.6773204556943023
0.6813725490196079	1.719094518084009	1.2633946280036759	8	3.6638616951072924	0.6534949466183542
0.6862745098039216	1.9611550341870052	1.2681218756404817	8	3.9155514196314085	0.6830381442350375
0.5637254901960784	1.744873268704239	1.2550983493487884	7	3.563697108249106	0.6566258036540589
0.6617647058823529	1.9821031819607884	1.2612972084049916	8	3.9051650962481332	0.7042932049637824
0.5441176470588235	1.7688140090171338	1.248462908388938	7	3.561394564464895	0.6809173016297674
0.5490196078431373	2.0454545988491293	1.2535689282474987	7	3.8480431349397657	0.7146809560488341
0.4264705882352941	1.807175799896256	1.2309707711775077	6	3.464617159309058	0.6891403606733253
0.8333333333333334	1.9254259553767905	1.2856887131726884	9	4.044448001882812	0.6739722678499904
0.7156862745098039	1.7317132757280926	1.2790991096068935	8	3.72649865984479	0.6497282352935034
0.7254901960784313	1.9737737918310894	1.2851951202004392	8	3.98445910810996	0.6792714329101865
0.6029411764705882	1.7592947060117634	1.273983790191704	7	3.6362196726740557	0.6523209907113723
0.7352941176470589	1.994721939604872	1.288833728379442	8	4.018849785631373	0.7005264936389315
0.6176470588235294	1.7832354463246585	1.2812993831178436	7	3.6821818882660313	0.6766124886870808
0.6274509803921569	2.059876036156654	1.2882304202520571	7	3.975557436800868	0.7103761431061474
0.5049019607843137	1.824000810088368	1.274066420652051	6	3.6029691915247324	0.6841180789068575
0.7156862745098039	1.980397828754717	1.289959633838176	8	3.9860437371026967	0.6907584838709218
0.5980392156862745	1.7668650339244807	1.2835879300562434	7	3.6484921796669987	0.6654490489522125
0.5980392156862745	2.0435056237564764	1.2853883446234418	7	3.9269331840661925	0.699212703371279
0.47549019607843135	1.8049019956214944	1.2711897902961118	6	3.5515819819960375	0.6710940658828444
0.5784313725490197	2.0674463640693714	1.280828120335203	7	3.9267058569535944	0.7235042013469876
0.46078431372549017	1.8328328593198717	1.268255237788369	6	3.5618724108337307	0.6994341468545042
0.46078431372549017	2.155580214123867	1.2691000503957275	6	3.885464578245085	0.7388250770100819
0.3382352941176471	1.8916707784353668	1.2401153629359396	5	3.4700214354889534	0.713005186751721
0.7990196078431373	1.6798606900298223	1.262330637052803	9	3.7412109349257623	0.6427225345715586
0.6813725490196079	1.4554523522127534	1.251285814819623	8	3.3881107160519846	0.6145722853552675
0.696078431372549	1.6975128683157499	1.2598826538757384	8	3.6534739535640375	0.6441154829719506
0.5735294117647058	1.4435679362799472	1.2431918582479267	7	3.2602892062925797	0.6121427622105312
0.7009803921568627	1.7184610160895328	1.2610677173256826	8	3.6805091255720783	0.6653705437006956
0.5833333333333334	1.467508676592842	1.2472360582019888	7	3.298078068128164	0.6364342601862397
0.5980392156862745	1.7441492664248377	1.257501533286295	7	3.599690015397407	0.6701979146053063
0.47549019607843135	1.455652912067916	1.235187211318138	6	3.1663303194644854	0.6372434789892094
0.6813725490196079	1.7041369052393776	1.261712792319583	8	3.6472222465785684	0.6556025339326859
0.5637254901960784	1.4511382641926645	1.2488834978539434	7	3.263747252242686	0.6252708204513715
0.5686274509803921	1.7277788540246601	1.2540183503712345	7	3.550424655376287	0.659034474870438
0.44607843137254904	1.4365540976010422	1.2314130307611755	6	3.114045559734767	0.6242194659651965
0.5441176470588235	1.751719594337555	1.2461867331109182	7	3.5420239745072966	0.6833259728461465
0.4264705882352941	1.4644849612994195	1.2238985280925236	6	3.1148540776272373	0.6525595469368564
0.43137254901960786	1.7872323161034143	1.2294115538300123	6	3.4480164189530345	0.6919504770924341
0.3088235294117647	1.4496533008108234	1.186794466714597	5	2.945271296937185	0.6567556668505434
0.7156862745098039	1.7167556628834617	1.277781780248539	8	3.7102237176418047	0.6518358226078349
0.5980392156862745	1.4655597015001889	1.2664299298555235	7	3.330028847041987	0.6209660075086847
0.6078431372549019	1.7422002913321848	1.2733897996484678	7	3.6234332282355544	0.6547296619277512
0.4852941176470588	1.4533791077931542	1.2531026204174625	6	3.1917758458576753	0.6191971841987287
0.6176470588235294	1.7661410316450799	1.2795092162741415	7	3.6632973067427512	0.6790211599034598
0.5	1.4813099714915314	1.2651195651891973	6	3.2464295366807288	0.6475372651703886
0.5098039215686274	1.8040573262955262	1.2731876151126	6	3.5870488629767534	0.6869281953259663
0.3872549019607843	1.4698433130413577	1.2443128996407202	5	3.101411114642862	0.6507289287307821
0.5980392156862745	1.749770619244902	1.2815312850122436	7	3.62934111994342	0.6678577201685915
0.4803921568627451	1.4622111570246579	1.269052736946662	6	3.211656050834065	0.6345132521463757
0.4803921568627451	1.7849585118286528	1.269937915276244	6	3.535288583967642	0.6739041823019531
0.35784313725490197	1.4469247356811095	1.2410917631723692	5	3.0458596361083807	0.6351001131019665
0.46078431372549017	1.81288937552703	1.2653287159478486	6	3.5390024052003684	0.7022442632736132
0.3431372549019608	1.480441772119162	1.2393526064234626	5	3.0629316334445855	0.6691082102679584
0.3431372549019608	1.8677385978839567	1.2381667222377568	5	3.4490425750236744	0.7163773264546516
0.22058823529411764	1.465891399213353	1.1722462301719492	4	2.8587258646794202	0.6784905259928427
0.9166666666666666	1.9032966103109505	1.2739339982351616	9	4.093897275212779	0.6806403021514036
0.7990196078431373	1.7068177625290228	1.2703073258670619	8	3.776144696239222	0.6572297738825932
0.8137254901960784	1.9488782786320193	1.2798785702854298	8	4.042482339113527	0.6867729714992765
0.6911764705882353	1.730842690927112	1.2753236185448187	7	3.697342780060166	0.6608941776703321
0.8186274509803921	1.9698264264058023	1.279461827172957	8	4.067915704559152	0.7080280322280215
0.7009803921568627	1.7547834312400068	1.2772320764156577	7	3.7329958998125274	0.6851856756460406
0.7156862745098039	2.0314240210720027	1.2887967586496345	7	4.0359070542314415	0.7189493300651072
0.5931372549019608	1.7908067924896083	1.286659280611038	6	3.670603328002607	0.6941201303589772
0.7990196078431373	1.955502315555647	1.279923700995378	8	4.034445624394163	0.6982600224600117
0.6813725490196079	1.7384130188398292	1.2786352478389733	7	3.69842081569841	0.6740222359111723
0.6862745098039216	2.0150536086718254	1.2850693075059354	7	3.986397425981682	0.7077858903302389
0.5637254901960784	1.7717079780227347	1.2825431245339813	6	3.6179765927527945	0.6810961173349641
0.6617647058823529	2.03899434898472	1.2751019481623953	7	3.9758610030294683	0.7320773883059474
0.5441176470588235	1.799638841721112	1.2720385829488168	6	3.615795071728752	0.7094361983066242
0.5490196078431373	2.122386196525107	1.2793704986958443	6	3.9507763030640883	0.7488271284622019
0.4264705882352941	1.8518379573168549	1.273221014689682	5	3.551529560241831	0.7250076484942648
0.8333333333333334	1.968121073199731	1.29905738593155	8	4.100511792464614	0.6944933111351608
0.7156862745098039	1.752834456147354	1.3002679425168415	7	3.768788673173999	0.6697174229684857
0.7254901960784313	2.02947504597935	1.3085270194594567	7	4.063492261517238	0.7034810773875522
0.6029411764705882	1.7885329882148466	1.309953481937072	6	3.7014276466225065	0.6760738355684965
0.7352941176470589	2.0534157862922444	1.312510694001907	7	4.10122059794121	0.7277725753632607
0.6176470588235294	1.816463851913224	1.3189803877922937	6	3.7530912985290468	0.7044139165401564
0.6274509803921569	2.139211206717219	1.3288673277252354	6	4.095529514834611	0.7438048466957341
0.5049019607843137	1.8720279695473891	1.3393205992360104	5	3.7162505295677133	0.7189809103745034
0.7156862745098039	2.037045373892067	1.3142884945113702	7	4.0670201429132415	0.7166091356283923
0.5980392156862745	1.7973650374463501	1.3225715840296643	6	3.717975837162289	0.6913899035161433
0.5980392156862745	2.1201123922503453	1.325275652368785	6	4.043427260305405	0.730780833671721
0.47549019607843135	1.8491093921871407	1.3355864994875182	5	3.66018608775309	0.7033520947456877
0.5784313725490197	2.1480432559487226	1.3176764141238768	6	4.044151042621619	0.7591209146433809
0.46078431372549017	1.8826264286251935	1.3293622843638426	5	3.672773026714526	0.7373601919116797
0.46078431372549017	2.269923254389987	1.3309047351924452	5	4.061612303307923	0.7846293080983728
0.3382352941176471	1.9686222198458918	1.3459564695569917	4	3.6528139835205304	0.7638055030474944
0.7892156862745098	1.6918601496843917	1.2670755927170583	8	3.7481514286759596	0.6593373611969249
0.6715686274509803	1.4371076864155374	1.2605835747200098	7	3.3692598885865275	0.6295391944676446
0.6862745098039216	1.7137482762475333	1.2721770896127178	7	3.6721998756641727	0.6633028488867112
0.5637254901960784	1.4201850901943942	1.2632048125697912	6	3.247115392960264	0.6291992356508485
0.6911764705882353	1.737689016560428	1.2728893711830902	7	3.7017548583317534	0.6875943468624196
0.5735294117647058	1.4481159538927715	1.267651768264104	6	3.289297133921581	0.6575393166225083
0.5882352941176471	1.7708633086967664	1.2822069213271758	6	3.6413055241415893	0.696930246778086
0.46568627450980393	1.430010491922846	1.2755418382661508	5	3.1712386046988006	0.6627313904733259
0.6715686274509803	1.7213186041602506	1.2740260644061083	7	3.6669132960173396	0.6764309071275514
0.553921568627451	1.4290171394258977	1.2703454143004513	6	3.2532841223538	0.6445153035984954
0.5588235294117647	1.7517644942298929	1.2777176957697023	6	3.58830571941136	0.6839062337540731
0.4362745098039216	1.4070919145625975	1.2704614132161236	5	3.113827837582643	0.6471025748445103
0.5343137254901961	1.7796953579282702	1.265538507363885	6	3.5795475907823513	0.712246314725733
0.4166666666666667	1.4406089510006503	1.2573672728510847	5	3.114642890518402	0.6811106720105021
0.4215686274509804	1.8279057767654447	1.2659120433748823	5	3.5153864475913075	0.7283797881971953
0.29901960784313725	1.416100372815213	1.2479883975731048	4	2.963108378231455	0.6934936031710225
0.7058823529411765	1.7357400414677753	1.2961447675182942	7	3.737767161927246	0.6721260941848646
0.5882352941176471	1.4458421496180096	1.2958811593256725	6	3.3299586030613293	0.6394930218320276
0.5980392156862745	1.7685895044220048	1.3058084649808377	6	3.672437185089117	0.6788839519876053
0.47549019607843135	1.4272819267931318	1.3044519080350683	5	3.2072240309066316	0.6410758367247489
0.6078431372549019	1.796520368120382	1.3131607240154068	6	3.7175242293906905	0.7072240329592652
0.49019607843137253	1.4607989632311846	1.320654938830609	5	3.2716499804931662	0.6750839338907408
0.5	1.848095788995979	1.333032245633278	5	3.681128034629257	0.722353050077434
0.37745098039215685	1.441337888103381	1.3462793030074998	4	3.1650681715030373	0.6859601805213208
0.5882352941176471	1.7774215536535083	1.3163788507723604	6	3.682035698543516	0.694200019935252
0.47058823529411764	1.4378803858709361	1.3271355422522229	5	3.2356041634172765	0.6594551182619253
0.47058823529411764	1.8251772116357305	1.3287385416641604	5	3.6245039885940082	0.7067242344486183
0.3480392156862745	1.4126896664030704	1.3418788185359416	4	3.1026077006252866	0.6664241609853012
0.45098039215686275	1.8586942480737831	1.3200023563095056	5	3.6296769965401516	0.7407323316146103
0.3333333333333333	1.4545859619506363	1.3359429133509957	4	3.123862208634965	0.7089342824427911
0.3333333333333333	1.938706994156629	1.33442515957076	4	3.6064654870607225	0.7680206776761576
0.2107843137254902	1.4265668613533824	1.3534665693575665	3	2.990817744436439	0.7347193941342478
0.9068627450980392	1.9061285786364595	1.2736030307724475	9	4.086594354506946	0.6806403021514036
0.7892156862745098	1.7100037268952204	1.2697793740925003	8	3.7689987872622304	0.6572297738825932
0.803921568627451	1.9520642429982171	1.2788695876808926	8	4.034855399306561	0.6867729714992765
0.6813725490196079	1.7344837930599095	1.273841745499244	7	3.689698087578761	0.6608941776703321
0.8088235294117647	1.9730123907719999	1.278918057843994	8	4.060753978027758	0.7080280322280215
0.6911764705882353	1.758424533372804	1.2763704877375153	7	3.7259714916985542	0.6851856756460406
0.7058823529411765	2.0350651232048	1.287293795531525	7	4.028241271677501	0.7189493300651072
0.5833333333333334	1.7950547449778718	1.2843639441770167	6	3.662752022488222	0.6941201303589772
0.7892156862745098	1.9586882799218448	1.2791240441889389	8	4.027028010385293	0.6982600224600117
0.6715686274509803	1.7420541209726268	1.2774324758575297	7	3.691055224281137	0.6740222359111723
0.6764705882352942	2.0186947108046227	1.283225161084524	7	3.978390460124441	0.7077858903302389
0.553921568627451	1.7759559305109984	1.2797701314753378	6	3.6096476306137872	0.6810961173349641
0.6519607843137255	2.0426354511175178	1.2738780861084171	7	3.9684743215396603	0.7320773883059474
0.5343137254901961	1.8038867942093753	1.2701339880045788	6	3.60833450770415	0.7094361983066242
0.5392156862745098	2.1266341490133702	1.276567979535652	6	3.942417814823532	0.7488271284622019
0.4166666666666667	1.856935500302771	1.2687304538463915	5	3.542332620815829	0.7250076484942648
0.8235294117647058	1.9713070375659285	1.2985236750409233	8	4.093360124371557	0.6944933111351608
0.7058823529411765	1.756475558280151	1.2994197650898138	7	3.7617776763111417	0.6697174229684857
0.7156862745098039	2.033116148112147	1.3070374675924614	7	4.055839890214413	0.7034810773875522
0.5931372549019608	1.79278094070311	1.3076769212546107	6	3.6935951168596812	0.6760738355684965
0.7254901960784313	2.0570568884250418	1.3116414265023448	7	4.094188511005818	0.7277725753632607
0.6078431372549019	1.8207118044014876	1.3175722252242381	6	3.7461271668806275	0.7044139165401564
0.6176470588235294	2.1434591592054826	1.3265612409412253	6	4.0876674589702375	0.7438048466957341
0.4950980392156863	1.8771255125333053	1.335574686956993	5	3.7077982387059842	0.7189809103745034
0.7058823529411765	2.0406864760248644	1.3130780437085061	7	4.059646872674547	0.7166091356283923
0.5882352941176471	1.8016129899346136	1.3206857648369865	6	3.7105340488892473	0.6913899035161433
0.5882352941176471	2.1243603447386086	1.3224919089601528	6	4.035087547816408	0.730780833671721
0.46568627450980393	1.8542069351730568	1.3311241022715672	5	3.651017311954428	0.7033520947456877
0.5686274509803921	2.1522912084369863	1.3157610688296504	6	4.036679728247029	0.7591209146433809
0.45098039215686275	1.8877239716111096	1.3262024843195006	5	3.6649068480874734	0.7373601919116797
0.45098039215686275	2.2750207973759036	1.3263980488241713	5	4.052399238356938	0.7846293080983728
0.3284313725490196	1.9749941485782874	1.3379673554381988	4	3.6413928765655057	0.7638055030474944
0.7892156862745098	1.6950461140505895	1.268499442193108	8	3.752761242518207	0.6593373611969249
0.6715686274509803	1.4407487885483348	1.2623454777818846	7	3.3746628937811995	0.6295391944676446
0.6862745098039216	1.7173893783803307	1.2732976182346247	7	3.676961506418877	0.6633028488867112
0.5637254901960784	1.4244330426826577	1.2645823645717933	6	3.252740897450529	0.6291992356508485
0.6911764705882353	1.7413301186932255	1.2746301841724303	7	3.7071367734538914	0.6875943468624196
0.5735294117647058	1.452363906381035	1.2698977183805118	6	3.2957910365262526	0.6575393166225083
0.5882352941176471	1.77511126118503	1.283554947227629	6	3.646901502530306	0.696930246778086
0.46568627450980393	1.4351080349087622	1.2772770950138292	5	3.178071404432395	0.6627313904733259
0.6715686274509803	1.724959706293048	1.2754256940921467	7	3.671954027836175	0.6764309071275514
0.553921568627451	1.4332650919141612	1.2721137077922369	6	3.2593003683338493	0.6445153035984954
0.5588235294117647	1.7560124467181562	1.2785880650455332	6	3.593424041175454	0.6839062337540731
0.4362745098039216	1.4121894575485139	1.2714801850268684	5	3.119944152379304	0.6471025748445103
0.5343137254901961	1.7839433104165334	1.2672772747541219	6	3.5855343106608517	0.712246314725733
0.4166666666666667	1.4457064939865665	1.2596886418334385	5	3.1220618024866718	0.6811106720105021
0.4215686274509804	1.8330033197513607	1.2668865260333044	5	3.5214584732356453	0.7283797881971953
0.29901960784313725	1.4224723015476084	1.2491345651654708	4	2.9706264745562168	0.6934936031710225
0.7058823529411765	1.7393811436005728	1.2978989917587485	7	3.7431624883004977	0.6721260941848646
0.5882352941176471	1.450090102106273	1.2981458851936403	6	3.3364712814175608	0.6394930218320276
0.5980392156862745	1.7728374569102685	1.3071752666328507	6	3.6780519392293938	0.6788839519876053
0.47549019607843135	1.4323794697790482	1.3062153284100864	5	3.2140849942675658	0.6410758367247489
0.6078431372549019	1.8007683206086458	1.3153959237818258	6	3.7240073816453734	0.7072240329592652
0.49019607843137253	1.4658965062171008	1.3237209563772359	5	3.2798135410257094	0.6750839338907408
0.5	1.853193331981895	1.334751376855973	5	3.687944708837868	0.722353050077434
0.37745098039215685	1.4477098168357763	1.348666551540321	4	3.173827348768254	0.6859601805213208
0.5882352941176471	1.781669506141772	1.3181363939141575	6	3.688041194173577	0.694200019935252
0.47058823529411764	1.4429779288568523	1.3294850748619162	5	3.2430512390128863	0.6594551182619253
0.47058823529411764	1.8302747546216467	1.3297411879499217	5	3.630604177865686	0.7067242344486183
0.3480392156862745	1.4190615951354657	1.3430719255072072	4	3.1101727363289475	0.6664241609853012
0.45098039215686275	1.8637917910596993	1.3223075997668763	5	3.637079782983438	0.7407323316146103
0.3333333333333333	1.4609578906830316	1.339307015608276	4	3.133598239624641	0.7089342824427911
0.3333333333333333	1.9450789228890246	1.335544451288154	4	3.613956707510512	0.7680206776761576
0.2107843137254902	1.4350627663299094	1.3547492124490141	3	3.0005962925044134	0.7347193941342478
0.8284313725490197	1.9464115243668587	1.2387996857097952	8	4.013642582625674	0.6608816302429097
0.7107843137254902	1.7280235431954998	1.2282163408881037	7	3.6670241978090936	0.6313040733773416
0.7254901960784313	2.0046641330274957	1.240467688490515	7	3.970622017596442	0.6650677277964081
0.6029411764705882	1.75958692310435	1.226279216714264	6	3.588807316289202	0.6312582610454951
0.7303921568627451	2.0286048733403907	1.2396645123450971	7	3.9986615425482332	0.6893592257721166
0.6127450980392157	1.7875177868027272	1.22860453160647	6	3.628867416448413	0.659598342017155
0.6274509803921569	2.1102651416067224	1.2440806504631263	6	3.9817967724620056	0.6989892721727327
0.5049019607843137	1.8372926914147936	1.229553780543412	5	3.5717484327425195	0.6652022209469017
0.7107843137254902	2.012234460940213	1.240215754036175	7	3.963234528701878	0.6781957860372483
0.5931372549019608	1.7684189723358534	1.2304785454981007	6	3.5920347727359148	0.646574328993142
0.5980392156862745	2.091166327139849	1.2387717927609363	6	3.9279773355870597	0.6859652591487195
0.47549019607843135	1.814374114054545	1.2232439072763102	5	3.5131082174092865	0.6495734053180862
0.5735294117647058	2.119097190838226	1.2244709635530122	6	3.917097566155944	0.7143053401203794
0.45588235294117646	1.847891150492598	1.2069673057081107	5	3.5107408091418852	0.683581502484078
0.46078431372549017	2.2351879762573916	1.2168935249222854	5	3.9128658149051674	0.7308506186707712
0.3382352941176471	1.9252031221801473	1.1849597811076673	4	3.448398197405462	0.6965821412629923
0.7450980392156863	2.026655898247738	1.2667753143790648	7	4.038529251842489	0.6738909730945617
0.6274509803921569	1.7852439825279653	1.2622314906463077	6	3.67492645356643	0.641552047226674
0.6372549019607843	2.1079913373319608	1.2730797620950574	6	4.018326001387802	0.6809429773822517
0.5147058823529411	1.8345641262850794	1.266560202279733	5	3.615830210917754	0.6435466671983248
0.6470588235294118	2.135922201030338	1.2783103803275195	6	4.061291404887269	0.7092830583539118
0.5294117647058824	1.8680811627231322	1.2795807718721135	5	3.677073699301128	0.6775547643643167
0.5392156862745098	2.255377988487926	1.2933395273651591	5	4.087933202127594	0.7248238805510099
0.4166666666666667	1.9504406374683152	1.2987936868495262	4	3.6659009909845084	0.6890487186132905
0.6274509803921569	2.1168233865634645	1.2807088749397566	6	4.024983241895378	0.6962590453298987
0.5098039215686274	1.8451625853628837	1.2848319270766524	5	3.6397984340081635	0.661925948735501
0.5098039215686274	2.232459411127677	1.2878163751789666	5	4.030079707875271	0.7091950649221942
0.3872549019607843	1.9217924157680046	1.292344122016177	4	3.6013914397449662	0.6695126990772711
0.49019607843137253	2.26597644756573	1.275897728621152	5	4.0320702546182545	0.743203162088186
0.37254901960784315	1.9636887113155705	1.281104114825964	4	3.617341845749378	0.712022820534761
0.37254901960784315	2.4478097435215633	1.2818887755296895	4	4.102247538659096	0.7711092157681274
0.25	2.1053705271732945	1.2857316298532082	3	3.641102157026503	0.7388374449235409
0.7009803921568627	1.7109291285159214	1.2241430291681734	7	3.6360525498409575	0.6337127445937206
0.5833333333333334	1.4168960845075131	1.2066875237692136	6	3.20691694161006	0.5946774473090262
0.5980392156862745	1.7396434393115083	1.2222040083480932	6	3.5598866633458757	0.6340683774646039
0.47549019607843135	1.392546648660536	1.1964584202865172	5	3.064495265025484	0.5872971472971472
0.6029411764705882	1.7675743030098856	1.2228546764196466	6	3.5933701559001205	0.6624084584362637
0.4852941176470588	1.4260636850985888	1.2026090646375343	5	3.1139668673831817	0.6213052444631392
0.5	1.813360510863383	1.2233701398257748	5	3.536730650689158	0.6685743606498323
0.37745098039215685	1.3979187904376364	1.192531121995937	4	2.96790089282573	0.6187368187368187
0.5833333333333334	1.748475488543012	1.2243556208308604	6	3.556164442707206	0.6493844454122508
0.46568627450980393	1.4031451077383403	1.2065138945405383	5	3.0753452767886826	0.6056764288343236
0.47058823529411764	1.7904419335031345	1.2165006623380474	5	3.4775308311352995	0.6529455450210166
0.3480392156862745	1.3692705687373259	1.1838376816600296	4	2.9011474660836303	0.5992007992007992
0.44607843137254904	1.8239589699411873	1.1977120905388694	5	3.4677494918526057	0.6869536421870086
0.3284313725490196	1.4111668642848918	1.1611477990675438	4	2.900746035901455	0.641710920658289
0.3333333333333333	1.8952878964908846	1.1736029925965947	4	3.402224222420813	0.7007973158916555
0.2107843137254902	1.3686747311323895	1.0898662260777865	3	2.669325270935666	0.6450882450882451
0.6176470588235294	1.765300498735124	1.2567889777871122	6	3.639736535345765	0.644362163645783
0.5	1.4233351199688746	1.2470182709771573	5	3.170353390946032	0.5996496907145621
0.5098039215686274	1.8106319457336693	1.2608375750535377	5	3.581273442355834	0.6469188069012552
0.3872549019607843	1.3945080840254938	1.244156437856249	4	3.0259194238425273	0.5916673765510975
0.5196078431372549	1.8441489821717219	1.2713461744149392	5	3.635102999723916	0.6809269040672472
0.4019607843137255	1.4364043795730597	1.2702951738647297	4	3.1086603377515147	0.6341774980085874
0.4117647058823529	1.9205254117790524	1.2891379278585655	4	3.6214280455199708	0.6932638932419538
0.28921568627450983	1.4023247515166133	1.2937838999425333	3	2.9853243377336565	0.6350436815553093
0.5	1.8212304048114736	1.2760377253988529	5	3.5972681302103267	0.6652980884384316
0.38235294117647056	1.407756157872749	1.2808701143148902	4	3.07097921336411	0.6146414784725678
0.38235294117647056	1.8918771900787419	1.281755689324174	4	3.5559858205793864	0.6737278737059342
0.25980392156862747	1.3641271225828657	1.28453080049436	3	2.9084618446458532	0.6089956555072833
0.3627450980392157	1.9337734856263078	1.2663290650823293	4	3.5628476487478524	0.7162379951634241
0.24509803921568626	1.4199888499796203	1.2709263594896274	3	2.936013248684934	0.6656758174506032
0.24509803921568626	2.065483559587611	1.2643186705745983	3	3.5749002693778955	0.7444576777617584
0.12254901960784313	1.3606616430982315	1.2459755333359241	2	2.729186196041999	0.6827242524916943
0.8921568627450981	1.9515858796255827	1.2467812427913225	9	4.090523985162003	0.6579201029606162
0.7745098039215687	1.7611431905079842	1.2350650241733618	8	3.7707180186029143	0.6316695497929574
0.7892156862745098	2.003203706610981	1.2444210106960838	8	4.036840403581574	0.6612127474096408
0.6666666666666666	1.7929288943316395	1.2276047175949574	7	3.687200278593264	0.6316824929964626
0.7941176470588235	2.0241518543847636	1.2444913446150407	8	4.0627608460586275	0.6824678081383857
0.6764705882352942	1.816869634644534	1.2301626115077025	7	3.7235028343875305	0.6559739909721711
0.6911764705882353	2.0935102244765305	1.2414402832141518	7	4.026126978278917	0.6897376453912376
0.5686274509803921	1.8632406964615569	1.2197411982383348	6	3.651609345680284	0.660039831572796
0.7745098039215687	2.0098277435346086	1.2449398923194084	8	4.029277439775585	0.6726997983703757
0.6568627450980392	1.8004992222443568	1.2315480147736133	7	3.6889099821160096	0.6448105512373028
0.6617647058823529	2.0771398120763527	1.2376950639130473	7	3.9765995818717528	0.6785742056563694
0.5392156862745098	1.844141881994683	1.2156001667409115	6	3.5989577350101043	0.6470158185487831
0.6372549019607843	2.1010805523892477	1.2283771406114143	7	3.9667125949614466	0.7028657036320779
0.5196078431372549	1.8720727456930604	1.206004835614416	6	3.597685424444731	0.675355899520443
0.5245098039215687	2.1948201004970556	1.2129349366229045	6	3.932264841041529	0.7147468296760207
0.4019607843137255	1.9387586420831926	1.1726391464357324	5	3.513358572832651	0.6841112899508475
0.8088235294117647	2.0224465011786923	1.2595554567756158	8	4.090825487366073	0.668933087045525
0.6911764705882353	1.814920659551881	1.247156548811529	7	3.753253678951645	0.6405057382946161
0.7009803921568627	2.091561249383877	1.2551286152266161	7	4.047670256767356	0.6742693927136827
0.5784313725490197	1.860966892186795	1.2345766992480685	6	3.6739749639838832	0.6419935367823153
0.7107843137254902	2.1155019896967717	1.2597617258109732	7	4.086048029233235	0.6985608906893912
0.5931372549019608	1.8888977558851725	1.2445128155619591	6	3.7265478263490923	0.6703336177539752
0.6029411764705882	2.2116451106891675	1.2539979407563622	6	4.0685842279161175	0.7097245479095529
0.4803921568627451	1.958948654313727	1.2260879936381601	5	3.665428804814632	0.6780845518310861
0.6911764705882353	2.099131577296595	1.2615217581630314	7	4.051829806047861	0.6873974509545229
0.5735294117647058	1.8697989414182985	1.248079136378963	6	3.6914074895619673	0.6573096047299622
0.5735294117647058	2.1925462962222935	1.2503813899795446	6	4.016457097966544	0.6967005348855397
0.45098039215686275	1.9360300769534784	1.2223165807591172	5	3.6093270498694583	0.6624557362022704
0.553921568627451	2.220477159920671	1.243691362193306	6	4.018090090741428	0.7250406158571998
0.4362745098039216	1.9695471133915312	1.217456181323446	5	3.623277804518899	0.6964638333682622
0.4362745098039216	2.3568439391563256	1.2183959100442396	5	4.011514359004487	0.7437329495549555
0.3137254901960784	2.0772730758038147	1.1568942190690823	4	3.547892785068975	0.7126850548682226
0.7745098039215687	1.7461855776633532	1.2335525247109227	8	3.7542479062958445	0.6337771371072891
0.6568627450980392	1.4991938898200647	1.215443995881095	7	3.371500630799199	0.600327509793775
0.6715686274509803	1.7758344796520606	1.226750500246275	7	3.674153607349316	0.6340911642128416
0.5490196078431373	1.4926189941663426	1.1989885706937442	6	3.240627172703224	0.5951189368646674
0.6764705882352942	1.7997752199649555	1.2281122178585544	7	3.704358026058804	0.6583826621885501
0.5588235294117647	1.5205498578647199	1.2043447368467262	6	3.2837181241232107	0.6234590178363273
0.5735294117647058	1.843297212668715	1.2184980751712589	6	3.6353246996046797	0.662849947991905
0.45098039215686275	1.5169311766891842	1.179050043887736	5	3.146961612733783	0.6218350319299085
0.6568627450980392	1.7834048075647781	1.2292311429241671	7	3.6694986955869844	0.6472192224536819
0.5392156862745098	1.5014510433978463	1.2070135074627069	6	3.247680237135063	0.6104350048123144
0.5441176470588235	1.8241983982018413	1.2139839741934184	6	3.582300019454083	0.6498259349678919
0.4215686274509804	1.4940125993289357	1.1739323057071585	5	3.0895135324870746	0.606206216301093
0.5196078431372549	1.8521292619002185	1.2027139962462707	6	3.574451101283744	0.6781660159395517
0.4019607843137255	1.5275296357669883	1.1622019810301234	5	3.091692401110837	0.6402143134670848
0.4068627450980392	1.9148264615317825	1.1701440294461123	5	3.491833236075934	0.687483429653778
0.28431372549019607	1.5247512287731357	1.0868274991175875	4	2.8958924533809194	0.6423731549917507
0.6911764705882353	1.7978262448723028	1.2453256853964005	7	3.7343284008569384	0.6429144095109951
0.5735294117647058	1.5182760535899582	1.224115427591994	6	3.315920892946658	0.6054127230458464
0.5833333333333334	1.8410234083939532	1.2336409185086201	6	3.657997660235907	0.6448036532014241
0.46078431372549017	1.51420261155947	1.1952720631822022	5	3.1702589884671624	0.6001794781813314
0.5931372549019608	1.8689542720923307	1.2419023880018585	6	3.7039939149961496	0.6731437341730839
0.47549019607843135	1.5477196479975226	1.2128389096657473	5	3.2360487537417013	0.6341875753473234
0.4852941176470588	1.9350164737623168	1.224613494360607	5	3.6449240857699827	0.6814566915340167
0.3627450980392157	1.5499887440613036	1.164033842312148	4	3.0767676844126672	0.634839732342049
0.5735294117647058	1.8498554576254567	1.2450956393384454	6	3.668480508728608	0.660119721149071
0.45588235294117646	1.5248010706372743	1.2192821999568104	5	3.1999656235352614	0.6185587597185078
0.45588235294117646	1.9120978964020687	1.2202824772609389	5	3.588262726604184	0.665827875905201
0.3333333333333333	1.521340522360993	1.1595711692896726	4	3.0142450249839987	0.6153037128060295
0.4362745098039216	1.945614932840121	1.2129101075942885	5	3.594799550238331	0.6998359730711929
0.31862745098039214	1.563236817908559	1.1559082902514	4	3.0377725591403513	0.6578138342635194
0.31862745098039214	2.047357850114552	1.153385999624816	4	3.51937130071976	0.7169002294968858
0.19607843137254902	1.5714346692972792	0.988293165650545	3	2.755806266320373	0.6665587965618855
0.8921568627450981	1.9975509879796225	1.249190173010589	8	4.13889802373531	0.6764346256346148
0.7745098039215687	1.7864686444672297	1.2417647320312868	7	3.8027431804200855	0.6490789252535759
0.7892156862745098	2.0631092342992257	1.2543704435461376	7	4.106695364119873	0.6828425796726425
0.6666666666666666	1.827772874588035	1.245315245097776	6	3.739754786352478	0.651995588234435
0.7941176470588235	2.0870499746121207	1.2535964190751936	7	4.134764040746138	0.707134077648351
0.6764705882352942	1.8557037382864123	1.2476813723342457	6	3.779855698855952	0.6803356692060951
0.6911764705882353	2.1784510930904077	1.2636536006683174	6	4.13328116434696	0.7197265993616726
0.5686274509803921	1.9191158331952152	1.2582714628096607	5	3.746014746985268	0.6900870135736298
0.7745098039215687	2.0706795622119434	1.2544710759121676	7	4.099660442045679	0.6959706379134827
0.6568627450980392	1.8366049238195385	1.2500081674301318	6	3.7434758363477094	0.667311656182082
0.6617647058823529	2.1593522786235337	1.2587975241703826	6	4.07991450867627	0.7067025863376597
0.5392156862745098	1.896197255834967	1.2526407613489416	5	3.688053703458418	0.6744581979448142
0.6372549019607843	2.187283142321911	1.244537507306722	6	4.0690755515894175	0.7350426673093196
0.5196078431372549	1.9297142922730195	1.2364253782971375	5	3.685747513707412	0.7084662951108062
0.5245098039215687	2.3170111180378137	1.247095761727435	5	4.088616683686817	0.7557354112974993
0.4019607843137255	2.0274820494056747	1.2342272707136868	4	3.663670104433087	0.7276881320464024
0.8088235294117647	2.085100999519468	1.274651881060689	7	4.168576409991921	0.691665824970796
0.6911764705882353	1.8534299340116505	1.2728308553062229	6	3.817437259906109	0.6622893744156142
0.7009803921568627	2.1761772888156456	1.284175236232388	6	4.161332917204896	0.7016803045711919
0.5784313725490197	1.9163872680655012	1.282561670444191	5	3.777380311058712	0.6684314598250529
0.7107843137254902	2.204108152514023	1.2894466668091136	6	4.204339133048627	0.7300203855428518
0.5931372549019608	1.9499043045035538	1.2956434585529664	5	3.838685017958481	0.7024395569910448
0.6029411764705882	2.337201130268348	1.310146378262135	5	4.250288685001071	0.7497086731777379
0.4803921568627451	2.0527195646938425	1.325735533275256	4	3.8588472548318435	0.7201547093967007
0.6911764705882353	2.1850093380471494	1.292297942625606	6	4.168483751260991	0.7169963725188386
0.5735294117647058	1.9269857271433053	1.3015737855638885	5	3.8020889244719	0.6868107413622291
0.5735294117647058	2.3142825529080993	1.3053023978823255	5	4.19311436255513	0.7340798575489222
0.45098039215686275	2.024071342993532	1.320417921452545	4	3.79546965660294	0.7006186898606812
0.553921568627451	2.347799589346152	1.293444969840906	5	4.19516612781451	0.7680879547149142
0.4362745098039216	2.065967638541098	1.3092799451229906	4	3.8115220934680103	0.7431288113181711
0.4362745098039216	2.5500886707470904	1.3113048795202547	4	4.297668060071267	0.8022152065515376
0.3137254901960784	2.2417424301406643	1.3424246943625453	3	3.8978926146992885	0.7803120993014211
0.7647058823529411	1.7693742297876514	1.2373813302272931	7	3.7714614423678854	0.651487596469955
0.6470588235294118	1.485082035991198	1.2247933165576221	6	3.356934176078232	0.6154147744979663
0.6617647058823529	1.8078293907951932	1.240805910613917	6	3.7104000072914634	0.6548057046535438
0.5392156862745098	1.4743697904409578	1.223719530643715	5	3.2373050073591827	0.6121819399238754
0.6666666666666666	1.8357602544935705	1.241497391029734	6	3.7439243121899715	0.6831457856252039
0.5490196078431373	1.5078868268790107	1.229931393511127	5	3.2868378282332746	0.6461900370898672
0.5637254901960784	1.895183652643805	1.2514366329154907	5	3.710345775755374	0.6934591532765604
0.4411764705882353	1.5001977176631638	1.2382390387428994	4	3.1796132269942987	0.6498428095202288
0.6470588235294118	1.8166614400266967	1.2434511166452031	6	3.7071713802013115	0.6701217726011908
0.5294117647058824	1.4849682495187622	1.234515395220514	5	3.2488954094451588	0.6305612214610516
0.5343137254901961	1.8722650752835566	1.2452463272341463	5	3.651825128007899	0.6778303376477448
0.4117647058823529	1.4715494959628532	1.2306775514176305	4	3.1139917532628365	0.6303067899842093
0.5098039215686274	1.9057821117216094	1.2265189739513633	5	3.6421050072416	0.7118384348137367
0.39215686274509803	1.5134457915104191	1.2080896996858035	4	3.1136923539413206	0.6728169114416992
0.39705882352941174	1.997566823716412	1.2217851669083926	4	3.616410814154216	0.7319033066750656
0.27450980392156865	1.5050466340997593	1.1840914312295894	3	2.9636478692509174	0.6865628994661253
0.6813725490196079	1.8334864502188088	1.2669542163293388	6	3.7818132155677553	0.665099490834723
0.5637254901960784	1.5051582617492965	1.2616243857489593	5	3.330508137694334	0.6245344833412902
0.5735294117647058	1.8924550875140909	1.2761878540414624	5	3.7421723533202593	0.6718035995279834
0.45098039215686275	1.496787011251021	1.2686706644335604	4	3.216438067841444	0.6227733673345075
0.5833333333333334	1.9259721239521437	1.2867576719192593	5	3.796063129204736	0.7058116966939754
0.46568627450980393	1.538683306798587	1.2949114313026995	4	3.2992810126110905	0.6652834887919974
0.47549019607843135	2.02280433900458	1.3149944589900737	4	3.813288994073085	0.7243698840253638
0.35294117647058826	1.538696654483983	1.3433578187337571	3	3.2349956496883285	0.6765183359331897
0.5637254901960784	1.9030535465918952	1.2921283947095559	5	3.758907431497529	0.6901828810651597
0.44607843137254904	1.5100350850982764	1.3066183247634988	4	3.2627318412343245	0.6457474692559779
0.44607843137254904	1.9941561173042692	1.3087441734663205	4	3.748978722143139	0.7048338644893444
0.3235294117647059	1.5004990255502355	1.3363686253068605	3	3.1603970626218016	0.6504703098851634
0.4264705882352941	2.036052412851835	1.2934195800851345	4	3.7559425811722633	0.7473439859468343
0.3088235294117647	1.55636075294699	1.3229682460234446	3	3.1881525283821994	0.7071504718284833
0.3088235294117647	2.2018554625549807	1.3188411044954924	3	3.829520096462238	0.7859323321396386
0.18627450980392157	1.5652194975492861	1.403125404683227	2	3.1546194120364346	0.7449362340585146
0.8823529411764706	2.0007369523458203	1.2487637573214907	8	4.131853650843782	0.6764346256346148
0.7647058823529411	1.790109746600027	1.2410596148729642	7	3.7958752438259324	0.6490789252535759
0.7794117647058824	2.0667503364320234	1.2530239519478474	7	4.099186053085753	0.6828425796726425
0.6568627450980392	1.8320208270762988	1.2432389687915022	6	3.7321225409658405	0.651995588234435
0.7843137254901961	2.090691076744918	1.2528702118443362	7	4.12787501407945	0.707134077648351
0.6666666666666666	1.8599516907746756	1.2464734941423776	6	3.77309185158372	0.6803356692060951
0.6813725490196079	2.1826990455786714	1.2615477982604946	6	4.125619392858773	0.7197265993616726
0.5588235294117647	1.9242133761811313	1.2548259770949248	5	3.737862882687821	0.6900870135736298
0.7647058823529411	2.0743206643447407	1.2534036853780088	7	4.0924302320756905	0.6959706379134827
0.6470588235294118	1.8408528763078023	1.2483226326136412	6	3.736234332450855	0.667311656182082
0.6519607843137255	2.1636002311117974	1.2562140651379374	6	4.0717750805634605	0.7067025863376597
0.5294117647058824	1.9012947988208833	1.248478790697272	5	3.6791853542240376	0.6744581979448142
0.6274509803921569	2.1915310948101747	1.2428224463886828	6	4.061804521591014	0.7350426673093196
0.5098039215686274	1.9348118352589356	1.2335660048170771	5	3.67818176164464	0.7084662951108062
0.5147058823529411	2.3221086610237296	1.2428895019234425	5	4.079704045300113	0.7557354112974993
0.39215686274509803	2.0338539781380702	1.2267388675353628	4	3.652749708418531	0.7276881320464024
0.7990196078431373	2.0887421016522647	1.2739390850809462	7	4.1617007945763484	0.691665824970796
0.6813725490196079	1.857677886499914	1.2716417528659145	6	3.8106921883854366	0.6622893744156142
0.6911764705882353	2.1804252413039094	1.2820882095761248	6	4.153689921468269	0.7016803045711919
0.5686274509803921	1.921484811051417	1.2791443483567946	5	3.769256610388604	0.6684314598250529
0.7009803921568627	2.2083561050022866	1.2882280382672566	6	4.197564535426405	0.7300203855428518
0.5833333333333334	1.9550018474894704	1.293528733637179	5	3.8318639144599826	0.7024395569910448
0.5931372549019608	2.3422986732542643	1.3066847670224158	5	4.242120695178641	0.7497086731777379
0.47058823529411764	2.059091493426238	1.3194882110373873	4	3.849167939757743	0.7201547093967007
0.6813725490196079	2.189257290535413	1.2906016574591268	6	4.161231497014148	0.7169963725188386
0.5637254901960784	1.9320832701292214	1.2987425757111675	5	3.7945513360364673	0.6868107413622291
0.5637254901960784	2.3193800958940156	1.3011243017056728	5	4.184229887795767	0.7340798575489222
0.4411764705882353	2.0304432717259275	1.3129764576531204	4	3.7845961999672832	0.7006186898606812
0.5441176470588235	2.3528971323320684	1.2905694708358622	5	4.187584250226754	0.7680879547149142
0.4264705882352941	2.0723395672734934	1.3040094766095809	4	3.8028196321183683	0.7431288113181711
0.4264705882352941	2.556460599479486	1.3037896004669582	4	4.286720788181738	0.8022152065515376
0.30392156862745096	2.2502383351171917	1.3264381959126121	3	3.880598099657255	0.7803120993014211
0.7647058823529411	1.773015331920449	1.2392786147364527	7	3.776999829009843	0.651487596469955
0.6470588235294118	1.4893299884794615	1.2272583268017772	6	3.3636471388106504	0.6154147744979663
0.6617647058823529	1.812077343283457	1.2423729966421175	6	3.7162150458079273	0.6548057046535438
0.5392156862745098	1.4794673334268742	1.225783377583014	5	3.244466397284398	0.6121819399238754
0.6666666666666666	1.8400082069818342	1.2439328751723404	6	3.7506077488208414	0.6831457856252039
0.5490196078431373	1.512984369864927	1.2332978376220354	5	3.2953018153300997	0.6461900370898672
0.5637254901960784	1.9002811956297212	1.253456190702467	5	3.7174628765282667	0.6934591532765604
0.4411764705882353	1.5065696463955591	1.24112699821619	4	3.1888731151999847	0.6498428095202288
0.6470588235294118	1.8209093925149604	1.2454089441631873	6	3.7133771602075596	0.6701217726011908
0.5294117647058824	1.4900657925046785	1.2371653543944887	5	3.2566429116050495	0.6305612214610516
0.5343137254901961	1.8773626182694727	1.2465494000841892	5	3.658225743843858	0.6778303376477448
0.4117647058823529	1.4779214246952486	1.232371369329365	4	3.1220574999069663	0.6303067899842093
0.5098039215686274	1.9108796547075255	1.2291246439730152	5	3.6498082202491684	0.7118384348137367
0.39215686274509803	1.5198177202428145	1.211954512883553	4	3.1239290958714654	0.6728169114416992
0.39705882352941174	2.0039387524488075	1.2234051695662556	4	3.624402745544475	0.7319033066750656
0.27450980392156865	1.5135425390762862	1.1863754962019748	3	2.97442783919983	0.6865628994661253
0.6813725490196079	1.8377344027070726	1.2694084762235052	6	3.788515427950186	0.665099490834723
0.5637254901960784	1.5102558047352128	1.2650189934872071	5	3.3390002884184984	0.6245344833412902
0.5735294117647058	1.8975526305000074	1.2782355754557786	5	3.749317617720492	0.6718035995279834
0.45098039215686275	1.5031589399834164	1.27160556328575	4	3.225744895426029	0.6227733673345075
0.5833333333333334	1.93106966693806	1.2901079905051842	5	3.8045109907765777	0.7058116966939754
0.46568627450980393	1.5450552355309823	1.3000173254409042	4	3.310758835481691	0.6652834887919974
0.47549019607843135	2.0291762677369753	1.317855542588392	4	3.8225220064037986	0.7243698840253638
0.35294117647058826	1.5471925594605105	1.3481240455870527	3	3.2482577815181513	0.6765183359331897
0.5637254901960784	1.9081510895778115	1.2947622283585472	5	3.7666388081324373	0.6901828810651597
0.44607843137254904	1.5164070138306718	1.3105300773401476	4	3.2730155225433686	0.6457474692559779
0.44607843137254904	2.000528046036665	1.3104111155030829	4	3.757017592912297	0.7048338644893444
0.3235294117647059	1.508994930526763	1.3387465690370448	3	3.171270911328514	0.6504703098851634
0.4264705882352941	2.0424243415842307	1.2972575174079122	4	3.766152447227437	0.7473439859468343
0.3088235294117647	1.5648566579235175	1.3296881803256586	3	3.203368367660941	0.7071504718284833
0.3088235294117647	2.210351367531508	1.3210714177179337	3	3.840246314661207	0.7859323321396386
0.18627450980392157	1.5779633550140768	1.406948523320529	2	3.171186388138527	0.7449362340585146
0.803921568627451	2.0602900865676137	1.2006376608456426	7	4.064849316040707	0.6532524753796519
0.6862745098039216	1.8244838689011542	1.1808197451388673	6	3.691578123843943	0.6174737998926128
0.7009803921568627	2.1472312237051496	1.197753304988747	6	4.045964920850759	0.6568647300481905
0.5784313725490197	1.8816519899329052	1.1703419707792952	5	3.63042533326122	0.6146527703974513
0.7058823529411765	2.175162087403527	1.196323144602457	6	4.077367584947161	0.6852048110198503
0.5882352941176471	1.915169026370958	1.173371372443547	5	3.6767756929321522	0.6486608675634431
0.6029411764705882	2.3024658521357524	1.1962580605382873	5	4.101665089144628	0.6959299837501363
0.4803921568627451	2.009300467028098	1.1649436657364525	4	3.6546362896272955	0.6529313476121986
0.6862745098039216	2.156063272936653	1.1974572380732096	6	4.039795020813784	0.6721807979958374
0.5686274509803921	1.8922504490107095	1.1767259259358593	5	3.637603825926961	0.6330320519346275
0.5735294117647058	2.2795472747755037	1.1888383066398682	5	4.041914993180077	0.6803011681213207
0.45098039215686275	1.9806522453277875	1.155333098049392	4	3.5869657355340427	0.6333953280761792
0.5490196078431373	2.3130643112135565	1.166928492153925	5	4.029012411210619	0.7143092652873125
0.43137254901960786	2.0225485408753534	1.127441144312298	4	3.5813622342072593	0.675905449533669
0.4362745098039216	2.506669573081346	1.1434390260188485	4	4.086383108904116	0.7349918447670354
0.3137254901960784	2.1838502999196714	1.0647369780282834	3	3.562312768144033	0.6906809502554183
0.7205882352941176	2.172888283128765	1.2271775378803311	6	4.120654056303214	0.6671585162293696
0.6029411764705882	1.9124404612412438	1.2131607166487828	5	3.7285423543606147	0.627005313814866
0.6127450980392157	2.299737287006038	1.2291056336316628	5	4.1415880186769165	0.6742744300015593
0.49019607843137253	2.0058897606159554	1.208869211372786	4	3.704955050420114	0.6258619054264773
0.6225490196078431	2.333254323444091	1.2364929903062996	5	4.192296333358233	0.7082825271675512
0.5049019607843137	2.0477860561635213	1.2298058762366582	4	3.782493893184493	0.6683720268839672
0.5147058823529411	2.531907088369514	1.2521913184079934	4	4.298804289130448	0.7274584221173337
0.39215686274509803	2.217500320303895	1.2550893661473788	3	3.864746549196372	0.6806363867224827
0.6029411764705882	2.3103357460838425	1.240634264879521	5	4.153911187433952	0.6926537115387356
0.4852941176470588	2.0191378344632107	1.2394636893356656	4	3.7438956414459352	0.6488360073479477
0.4852941176470588	2.5032588666692033	1.2438919525224488	4	4.232444936838711	0.7079224025813142
0.3627450980392157	2.179302691370148	1.2440020119968995	3	3.7860498014062633	0.6545883606744567
0.46568627450980393	2.545155162216769	1.223263257135996	4	4.2341046938625695	0.7504325240388041
0.3480392156862745	2.2351644187669026	1.21999342870295	3	3.8031970631561274	0.7112685226177764
0.3480392156862745	2.880659128374893	1.22047111614292	3	4.449169460204088	0.7900503829289317
0.22549019607843138	2.5834249962791547	1.220028925358858	2	4.028944117716444	0.7511133102424542
0.6764705882352942	1.8045403851083126	1.175012914752047	6	3.656023888095654	0.6202839163117218
0.5588235294117647	1.4704229836167007	1.141125630583587	5	3.1703721436120524	0.5707557939136886
0.5735294117647058	1.8577198093814953	1.164072867261662	5	3.595322088407863	0.6180249101003817
0.45098039215686275	1.4533679135852764	1.1108343484681686	4	3.0151826542103075	0.5555500055500054
0.5784313725490197	1.891236845819548	1.1645902986949355	5	3.634258517063503	0.6520330072663737
0.46078431372549017	1.4952642091328423	1.1203211379297686	4	3.0763696607881013	0.5980601270074953
0.47549019607843135	1.979385241338835	1.154377112926429	4	3.6092525503436956	0.6571465222408618
0.35294117647058826	1.4808045242629904	1.0801671172750182	3	2.9139128180085967	0.5868871868871868
0.5588235294117647	1.8683182684592996	1.167385247966622	5	3.594527045837686	0.636404191637558
0.4411764705882353	1.4666159874325317	1.1277350755262183	4	3.0355275335469853	0.5785241074714759
0.44607843137254904	1.9507370196385245	1.1438338715383263	4	3.5406493225494	0.6376105027048423
0.3235294117647059	1.442606895329243	1.0645920121194226	3	2.8307283192133714	0.5608391608391607
0.4215686274509804	1.9926333151860904	1.111755300749601	4	3.5259572433866717	0.6801206241623322
0.30392156862745096	1.4984686227259976	1.017683678020928	3	2.8200738693743768	0.6175193227824807
0.3088235294117647	2.1439633323339877	1.0415024311115484	3	3.4942892928573013	0.6963011830936359
0.18627450980392157	1.478381302217797	0.7452413565370483	2	2.409897168558767	0.6104895104895105
0.5931372549019608	1.888508280689834	1.2048406563916125	5	3.6864861919834073	0.6303774535177966
0.47549019607843135	1.4918535027206996	1.1765846579049386	4	3.1439283567040697	0.5709906848217741
0.4852941176470588	1.9759745349266926	1.199071014381832	4	3.6603396669555837	0.6300770800551405
0.3627450980392157	1.4762569157134668	1.147914101147239	3	2.9869161148999215	0.5507945973062252
0.4950980392156863	2.0178708304742585	1.2158210621940728	4	3.728789931884018	0.6725872015126304
0.37745098039215685	1.5321186431102214	1.1986630042506767	3	3.108232627753055	0.6074747592495451
0.3872549019607843	2.1776133527182115	1.2352568782708675	3	3.800125132949863	0.6862566195607003
0.2647058823529412	1.528856332794133	1.2450481080374207	2	3.0386103231844945	0.595422665190107
0.47549019607843135	1.989222608773948	1.224546201592038	4	3.6892590064444173	0.6530511819766109
0.35784313725490197	1.4939210141764738	1.2216246606672176	3	3.0733888120985933	0.5814267332015188
0.35784313725490197	2.1394157237844644	1.2223041767183036	3	3.71956303775767	0.6602085935126742
0.23529411764705882	1.4715598893935118	1.2227241362415595	2	2.9295781432821304	0.556350626118068
0.3382352941176471	2.195277451181219	1.1899223593210912	3	3.7234351046199574	0.7168887554559941
0.22058823529411764	1.5553524804886436	1.17732510648679	2	2.953265822269551	0.6413708690330477
0.22058823529411764	2.523594544900629	1.15422713783926	2	3.898409918034007	0.7595436594997806
0.09803921568627451	1.5720616972348884	1.0	1	2.6701009129211632	0.6511627906976744
0.8921568627450981	1.9046080898174367	1.28775286615297	9	4.084517818715504	0.6945501395906529
0.7696078431372549	1.7082931769738199	1.2792240326844317	8	3.7571250527955065	0.6728783410017487
0.7892156862745098	1.9503536930768166	1.2895219074410815	8	4.029091286792408	0.7024215386184318
0.6617647058823529	1.7325288788640232	1.2763808559830796	7	3.6706744407294556	0.6787782543779383
0.7941176470588235	1.9713018408505993	1.2913774105205864	8	4.056796898430009	0.7236765993471768
0.6715686274509803	1.7564696191769176	1.2813189754432222	7	3.7093572220711204	0.7030697523536468
0.6911764705882353	2.033110209008914	1.2938524981282415	7	4.018139177725391	0.7368334067727134
0.5637254901960784	1.7927740117493378	1.2772165522707704	6	3.633716054216187	0.7149848865178512
0.7745098039215687	1.9569777300004443	1.2924291241266397	8	4.023916658048653	0.713908589579167
0.6519607843137255	1.7400992067767405	1.2835085999113807	7	3.6755685910018467	0.6919063126187784
0.6617647058823529	2.016739796608736	1.290911500029385	7	3.969416002520474	0.725669967037845
0.5343137254901961	1.773675197282464	1.2742014304564937	6	3.5821903532291537	0.7019608734938381
0.6372549019607843	2.040680536921631	1.283973802275149	7	3.9619092411575645	0.7499614650135535
0.5147058823529411	1.8016060609808413	1.2679384150963542	6	3.5842503584301366	0.7303009544654979
0.5245098039215687	2.1243534157848365	1.2766267074748412	6	3.9254899271812462	0.7696918846210756
0.39705882352941174	1.8541986204285297	1.244324182442703	5	3.4955816264006443	0.7500453558849134
0.7549019607843137	1.969596487644528	1.293192528532615	8	4.017690976961457	0.67682345249403
0.6323529411764706	1.7545206440842647	1.2806475872156533	7	3.6675211724763885	0.6495232988071933
0.6470588235294118	2.031161233916261	1.2898755046093104	7	3.968095562054983	0.6832869532262598
0.5196078431372549	1.790500207474576	1.2673205975365505	6	3.5774286481483815	0.6525140240469887
0.6568627450980392	2.0551019742291556	1.2968888407410648	7	4.0088535600682595	0.7075784512019683
0.5343137254901961	1.8184310711729534	1.2805890296167974	6	3.633333826279947	0.6808541050186485
0.5490196078431373	2.1411784259769484	1.2918323461811985	6	3.9820303800012846	0.7202450351742262
0.4215686274509804	1.874388632659064	1.25898698150448	5	3.5549442416145243	0.690709136548694
0.6372549019607843	2.0387315618289783	1.2994530942953706	7	3.9754395580851334	0.6964150114670999
0.5147058823529411	1.7993322567060794	1.285281260116948	6	3.599319399175968	0.6678300919946355
0.5196078431372549	2.1220796115100744	1.289341705087528	6	3.931029159734857	0.7072210221502131
0.39215686274509803	1.8514700552988157	1.2569044331501575	5	3.500531351194071	0.6750803209198784
0.5	2.150010475208452	1.2859839930676453	6	3.9359944682760974	0.7355611031218731
0.37745098039215685	1.8849870917368683	1.2570425073640201	5	3.5194805794930453	0.7090884180858703
0.38235294117647056	2.272283917501663	1.2606195231398112	5	3.9152563818179447	0.7563575342725635
0.2549019607843137	1.9715730487354863	1.1875125404434763	4	3.4139875499632764	0.7284657857652326
0.7745098039215687	1.693335564129189	1.28011741526497	8	3.747962783315727	0.6749859283160802
0.6519607843137255	1.4387938743524484	1.266172126014617	7	3.356926784680791	0.6474232711752507
0.6715686274509803	1.7154344641844443	1.2787344813583672	7	3.665737572993792	0.6811869255943173
0.5441176470588235	1.4221523094541235	1.2558643974033832	6	3.2221343539163305	0.6500639918097224
0.6764705882352942	1.7393752044973392	1.2824764245180436	7	3.698322217250677	0.7054784235700258
0.553921568627451	1.4500831731525008	1.2645528793227214	6	3.2685576211026732	0.6784040727813823
0.5735294117647058	1.772830527956496	1.2804644090172523	6	3.626824348738454	0.71779500293696
0.44607843137254904	1.4323711550345215	1.2481469243857917	5	3.1265965107928624	0.6877690978639744
0.6568627450980392	1.7230047920971618	1.2843995707859044	7	3.6642671079811056	0.6943149838351574
0.5343137254901961	1.4309843586856272	1.2683475596218488	6	3.233645643797672	0.6653800597573691
0.5441176470588235	1.7537317134896222	1.2770762177225587	6	3.5749255782710043	0.7047709899129468
0.4166666666666667	1.409452577674273	1.2447180507299342	5	3.070837295070874	0.6721402822351589
0.5196078431372549	1.7816625771879995	1.269138555541767	6	3.5704089758670214	0.7331110708846067
0.39705882352941174	1.4429696141123256	1.2379861997024333	5	3.078014637344171	0.7061483794011508
0.4068627450980392	1.8302664398771196	1.2485655351734195	5	3.485694720148578	0.753417495587844
0.27941176470588236	1.4190512017048074	1.177775641544874	4	2.876238607955564	0.7247907374093332
0.6372549019607843	1.7374262294046865	1.2820245665244947	7	3.6567056978899655	0.6519319700235722
0.5147058823529411	1.4478093688777391	1.259592114324036	6	3.2221073655547166	0.6159332103105197
0.5294117647058824	1.7705567236817341	1.27087579661066	6	3.5708442849982767	0.6553241404660974
0.4019607843137255	1.4296425899048073	1.2272717600643275	5	3.0588751342828604	0.6128040628989395
0.5392156862745098	1.7984875873801116	1.2824695818702547	6	3.620172855524876	0.6836642214377573
0.4166666666666667	1.46315962634286	1.2498370801974064	5	3.1296633732069328	0.6468121600649315
0.43137254901960786	1.8504564521076539	1.2642489519472637	5	3.5460779530745254	0.6940812762516246
0.30392156862745096	1.4442887169929752	1.1903385711716838	4	2.93854885679211	0.6506204632390591
0.5196078431372549	1.7793887729132376	1.2867887428899885	6	3.5857853589404813	0.6706402084137444
0.39705882352941174	1.4402410489826116	1.25796923501319	5	3.0952691075252132	0.6311833444361158
0.4019607843137255	1.8275378747474058	1.261606799372316	5	3.4911054584334473	0.678452460622809
0.27450980392156865	1.4156404952926647	1.1886906723570756	4	2.878840971571309	0.6310844437030395
0.38235294117647056	1.8610549111854582	1.2592329033551997	5	3.5026407557171284	0.7124605577888009
0.25980392156862747	1.4575367908402306	1.193358582734693	4	2.910699295143551	0.6735945651605294
0.2647058823529412	1.9416578230462236	1.1952317705331048	4	3.40159547593227	0.7326809603938959
0.1323529411764706	1.4305012998728415	0.9924759732306722	3	2.555330214279984	0.6875997710912322
0.8921568627450981	1.9447009744454582	1.3017117224266332	8	4.138569559617189	0.717643416843406
0.7696078431372549	1.7260686289996134	1.300435073980805	7	3.7961115461176735	0.6961746866350516
0.7892156862745098	2.0027092188316096	1.3142966364742261	7	4.106221541580346	0.7299383410541183
0.6617647058823529	1.757306189875816	1.3133101683498103	6	3.7323810641079795	0.70694064317949
0.7941176470588235	2.026649959144504	1.315902837550679	7	4.1366704437540065	0.7542298390298268
0.6715686274509803	1.7852370535741933	1.3190086113526358	6	3.7758142923778095	0.7352807241511501
0.6911764705882353	2.1079844083781887	1.3367390310567056	6	4.135899910023129	0.7746716543067277
0.5637254901960784	1.8345558115405525	1.3440469881213088	5	3.74232828985794	0.7560210795076958
0.7745098039215687	2.010279546744327	1.3175817155899008	7	4.102371066255796	0.7430663992949584
0.6519607843137255	1.7661382391073195	1.3224613161316687	6	3.7405603395527134	0.722256711127137
0.6617647058823529	2.0888855939113147	1.3330088642419176	6	4.083659164035585	0.7616476412827146
0.5343137254901961	1.811637234180304	1.34010515118531	5	3.68605611085581	0.7403922638788802
0.6372549019607843	2.116816457609692	1.322081163144613	6	4.076152522715089	0.7899877222543745
0.5147058823529411	1.8451542706183566	1.3288882417830399	5	3.6887483947543376	0.7744003610448721
0.5245098039215687	2.2324510963831505	1.3421959122683347	5	4.099156812573054	0.8216694772315652
0.39705882352941174	1.9217820223373463	1.3529731544969608	4	3.671814000363719	0.8101057144639848
0.7549019607843137	2.0247009840518513	1.3192929740047796	7	4.098895918840944	0.7006833854833732
0.6323529411764706	1.7829632492994314	1.3194266385806594	6	3.7347428290565614	0.6728098616802876
0.6470588235294118	2.1057106041034266	1.3325292108768223	6	4.085298638509661	0.7122007918358653
0.5196078431372549	1.8318272464108383	1.3312400121399086	5	3.6826751016880017	0.6810560445426609
0.6568627450980392	2.133641467801804	1.3411329572199042	6	4.131637170119747	0.7405408728075251
0.5343137254901961	1.8653442828488909	1.3493202738982182	5	3.748978282237305	0.7150641417086527
0.5490196078431373	2.252641108613685	1.3664604806623841	5	4.168121197119206	0.7623332578953459
0.4215686274509804	1.9470195376255142	1.3798380034907793	4	3.748426168567274	0.7359354402937107
0.6372549019607843	2.1145426533349303	1.345110142719544	6	4.096907698015259	0.727516859783512
0.5147058823529411	1.8424257054886426	1.3569394654338605	5	3.714071053275444	0.6994353260798372
0.5196078431372549	2.2297225312534366	1.3633053648072948	5	4.112635739197986	0.7467044422665303
0.39215686274509803	1.9183713159252036	1.3773351658759356	4	3.6878633445462374	0.7163994207576911
0.5	2.2632395676914894	1.3564464104154095	5	4.119685978106899	0.7807125394325222
0.37745098039215685	1.9602676114727695	1.374527978962271	4	3.7122465708271974	0.758909542215181
0.38235294117647056	2.444388643678762	1.3809483917845304	4	4.207689976639763	0.8179959374485475
0.2549019607843137	2.100809060716226	1.4022029846546469	3	3.757914006155187	0.8013530738307677
0.7647058823529411	1.708974214320035	1.299259514900781	7	3.772939611573757	0.6985833578514307
0.6421568627450981	1.414615351278979	1.2955210282532155	6	3.352293242277293	0.6703598294430213
0.6617647058823529	1.7373627060829742	1.3132918136795084	6	3.712419225644836	0.7097507595985988
0.5343137254901961	1.3898097687862951	1.3085957649711681	5	3.2327192592476592	0.6781160058579413
0.6666666666666666	1.7652935697813514	1.3173156098616814	6	3.7492758463096996	0.7380908405702589
0.5441176470588235	1.423326805224348	1.3198061014881144	5	3.287250553771286	0.7121241030239333
0.5637254901960784	1.8106236309891421	1.3439486279474753	5	3.718297749132696	0.7593932192106264
0.4362745098039216	1.3944976905948354	1.3526713300113153	4	3.1834435304100723	0.7322603919378112
0.6470588235294118	1.7461947553144777	1.3203952451602978	6	3.713648824004187	0.7250668275462457
0.5245098039215687	1.4004082278640995	1.3260789677222218	5	3.25099699950789	0.6964952873951176
0.5343137254901961	1.7877050536288936	1.3394471867908513	5	3.661465965909941	0.7437644035818107
0.4068627450980392	1.3658494688945249	1.3479246168939134	4	3.120636830886477	0.7127243724017918
0.5098039215686274	1.8212220900669465	1.3257183071576024	5	3.6567443187931765	0.7777725007478027
0.3872549019607843	1.4077457644420908	1.3336675545779766	4	3.1286682209808516	0.7552344938592817
0.39705882352941174	1.8918667966480835	1.351758500225561	4	3.6406841204030567	0.8143208890926481
0.2696078431372549	1.3641132646753213	1.364529363627476	3	2.998250471440052	0.7964530093562351
0.6274509803921569	1.7630197655065898	1.318040979417333	6	3.7085117253160798	0.6756199780993963
0.5049019607843137	1.4205982400946338	1.3144019101100164	5	3.2399021109889636	0.6371590680588982
0.5196078431372549	1.807895065859428	1.331602665457517	5	3.6591055744542	0.6844281842455914
0.39215686274509803	1.3910869841826927	1.3212743163420924	4	3.104518163269883	0.6385540982315175
0.5294117647058824	1.8414121022974808	1.3471709569848478	5	3.717994823988211	0.7184362814115833
0.4068627450980392	1.4329832797302586	1.3558458726271214	4	3.1956918974554194	0.6810642196890074
0.4215686274509804	1.9171043119362514	1.3803243787394912	4	3.718997318126723	0.7401506149223739
0.29411764705882354	1.3977632850595452	1.394508923996142	3	3.0863898561145104	0.6975593104625362
0.5098039215686274	1.8184935249372323	1.3542305442998646	5	3.6825279908057245	0.7028074657827676
0.3872549019607843	1.404335058029948	1.3703675402957878	4	3.16195750028652	0.6615282001529879
0.39215686274509803	1.8884560902359409	1.3768888674236053	4	3.6575018204046446	0.7206145953863543
0.2647058823529412	1.3595656561257978	1.39314927898498	3	3.017420817463719	0.6715112844145101
0.37254901960784315	1.9303523857835068	1.3698950634583094	4	3.6727964688496595	0.7631247168438442
0.25	1.4154273835225524	1.3964104785333442	3	3.0618378620558966	0.7281914463578301
0.2549019607843137	2.0609220931305425	1.401074293855383	3	3.7168983477702393	0.8069733066689853
0.12254901960784313	1.3538194434126292	1.411298770053548	2	2.88766723307402	0.7764976958525345
0.8823529411764706	1.9478869388116558	1.301149652880383	8	4.13138953286851	0.717643416843406
0.7598039215686274	1.7297097311324108	1.2995490850129465	7	3.7890627377139845	0.6961746866350516
0.7794117647058824	2.006350320964407	1.3127692730663998	7	4.098531358736689	0.7299383410541183
0.6519607843137255	1.7615541423640797	1.3109806715101855	6	3.724495598187991	0.70694064317949
0.7843137254901961	2.0302910612773015	1.314995758510286	7	4.129600545277784	0.7542298390298268
0.6617647058823529	1.7894850060624565	1.317547512627417	6	3.7687972245722268	0.7352807241511501
0.6813725490196079	2.1122323608664524	1.3343800081155321	6	4.127984918001593	0.7746716543067277
0.553921568627451	1.8396533545264684	1.3402216716065465	5	3.733796594760466	0.7560210795076958
0.7647058823529411	2.013920648877124	1.3163334532462063	7	4.094959984476271	0.7430663992949584
0.6421568627450981	1.7703861915955832	1.3205225607818278	6	3.7330656151225092	0.722256711127137
0.6519607843137255	2.0931335463995784	1.330172184676122	6	4.075266515389426	0.7616476412827146
0.5245098039215687	1.8167347771662203	1.3355633497336143	5	3.6768079308214032	0.7403922638788802
0.6274509803921569	2.1210644100979557	1.3201128816932235	6	4.068628272183336	0.7899877222543745
0.5049019607843137	1.8502518136042727	1.325649037502953	5	3.6808028118915397	0.7744003610448721
0.5147058823529411	2.237548639369067	1.3376098216643162	5	4.089864343386324	0.8216694772315652
0.3872549019607843	1.9281539510697416	1.3448516999852596	4	3.6602605530157852	0.8101057144639848
0.7450980392156863	2.0283420861846486	1.3183993062155006	7	4.091839431615836	0.7006833854833732
0.6225490196078431	1.7872112017876949	1.3179843156070006	6	3.7277445370025384	0.6728098616802876
0.6372549019607843	2.1099585565916903	1.330188963687209	6	4.077402422239683	0.7122007918358653
0.5098039215686274	1.8369247893967544	1.327442859252486	5	3.674171570217868	0.6810560445426609
0.6470588235294118	2.1378894202900676	1.3396611081446967	6	4.124609351964176	0.7405408728075251
0.5245098039215687	1.8704418258348074	1.3468257181824046	5	3.741777347938781	0.7150641417086527
0.5392156862745098	2.2577386515996016	1.3626190386226387	5	4.15957337649675	0.7623332578953459
0.4117647058823529	1.9533914663579095	1.3729576299195336	4	3.7381138021597957	0.7359354402937107
0.6274509803921569	2.118790605823194	1.343160637019714	6	4.089402223235065	0.727516859783512
0.5049019607843137	1.8475232484745585	1.3537284247811134	5	3.7061536340399854	0.6994353260798372
0.5098039215686274	2.2348200742393525	1.358747437830616	5	4.103371433638596	0.7467044422665303
0.38235294117647056	1.924743244657599	1.3692606507431337	4	3.6763568365772032	0.7163994207576911
0.49019607843137253	2.2683371106774057	1.3531910806103393	5	4.111724269719118	0.7807125394325222
0.36764705882352944	1.9666395402051648	1.3686244591154841	4	3.7029110581441786	0.758909542215181
0.37254901960784315	2.4507605724111574	1.3728000613978573	4	4.196109653416858	0.8179959374485475
0.24509803921568626	2.1093049656927536	1.3849503835379604	3	3.7393533884464003	0.8013530738307677
0.7647058823529411	1.7126153164528326	1.3009759276004047	7	3.778297126406178	0.6985833578514307
0.6421568627450981	1.4188633037672425	1.2977328179640202	6	3.358752984476361	0.6703598294430213
0.6617647058823529	1.7416106585712379	1.3146056791743588	6	3.7179810436279497	0.7097507595985988
0.5343137254901961	1.3949073117722115	1.3102797811104412	5	3.2395008183728486	0.6781160058579413
0.6666666666666666	1.7695415222696151	1.3194978734709375	6	3.7557060624072194	0.7380908405702589
0.5441176470588235	1.4284243482102643	1.3227927147989962	5	3.295334710068084	0.7121241030239333
0.5637254901960784	1.8157211739750583	1.3455883549344254	5	3.7250350191055617	0.7593932192106264
0.4362745098039216	1.4008696193272308	1.3549262381512286	4	3.1920703672823807	0.7322603919378112
0.6470588235294118	1.7504427078027414	1.3220998521449312	6	3.7196013834770842	0.7250668275462457
0.5245098039215687	1.4055057708500158	1.3283490960961701	5	3.2583646708677545	0.6964952873951176
0.5343137254901961	1.7928025966148098	1.3403704288408678	5	3.6674867509458737	0.7437644035818107
0.4068627450980392	1.3722213976269202	1.3489853834722707	4	3.12806952619723	0.7127243724017918
0.5098039215686274	1.8263196330528626	1.3279441463792276	5	3.664067701000717	0.7777725007478027
0.3872549019607843	1.414117693174486	1.3368993164423488	4	3.138271911577619	0.7552344938592817
0.39705882352941174	1.8982387253804789	1.352745451550047	4	3.6480430004599373	0.8143208890926481
0.2696078431372549	1.3726091696518485	1.3655473259331077	3	3.007764338722211	0.7964530093562351
0.6274509803921569	1.7672677179948535	1.320242018778149	6	3.7149607171651597	0.6756199780993963
0.5049019607843137	1.4256957830805501	1.317416687048238	5	3.248014430913102	0.6371590680588982
0.5196078431372549	1.8129926088453445	1.3332705560718068	5	3.665871008054406	0.6844281842455914
0.39215686274509803	1.397458912915088	1.3235761638609052	4	3.113191939521091	0.6385540982315175
0.5294117647058824	1.8465096452833971	1.3501414447707465	5	3.726062854760026	0.7184362814115833
0.4068627450980392	1.439355208462654	1.3603187154319494	4	3.2065366689926424	0.6810642196890074
0.4215686274509804	1.9234762406686468	1.3825524110044327	4	3.7275972791240597	0.7401506149223739
0.29411764705882354	1.4062591900360724	1.3980090481826843	3	3.0983858852775805	0.6975593104625362
0.5098039215686274	1.8235910679231488	1.3564845471488298	5	3.689879536640606	0.7028074657827676
0.3872549019607843	1.4107069867623434	1.3736462415390598	4	3.1716081302621877	0.6615282001529879
0.39215686274509803	1.8948280189683362	1.3779227581269906	4	3.6649076398404246	0.7206145953863543
0.2647058823529412	1.3680615611023248	1.3942611200484105	3	3.027028563503676	0.6715112844145101
0.37254901960784315	1.936724314515902	1.3730999494477099	4	3.6823732835714553	0.7631247168438442
0.25	1.4239232884990793	1.4018643101688044	3	3.0757875986678838	0.7281914463578301
0.2549019607843137	2.06941799810707	1.4020385044110706	3	3.7263584633024545	0.8069733066689853
0.12254901960784313	1.36656330087742	1.411323580690589	2	2.900435901175852	0.7764976958525345
0.803921568627451	1.9998900710999974	1.2702771855255908	7	4.074088825253039	0.7003482367611276
0.6813725490196079	1.7540171841889352	1.262413332843505	6	3.697803066052048	0.6724188548376677
0.7009803921568627	2.0767645389929306	1.281105084063383	6	4.058850015213176	0.7118097849932454
0.5735294117647058	1.7970919682782422	1.271517019120315	5	3.642138399163263	0.6805868363315172
0.7058823529411765	2.104695402691308	1.283007239443449	6	4.0935849950759335	0.7401498659649053
0.5833333333333334	1.830609004716295	1.2795448944341008	5	3.6934872324837293	0.7145949334975091
0.6029411764705882	2.2179058304810892	1.3050688695838386	5	4.125915876535516	0.7618640496842023
0.47549019607843135	1.9036004399597697	1.3065406470274787	4	3.6856312830656797	0.7353489300297811
0.6862745098039216	2.085596588224434	1.2852672425973486	6	4.057138340625704	0.7271258529408924
0.5637254901960784	1.8076904273560466	1.2845883124511333	5	3.656004230003258	0.6989661178686934
0.5735294117647058	2.194987253120841	1.2993379802101395	5	4.067854645095686	0.7462352340553866
0.44607843137254904	1.8749522182594591	1.2997448535482852	4	3.620775503180293	0.7158129104937615
0.5490196078431373	2.228504289558894	1.2824266393737302	5	4.059950536775761	0.7802433312213786
0.4264705882352941	1.916848513807025	1.2801836892270815	4	3.6235027912694004	0.7583230319512514
0.4362745098039216	2.4009695460130174	1.3005770493586273	4	4.137821105175566	0.8174094271846178
0.3088235294117647	2.0429169304952337	1.2995042904713912	3	3.6512447503783894	0.8005710601455283
0.6666666666666666	2.1024215984165457	1.2891301769773695	6	4.058218442060582	0.6776790034940429
0.5441176470588235	1.8278804395865809	1.2822370550234063	5	3.654235141668811	0.6396298985324741
0.5588235294117647	2.2151772653513753	1.3008192590612837	5	4.074820053824423	0.6868990147191673
0.43137254901960786	1.900189733547627	1.2886375533039283	4	3.620199835871163	0.6416426363234874
0.5686274509803921	2.248694301789428	1.3132050893854543	5	4.130526842155275	0.7209071118851592
0.44607843137254904	1.942086029095193	1.3179050075836904	4	3.7060694680514326	0.6841527577809773
0.46078431372549017	2.4262070613011852	1.3446859281800216	4	4.231677303206697	0.7432391530143437
0.3333333333333333	2.0765669508794575	1.3605698514549849	3	3.770470135667776	0.7016773612518293
0.5490196078431373	2.2257757244291794	1.3190352284833962	5	4.093830560755713	0.7052782962563435
0.4264705882352941	1.9134378073948823	1.3303775948905654	4	3.6702859905207417	0.6646167382449577
0.43137254901960786	2.3975588396008747	1.339201336502344	4	4.168132725122827	0.7237031334783242
0.30392156862745096	2.03836932194571	1.3551120457202401	3	3.697402936293401	0.6756293352038032
0.4117647058823529	2.4394551351484406	1.3269034305317813	4	4.1781232715625745	0.766213254935814
0.28921568627450983	2.0942310493424645	1.3477650412580704	3	3.7312117768750444	0.7323094971471231
0.29411764705882354	2.739725758950455	1.3570336855480318	3	4.39087709155731	0.8110913574582784
0.16666666666666666	2.3720249421424975	1.3911904308648424	2	3.9298820396740064	0.7826747720364742
0.6764705882352942	1.7340737003960935	1.2610974822702423	6	3.6716417709016302	0.6752289712567765
0.553921568627451	1.385862961962038	1.246399861589946	5	3.186184392179435	0.6366898598477546
0.5735294117647058	1.7731597877268324	1.2719843853230184	5	3.618673584814557	0.6839589760344478
0.44607843137254904	1.347667886516948	1.2509325114522036	4	3.0446788293417004	0.6379675879675879
0.5784313725490197	1.8066768241648852	1.277500290405826	5	3.662608487119731	0.7179670732004396
0.45588235294117646	1.389564182064514	1.2687500903296935	4	3.114196625335384	0.6804777094250778
0.47549019607843135	1.8736852142705067	1.3072015437513496	4	3.6563769541002875	0.7395641046584442
0.3480392156862745	1.3398711548385525	1.3063072446884092	3	2.994217615213236	0.6967772967772967
0.5588235294117647	1.7837582468046367	1.2819841042022326	5	3.624565880418634	0.7023382575716239
0.4362745098039216	1.3609159603642034	1.2789788021340103	4	3.076169272302135	0.6609416898890583
0.44607843137254904	1.8450369925701962	1.299473076571114	4	3.590588500513859	0.7200280851224248
0.31862745098039214	1.3016735259048051	1.2963616879485478	3	2.916662664833745	0.6707292707292707
0.4215686274509804	1.886933288117762	1.275725295198279	4	3.584227210767021	0.7625382065799147
0.29901960784313725	1.3575352533015597	1.2661149326818337	3	2.9226697938265307	0.7274094326725906
0.3088235294117647	2.00302996290955	1.298724642622445	3	3.6105781349437596	0.8061912929837458
0.18137254901960784	1.26698124808114	1.2783817883603872	2	2.7267355854611353	0.7753246753246753
0.5392156862745098	1.803948259035171	1.2806534644865728	5	3.6238174097962537	0.6430020382354047
0.4166666666666667	1.3861534756523712	1.2631849709449798	4	3.066005113264018	0.5867714157187841
0.43137254901960786	1.8702745078583642	1.2900668058468687	4	3.591713862724841	0.6458578109521506
0.30392156862745096	1.335323546289029	1.250396949840863	3	2.889642064757343	0.5718355718355719
0.4411764705882353	1.9121708034059302	1.3151476430749998	4	3.6684949170691654	0.6883679324096404
0.31862745098039214	1.3911852736857835	1.3178074317760806	3	3.0276201564422562	0.6285157337788916
0.3333333333333333	2.036679983293774	1.3631922626462625	3	3.7332055792733696	0.707297594090047
0.20588235294117646	1.3174562786574757	1.3903280584542548	2	2.913666690052907	0.626984126984127
0.4215686274509804	1.8835225817056196	1.326687556680832	4	3.6317787658374323	0.6688319128736209
0.29901960784313725	1.3529876447520361	1.346398636608356	3	2.9984058892035295	0.6024677077308656
0.30392156862745096	1.9984823543600265	1.3558691095094328	3	3.6582730324969104	0.6812495680420209
0.17647058823529413	1.2601598352568546	1.3848927319055968	2	2.8215231553977453	0.5879120879120878
0.28431372549019607	2.054344081756781	1.3401488709440006	3	3.6788066781909774	0.7379297299853407
0.16176470588235295	1.3439524263519864	1.3894784386461676	2	2.895195570880507	0.6729323308270676
0.16666666666666666	2.312194490763972	1.3927533405486108	2	3.871614497979249	0.7911051212938005
0.03431372549019608	1.1492615889615745	1.0	1	2.1835753144517707	0.7142857142857143
0.8676470588235294	1.9990264024244195	1.26105200149939	8	4.127725462747339	0.6920831927537703
0.7450980392156863	1.7881548324041407	1.2457799579137474	7	3.7790328295335742	0.6669630019611821
0.7647058823529411	2.064795422236137	1.2593545098796404	7	4.088855814468719	0.7007266563802487
0.6372549019607843	1.8297400938477646	1.2357721743543635	6	3.702767170162913	0.672860344393309
0.7696078431372549	2.0887361625490315	1.2616101469980003	7	4.119954152684286	0.7250181543559572
0.6470588235294118	1.8576709575461416	1.2423798278158587	6	3.747109608891412	0.7012004253649688
0.6666666666666666	2.1804183123501373	1.2597084327813894	6	4.1067934117981935	0.7405913555205466
0.5392156862745098	1.9214764963068904	1.2275725655637937	5	3.688264748145194	0.7151247209642785
0.75	2.072365750148854	1.2632712568798172	7	4.085637007028671	0.7138547146210888
0.6274509803921569	1.8385721430792683	1.2458076571745242	6	3.711830780645949	0.6881764123409557
0.6372549019607843	2.1613194978832633	1.2559533905462341	6	4.054527790390281	0.7275673424965334
0.5098039215686274	1.8985579189466422	1.2235934154972443	5	3.631955256012514	0.6994959053354628
0.6127450980392157	2.189250361581641	1.245934899907599	6	4.047930359528456	0.7559074234681934
0.49019607843137253	1.9320749553846948	1.2137403217829783	5	3.636011355599045	0.7335040025014548
0.5	2.319371781149489	1.2264452701604642	5	4.045817051309953	0.7807731186881479
0.37254901960784315	2.0304328782952688	1.158507875742944	4	3.5614897736460556	0.7589852662847132
0.7205882352941176	2.0867871874563786	1.258958354654743	7	4.066333777405239	0.6714717008095037
0.5980392156862745	1.8553971532713798	1.2343391547275815	6	3.687775523685236	0.6387295628941063
0.6127450980392157	2.1781445080753756	1.2470399122852054	6	4.037929518399797	0.678120493049684
0.4852941176470588	1.9187479311771765	1.2020775391079426	5	3.606119587932178	0.6401596859992434
0.6225490196078431	2.2060753717737525	1.2565528690869565	6	4.085177260468552	0.7064605740213439
0.5	1.9522649676152295	1.2215216165542562	5	3.6737865841694854	0.6741677831652354
0.5147058823529411	2.3395617933800237	1.238059101210613	5	4.092326776943578	0.7214368993519286
0.3872549019607843	2.0556703935834366	1.164288162496928	4	3.607213458041149	0.684814992114439
0.6029411764705882	2.186976557306879	1.260505179166229	6	4.050422912943696	0.693436560997331
0.4803921568627451	1.9293463902549806	1.229103494959348	5	3.6388420420770737	0.6585389675364197
0.4852941176470588	2.3166432160197745	1.2348666722249735	5	4.036804005891807	0.7058080837231129
0.35784313725490197	2.027022171883126	1.1617231363311666	4	3.5465884454691947	0.6652789725784194
0.46568627450980393	2.350160252457828	1.2293715335210922	5	4.045218060488724	0.7398161808891048
0.3431372549019608	2.068918467430692	1.1611889755641756	4	3.573244697896828	0.7077890940359093
0.3480392156862745	2.553039499636685	1.166604851540087	4	4.067683566863047	0.7668754892692757
0.22058823529411764	2.2456768686601234	0.9704208203506265	3	3.4366859243048675	0.7331924762584054
0.75	1.7710604177245626	1.2468967104171425	7	3.7679571281417052	0.6693716731775611
0.6274509803921569	1.4870492552509276	1.2215940852130944	6	3.3360943208561786	0.6362795306568401
0.6470588235294118	1.8097966100549228	1.2389630559008482	6	3.695818489485183	0.6756704608124178
0.5196078431372549	1.4767304535526333	1.1961741031586375	5	3.1925123998485256	0.637219647314524
0.6519607843137255	1.8377274737533	1.2438960625416906	6	3.733584320608716	0.7040105417840776
0.5294117647058824	1.5102474899906861	1.2087482553635875	5	3.248407510060156	0.6712277444805158
0.5490196078431373	1.8975443157554803	1.2322880597151395	5	3.678851983313757	0.718496860667209
0.4215686274509804	1.503148546552758	1.165022841049856	4	3.0897400150535947	0.6811399437585396
0.6323529411764706	1.8186286592864265	1.2469508224199395	6	3.697932422882836	0.6909865287600647
0.5098039215686274	1.4873289126304376	1.2149838084671445	5	3.2121166426662096	0.6555989288517001
0.5196078431372549	1.8746257383952318	1.2277493054279653	5	3.6219828869604522	0.7028680450383933
0.39215686274509803	1.4745003248524475	1.1602139393815365	4	3.0268711269790822	0.66160392422252
0.4950980392156863	1.9081427748332846	1.2153842414827203	5	3.618625055531691	0.7368761422043852
0.37254901960784315	1.5163966204000134	1.1482299032122731	4	3.0371755432201297	0.7041140456800099
0.38235294117647056	2.000517652606006	1.1653163120135097	4	3.548186905795986	0.7632004409133764
0.2549019607843137	1.5089810726192183	0.9885499033882398	3	2.752432936791772	0.7282924117838728
0.6029411764705882	1.8354536694785386	1.2361627317810415	6	3.6745575777301687	0.6415396793132151
0.4803921568627451	1.507518924860972	1.1906560135110387	5	3.178567095234756	0.5962627095154808
0.4950980392156863	1.8948157506257661	1.2072540467507302	5	3.597167836592183	0.643531825702174
0.36764705882352944	1.4997378401406154	1.1124790765898813	4	2.979863975554026	0.5874336500522458
0.5049019607843137	1.9283327870638192	1.224186153966065	5	3.6574209018141977	0.6775399228681659
0.38235294117647056	1.5416341356881813	1.1493236590215838	4	3.0733107358862357	0.6299437715097357
0.39705882352941174	2.025755167894174	1.1727976282876056	4	3.595611619711191	0.6890301667431022
0.2696078431372549	1.5426310930034421	0.9763603392772371	3	2.7885992754179343	0.6293987128901739
0.4852941176470588	1.9054142097035704	1.2312084281505313	5	3.621916755501161	0.6619111072393503
0.3627450980392157	1.5129859139878707	1.1637831381393324	4	3.039514150166419	0.6104077519737161
0.36764705882352944	1.9971069461938635	1.1692999284208019	4	3.5340539334381953	0.6694941472070826
0.24019607843137256	1.5044334640696946	0.97487631716424	3	2.7195058596653072	0.6033506868421479
0.3480392156862745	2.039003241741429	1.1645791506021796	4	3.5516216080298832	0.7120042686645724
0.22549019607843138	1.5602951914664491	0.9826835690059513	3	2.768468956550832	0.6600308487854678
0.23039215686274508	2.2057899010744397	0.9853383106352939	3	3.421520368572479	0.738812709096623
0.09803921568627451	1.5711211553284747	0.15480556894787928	2	1.8239659399626287	0.6742567994939911
0.8676470588235294	2.0583351723717276	1.2766478413863012	7	4.202630072581558	0.718123088637362
0.7450980392156863	1.82220313567262	1.2709044223541406	6	3.838205597242447	0.6931561820266079
0.7647058823529411	2.1449504904766155	1.2900922830514336	6	4.19974865588099	0.7325471121821856
0.6372549019607843	1.8789151100586643	1.2843560745608527	5	3.8005260865803008	0.7054716289582452
0.7696078431372549	2.1728813541749927	1.2920352507757635	6	4.2345244480880115	0.7608871931538455
0.6470588235294118	1.9124321464967171	1.2924451683910338	5	3.851936138417163	0.7394797261242372
0.6666666666666666	2.2997289722615113	1.3187133077568944	5	4.285108946685073	0.7867488423109303
0.5392156862745098	2.005879367185297	1.3282118055800092	4	3.8733068590398156	0.7664549208131912
0.75	2.153782539708119	1.2947480351339178	6	4.198530574842037	0.7478631801298323
0.6274509803921569	1.8895135691364686	1.298167758214449	5	3.8151323077430748	0.7238509104954215
0.6372549019607843	2.276810394901263	1.3136615901895783	5	4.227726887051626	0.7711200266821147
0.5098039215686274	1.9772311454849865	1.322547965111454	4	3.809583032165068	0.7469189012771716
0.6127450980392157	2.310327431339316	1.2968114678695644	5	4.219883997248096	0.8051281238481066
0.49019607843137253	2.0191274410325524	1.3030888316509086	4	3.8124123511148333	0.7894290227346615
0.5	2.503248473238545	1.3247224654759926	4	4.327970938714538	0.848515417968028
0.37254901960784315	2.1792888334626035	1.3456559792343292	3	3.897493832304776	0.8420457145234084
0.7205882352941176	2.170607549900231	1.2896807122418232	6	4.180876497436172	0.6984163306829829
0.5980392156862745	1.909703581367003	1.2824211148785485	5	3.790163911931826	0.6645146911592021
0.6127450980392157	2.2970004071317973	1.3017474831325488	5	4.2114929883035614	0.7117838073458953
0.4852941176470588	2.0024686607731543	1.2891150216868075	4	3.7768778001070205	0.6727486271068974
0.6225490196078431	2.33051744356985	1.3141945319731145	5	4.267260995150808	0.7457919045118873
0.5	2.0443649563207202	1.3184845068272282	4	3.862849463147948	0.7152587485643873
0.5147058823529411	2.528485988526713	1.3465057011170973	4	4.389697571996751	0.7743451437977538
0.3872549019607843	2.2129388538468273	1.3620702538573435	3	3.9622640096649553	0.7431520156297096
0.6029411764705882	2.3075988662096014	1.3207038428774394	5	4.231243885557629	0.7301630888830716
0.4803921568627451	2.0157167346204097	1.3320890471447415	4	3.8281979386278966	0.6957227290283678
0.4852941176470588	2.4998377668264022	1.3421530624500582	4	4.32728494692352	0.7548091242617343
0.35784313725490197	2.1747412249130798	1.3588763541438753	3	3.8914607163118573	0.7171039895816834
0.46568627450980393	2.541734062373968	1.3299571873401541	4	4.3373775242239265	0.7973192457192242
0.3431372549019608	2.2306029523098343	1.351733411403023	3	3.9254736186148182	0.7737841515250032
0.3480392156862745	2.8760976619178247	1.3634826030800609	3	4.58761948068416	0.8525660118361585
0.22058823529411764	2.576582796593552	1.4041197530455505	2	4.201290784933221	0.8448867536032945
0.7401960784313726	1.8022596518797787	1.2691544456631896	6	3.811610175974341	0.6959662984457167
0.6176470588235294	1.46768610374246	1.2578435636378282	5	3.3431767262038177	0.6615746524744825
0.6372549019607843	1.8549829295072542	1.2841722515870235	5	3.776410083055062	0.7088437686611757
0.5098039215686274	1.4499468137424754	1.2701760501563155	4	3.229926785467418	0.669073578750998
0.6421568627450981	1.8884999659453068	1.289749375186226	5	3.8204062038766304	0.7428518658271678
0.5196078431372549	1.4918431092900413	1.288095659894464	4	3.29954661232176	0.7115837002084879
0.5392156862745098	1.975964141496034	1.3277873870096584	4	3.8429672147802023	0.7706700954418544
0.4117647058823529	1.4762430578059222	1.345339787733234	3	3.2333475514215095	0.7382519511551768
0.6225490196078431	1.8655813885850585	1.294912360789016	5	3.7830427689819177	0.7272230501983521
0.5	1.4631948875897307	1.299456324709419	4	3.26265121229915	0.6920476806724684
0.5098039215686274	1.9473159197957235	1.321190872840061	4	3.7783107142044123	0.7511340759058348
0.38235294117647056	1.438045428872175	1.3376581370146494	3	3.1580565070632947	0.7122039251071508
0.4852941176470588	1.9892122153432894	1.2975451223278844	4	3.7720514553182323	0.7936441973633247
0.3627450980392157	1.4939071562689294	1.307615443469252	3	3.1642676977773974	0.7688840870504707
0.37254901960784315	2.13940186587692	1.3427057007969403	3	3.8546565862817035	0.8476659473616259
0.24509803921568626	1.4715391025321947	1.403907532468493	2	3.120544674216374	0.8375366568914955
0.5931372549019608	1.885771400815593	1.280186335165182	5	3.759094990882736	0.6678868308621327
0.47058823529411764	1.4884324028778986	1.2613368503400988	4	3.220357488512115	0.6178774065021941
0.4852941176470588	1.9725534350838916	1.2894589589355263	4	3.7473065116664768	0.6769638017355606
0.35784313725490197	1.4716954492563987	1.2470421125463849	3	3.0765806990576854	0.613310226213452
0.4950980392156863	2.0144497306314575	1.3146418270243156	4	3.8241895968714594	0.7194739231930506
0.37254901960784315	1.5275571766531533	1.31465665620292	3	3.2147628524639167	0.6699903881567718
0.3872549019607843	2.1730518862611437	1.3625220344601783	3	3.9228288226821064	0.7487722484679271
0.25980392156862747	1.5220141331085304	1.381899943480623	2	3.1637179981577805	0.6891961085509473
0.47549019607843135	1.985801508931147	1.3273136936407868	4	3.788605398650365	0.699937903657031
0.35294117647058826	1.489359547719406	1.3455117670564718	3	3.187812491246466	0.6439423621087457
0.35784313725490197	2.134854257327396	1.3574627873446257	3	3.850160181926924	0.7227242224199011
0.23039215686274508	1.4647176897079093	1.383256334995795	2	3.0783661815664494	0.6501240694789081
0.3382352941176471	2.1907159847241506	1.3419466105005105	3	3.8708978893423085	0.7794043843632209
0.21568627450980393	1.548510280803041	1.388454226900317	2	3.152650782213162	0.7351443123938879
0.22058823529411764	2.5167523452150267	1.39917077096399	2	4.136511351473135	0.8533171028606208
0.08823529411764706	1.5583772978636838	1.0	1	2.646612591981331	0.8387096774193548
0.8578431372549019	2.0619762745045245	1.2758972338657273	7	4.195716645625154	0.718123088637362
0.7352941176470589	1.8264510881608835	1.2696623837566692	6	3.831407589564612	0.6931561820266079
0.7549019607843137	2.149198442964879	1.2879523202380079	6	4.192052723987201	0.7325471121821856
0.6274509803921569	1.8840126530445809	1.2808593482377115	5	3.7923229816744493	0.7054716289582452
0.7598039215686274	2.177129306663256	1.2907636860767433	6	4.227696914308627	0.7608871931538455
0.6372549019607843	1.9175296894826332	1.2902510392395015	5	3.845035630682919	0.7394797261242372
0.6568627450980392	2.304826515247428	1.3151722922814304	5	4.276861552626897	0.7867488423109303
0.5294117647058824	2.012251295917692	1.321832142949232	4	3.863495203572806	0.7664549208131912
0.7401960784313726	2.158030492196383	1.2929988138102755	6	4.191225384438031	0.7478631801298323
0.6176470588235294	1.894611112122385	1.2952571441259833	5	3.807515315071898	0.7238509104954215
0.6274509803921569	2.281907937887179	1.3094040897771808	5	4.218763008056516	0.7711200266821147
0.5	1.9836030742173818	1.314974160919121	4	3.798577235136503	0.7469189012771716
0.6029411764705882	2.315424974325232	1.2938565646287756	5	4.212222715424597	0.8051281238481066
0.4803921568627451	2.0254993697649475	1.2976860227445908	4	3.8035775493722834	0.7894290227346615
0.49019607843137253	2.50962040197094	1.3170748460297885	4	4.316891326432101	0.848515417968028
0.3627450980392157	2.1877847384391305	1.32940479999858	3	3.8799346364769263	0.8420457145234084
0.7107843137254902	2.1748555023884943	1.2884279232943632	6	4.174067739408348	0.6984163306829829
0.5882352941176471	1.914801124352919	1.280255149354356	5	3.783291567824922	0.6645146911592021
0.6029411764705882	2.3020979501177137	1.2982346312844246	5	4.203273757872727	0.7117838073458953
0.47549019607843135	2.0088405895055494	1.2827822984349297	4	3.7671130840189107	0.6727486271068974
0.6127450980392157	2.335614986555766	1.3119842772965993	5	4.2603443618915815	0.7457919045118873
0.49019607843137253	2.050736885053116	1.3143227788613656	4	3.8552557423458538	0.7152587485643873
0.5049019607843137	2.5348579172591084	1.3400991626113485	4	4.379859040654771	0.7743451437977538
0.37745098039215685	2.2214347588233543	1.348301236502505	3	3.947186975718016	0.7431520156297096
0.5931372549019608	2.312696409195518	1.3177771032639902	5	4.223610767361469	0.7301630888830716
0.47058823529411764	2.022088663352805	1.3267331776173228	4	3.819410076264245	0.6957227290283678
0.47549019607843135	2.5062096955587974	1.3345523823827534	4	4.316252274019982	0.7548091242617343
0.3480392156862745	2.183237129889607	1.342719053665925	3	3.8739953992418066	0.7171039895816834
0.45588235294117646	2.5481059911063637	1.3245275025588643	4	4.328515846606405	0.7973192457192242
0.3333333333333333	2.2390988572863617	1.3399181014971024	3	3.9123502921167974	0.7737841515250032
0.3382352941176471	2.884593566894352	1.3471776720943673	3	4.570006533106366	0.8525660118361585
0.2107843137254902	2.5893266540583433	1.3523371390584493	2	4.152448106842283	0.8448867536032945
0.7401960784313726	1.8065076043680424	1.2715557694001929	6	3.818259452199608	0.6959662984457167
0.6176470588235294	1.4727836467283761	1.261158767140331	5	3.351589472692236	0.6615746524744825
0.6372549019607843	1.8600804724931705	1.2861405687655945	5	3.783475943219549	0.7088437686611757
0.5098039215686274	1.4563187424748707	1.2729786086155974	4	3.2391012726590955	0.669073578750998
0.6421568627450981	1.8935975089312234	1.2930202895364058	5	3.8287746612127274	0.7428518658271678
0.5196078431372549	1.4982150380224366	1.2930692136397608	4	3.3108920947994527	0.7115837002084879
0.5392156862745098	1.9823360702284294	1.330516130215069	4	3.8520678867180083	0.7706700954418544
0.4117647058823529	1.4847389627824494	1.3498413338007138	3	3.246345002465516	0.7382519511551768
0.6225490196078431	1.8706789315709749	1.297466790202262	5	3.7906947413810803	0.7272230501983521
0.5	1.469566816322126	1.30323573689316	4	3.272802553215286	0.6920476806724684
0.5098039215686274	1.9536878485281188	1.3227254744839156	4	3.786217244580662	0.7511340759058348
0.38235294117647056	1.446541333848702	1.3397713999590177	3	3.16866567498419	0.7122039251071508
0.4852941176470588	1.9955841440756847	1.301250719257754	4	3.782128980980498	0.7936441973633247
0.3627450980392157	1.5024030612454566	1.31407069698565	3	3.1792188562703223	0.7688840870504707
0.37254901960784315	2.147897770853447	1.3446713332335654	3	3.865118123694855	0.8476659473616259
0.24509803921568626	1.4842829599969853	1.406936608748347	2	3.1363176079610184	0.8375366568914955
0.5931372549019608	1.8908689438015096	1.2834854131427018	5	3.7674916118461725	0.6678868308621327
0.47058823529411764	1.494804331610294	1.2663573434642952	4	3.2317499103687064	0.6178774065021941
0.4852941176470588	1.978925363816287	1.2922346415198358	4	3.7564541229831816	0.6769638017355606
0.35784313725490197	1.480191354232926	1.2516375373716635	3	3.0896720288594914	0.613310226213452
0.4950980392156863	2.020821659363853	1.3195885048946405	4	3.8355082034741796	0.7194739231930506
0.37254901960784315	1.5360530816296805	1.3235940716002284	3	3.232196172837752	0.6699903881567718
0.3872549019607843	2.1815477912376706	1.3669698287777141	3	3.935772521976169	0.7487722484679271
0.25980392156862747	1.5347579905733213	1.3923755054032085	2	3.186937417545157	0.6891961085509473
0.47549019607843135	1.9921734376635423	1.3310662299495555	4	3.7987298636915288	0.699937903657031
0.35294117647058826	1.497855452695933	1.3520608993306686	3	3.20285752849719	0.6439423621087457
0.35784313725490197	2.1433501623039235	1.3595222985390496	3	3.860715598097875	0.7227242224199011
0.23039215686274508	1.4774615471727002	1.3865670475490455	2	3.094420751584491	0.6501240694789081
0.3382352941176471	2.199211889700678	1.3483481122669643	3	3.8857952960852895	0.7794043843632209
0.21568627450980393	1.561254138267832	1.404790911169657	2	3.181731323947293	0.7351443123938879
0.22058823529411764	2.529496202679818	1.4020385919940117	2	4.152123029967948	0.8533171028606208
0.08823529411764706	1.5838650127932654	1.0	1	2.672100306910912	0.8387096774193548
0.7794117647058824	2.1416614847897346	1.2299197404838367	6	4.1509929899794535	0.6980253238403631
0.6568627450980392	1.8749683032344073	1.2101928544421336	5	3.74202390277458	0.6640454829480584
0.6764705882352942	2.2622651289992017	1.2379029910817057	5	4.176638708316202	0.7113145991347516
0.5490196078431373	1.9590495631074094	1.2117295302696778	4	3.719798701220225	0.6721621168429679
0.6813725490196079	2.2957821654372546	1.240297653477748	5	4.2174523679346105	0.7453226963007435
0.5588235294117647	2.0009458586549753	1.2243450380025591	4	3.7841144260692987	0.7146722383004578
0.5784313725490197	2.4850668908609683	1.266339179601715	4	4.329837443011703	0.7737586335338242
0.45098039215686275	2.155046723625835	1.259781201495129	3	3.8658083172778266	0.74237000194447
0.6617647058823529	2.272863588077006	1.2442311908634627	5	4.178859484822821	0.7296938806719279
0.5392156862745098	1.9722976369546648	1.2336566224557228	4	3.7451699456848973	0.6951362187644382
0.5490196078431373	2.4564186691606578	1.2576935850703261	4	4.263131862074121	0.7542226139978047
0.4215686274509804	2.1168490946920873	1.2480013900529616	3	3.786419112196029	0.7163219758964439
0.5245098039215687	2.4983149647082237	1.2287437325528827	4	4.251568501182675	0.7967327354552945
0.4019607843137255	2.172710822088842	1.2073504924970306	3	3.782022098899598	0.7730021378397638
0.4117647058823529	2.8182055316968317	1.247045578792641	3	4.477015816371826	0.8517839981509191
0.28431372549019607	2.489744601262063	1.2289406521889439	2	4.0029989789412035	0.8437137330754352
0.6323529411764706	2.29305360030754	1.2388309654241079	5	4.164237506908119	0.6703576613357085
0.5098039215686274	1.9975351522428326	1.2110801483938667	4	3.718419222205327	0.620965944594164
0.5245098039215687	2.4816561844488256	1.2415046714732554	4	4.247670659843649	0.6800523398275304
0.39705882352941174	2.150499115076311	1.1884713661996251	3	3.736029304805348	0.617428277002745
0.5343137254901961	2.5235524799963915	1.2613834375567778	4	4.319249643043365	0.7225624612850203
0.4117647058823529	2.2063608424730656	1.2454777058456261	3	3.8636032542010446	0.674108438946065
0.4264705882352941	2.8518555520810556	1.297947913070807	3	4.576274053387157	0.7528902992572202
0.29901960784313725	2.540219631838399	1.3001910650458577	2	4.1394303047273935	0.6953731847348869
0.5147058823529411	2.494904258296081	1.2720062238114573	4	4.281616364460479	0.7030264417490009
0.39215686274509803	2.168163213539318	1.2722346559755953	3	3.8325547322600113	0.6480604128980387
0.39705882352941174	2.8136579231473084	1.2887905052316715	3	4.499507251908391	0.7268422732091941
0.2696078431372549	2.482923188437778	1.289252974390281	2	4.041784005965313	0.6563011456628478
0.37745098039215685	2.869519650544063	1.2626661243770225	3	4.509636755313243	0.783522435152514
0.2549019607843137	2.5667157795329096	1.2626262542632014	2	4.084243994580425	0.7413213885778276
0.25980392156862747	3.534957843944895	1.2871572852306419	2	5.0819190507441645	0.8594941790445605
0.1323529411764706	3.5947882953234207	1.0	1	4.727141236499891	0.851063829787234
0.6519607843137255	1.8510361226829974	1.2080627876138625	5	3.7110596946105856	0.667417622650989
0.5294117647058824	1.4450133052121539	1.1701529330888423	4	3.1445780030068784	0.6172908962382646
0.5490196078431373	1.9291343374181469	1.2122479889935558	4	3.69040193425484	0.6763772914716311
0.4215686274509804	1.4138033190354058	1.1506641633309942	3	2.9860361098173804	0.6125282125282125
0.553921568627451	1.9710306329657128	1.220676879674806	4	3.74562908126797	0.718887412929121
0.43137254901960786	1.4696650464321603	1.1847707521724502	3	3.0858083476242184	0.6692083744715323
0.45098039215686275	2.1151597560401507	1.2605820250482818	3	3.8267221732452956	0.7479902347826877
0.3235294117647059	1.4351759377770414	1.2502118872505856	2	3.0089172367923327	0.688023088023088
0.5343137254901961	1.9423824112654022	1.229055790426927	4	3.7057519271825257	0.6993513933931014
0.4117647058823529	1.431467417498413	1.2070399512973031	3	3.050272074678069	0.6431603484235062
0.4215686274509804	2.076962127106403	1.2469368662040299	3	3.7454676207614135	0.7219422087346615
0.29411764705882354	1.3778794943764203	1.22581054357966	2	2.8978076850149037	0.6489510489510488
0.39705882352941174	2.1328238545031577	1.1979127345448357	3	3.727795412577405	0.7786223706779813
0.27450980392156865	1.4616720854715521	1.1304845710389462	2	2.866666460432067	0.7339712918660286
0.28431372549019607	2.4299141498835377	1.2250387989583373	2	3.939266674332071	0.8521440823327615
0.1568627450980392	1.3847009072007055	1.0	1	2.541563652298745	0.8363636363636363
0.5049019607843137	1.9676199265535703	1.2081803458851827	4	3.6807022332230668	0.6251811192228272
0.38235294117647056	1.4651174378826368	1.13813686555462	3	2.9856072446137274	0.5442666495298074
0.39705882352941174	2.1106121474906274	1.1908089013909169	3	3.6984798724109558	0.6230485098409626
0.2696078431372549	1.428354524952756	0.9759700591627367	2	2.6739324272527476	0.5006105006105006
0.4068627450980392	2.166473874887382	1.2394420069336551	3	3.8127786269190764	0.6797286717842825
0.28431372549019607	1.5121471160478879	1.1736157982278195	2	2.970076639765903	0.5856307435254804
0.29901960784313725	2.4803891804598734	1.3064953889359219	2	4.085904177238932	0.7038035339922133
0.1715686274509804	1.4856509683533772	1.0	1	2.6572195958043574	0.5396825396825397
0.3872549019607843	2.1282762459536344	1.2643336096615396	3	3.7798647575759583	0.6536806457362565
0.2647058823529412	1.4548506726472668	1.2648247392733034	2	2.9843812942735113	0.5465587044534412
0.2696078431372549	2.4230927370592523	1.2899612560740914	2	3.9826618362705988	0.6647314949201741
0.14215686274509803	1.371058081552135	1.0	1	2.513214944297233	0.46153846153846145
0.25	2.506885328154384	1.2382148336372238	2	3.995100161791608	0.7497517378351539
0.12745098039215685	1.5386432637423986	1.0	1	2.6660942441345554	0.631578947368421
0.1323529411764706	3.4751273925663697	1.0	1	4.60748033374284	0.8679245283018868
best score
2	5.0819190507441645	0.8594941790445605
0.8679245283018868
1