coverage		internal		external		size		score		f1
0.9702970297029703	2.6394429603495313	0.9195806119532416	4	4.529320602005743	0.5478823780247196
0.6336633663366337	2.767936694164817	1.0570423667640843	3	4.458642427265535	0.5547603556712211
0.8316831683168316	2.2036998018076495	0.8344440054065237	3	3.8698269755310046	0.52872960794236
0.2376237623762376	2.1785688232596363	0.8296784136494945	2	3.2458709992853683	0.4736499674690957
0.9405940594059405	2.7693111288968275	0.9610877762802031	3	4.670992964582971	0.6828907897472452
0.5841584158415841	3.026985813893403	1.3052245935581477	2	4.916368823293135	0.7378009108653221
0.801980198019802	2.1806304753576518	0.9053357664253427	2	3.8879464398027963	0.6987547892720307
0.1782178217821782	2.107299191811628	1.0	1	3.2855170135938065	0.7586206896551725
0.9504950495049505	2.8168242165288326	0.8257482993621545	3	4.593067565395938	0.477636274147902
0.4752475247524752	3.0982554453414117	1.0362240930846105	2	4.6097270631784975	0.4528301886792452
0.8118811881188119	2.25190010680566	0.7683178361447341	2	3.832099131069206	0.41378406708595383
0.07920792079207921	2.2498384547076444	1.0	1	3.3290463754997237	0.18867924528301883
0.9207920792079208	3.1003170974394267	0.672702968857119	2	4.693812145504467	0.6450258397932815
0.40594059405940597	3.9466724359751786	1.0	1	5.352613030034584	0.7169811320754716
0.7821782178217822	2.2539617589036753	1.0	1	4.036139976725457	0.6388888888888888
best score
1	5.352613030034584	0.7169811320754716
0.7586206896551725
1